70 50
TREE NETWORK (nID nID Weight):
54 0 33
32 54 30
43 32 40
37 43 50
8 0 56
9 32 48
41 43 52
52 43 38
57 37 59
1 0 56
46 9 44
38 46 38
42 8 44
36 37 55
69 9 41
51 37 36
26 52 37
28 41 40
5 52 45
20 0 47
7 42 41
4 51 34
15 54 33
50 41 55
68 36 49
13 36 58
59 46 49
47 5 58
22 51 46
39 46 38
16 57 43
63 39 50
61 38 45
33 37 50
62 38 47
25 43 33
66 28 47
14 50 59
65 16 35
44 65 35
60 13 40
2 8 35
53 33 36
21 8 42
23 53 59
45 2 36
55 53 47
67 26 31
58 69 48
24 32 41
17 39 38
56 62 46
11 36 31
64 58 40
35 51 35
10 47 30
19 68 57
29 69 43
3 54 37
48 11 51
27 23 42
49 57 30
31 4 44
18 64 48
6 13 59
12 37 41
34 23 53
30 5 30
40 11 49
PROGRAMS ASSIGNED TO NODES (nID pID1 pID2 ...):
0 1 2 3 4 5 6 7 8 9 10 11 12 13 14 15 16 17 18 19 20 21 22 23 24 25 26 27 28 29 30 31 32 33 34 35 36 37 38 39 40 41 42 43 44 45 46 47 48 49 50
1 1 2 3 4 5 6 8 10 11 12 13 14 15 16 17 18 19 21 22 23 24 25 26 27 28 29 30 31 32 33 34 35 36 37 38 39 40 41 42 43 44 46 47 48 49
2 1 4 37 6 39 7 8 41 44 19 22 23 27 28
3 34 3 35 4 6 7 8 40 10 42 45 46 15 48 49 50 20 21 23 26 27 29 31
4 1 2 3 4 5 6 7 8 9 11 12 13 14 16 17 18 19 21 22 24 25 26 28 29 30 31 32 33 34 35 36 38 39 40 42 43 44 45 46 47 48 49 50
5 1 34 3 5
6 1 3 4 6 7 8 11 12 14 16 17 18 19 21 23 25 26 28 29 32 33 35 37 38 39 40 41 42 45 46 47 49 50
7 5
8 48 18 34 8
9 3 5 7 8 10 13 14 15 16 18 21 23 24 25 30 31 32 36 38 41 42 46 48 49 50
10 13
11 1 2 34 36 5 6 38 8 41 42 11 44 14 48 49 17 21 22 24 28 29
12 13
13 1 3 5 6 7 9 11 12 14 15 17 18 20 22 23 24 25 26 27 28 29 31 34 35 36 37 38 39 40 41 43 44 45 47 48 50
14 1 2 6 7 8 9 10 11 12 13 16 17 18 19 20 21 23 24 26 29 30 31 32 34 35 40 42 43 44 45 46 47 48 49 50
15 1 2 5 6 7 8 9 10 11 12 14 15 16 17 20 21 23 24 26 27 29 30 31 34 35 36 37 38 39 41 42 43 44 45 46 47 49 50
16 1 2 5 6 7 8 10 11 12 13 14 15 16 18 20 21 23 31 33 34 35 36 37 39 40 44 48 49 50
17 1 2 3 4 5 6 7 9 10 11 12 13 15 16 17 19 20 21 22 23 24 25 26 27 28 29 30 31 32 34 35 36 37 38 39 40 41 42 43 44 46 47 48 49 50
18 1 3 4 5 6 7 9 10 13 14 15 17 18 19 20 21 23 24 25 26 27 28 31 32 33 34 35 36 39 40 41 42 43 44 45 46 48 49 50
19 1 2 3 6 7 9 12 13 15 16 17 19 20 21 22 24 25 26 27 29 31 34 35 36 37 38 40 42 43 44 46 48 49 50
20 32 33 2 6 39 10 43 45 47 18 50 19 20 26 28
21 18 25 29 47
22 2 4 6 7 8 9 10 11 12 13 14 15 16 17 18 19 20 21 23 24 25 26 28 29 30 31 32 33 35 36 38 39 41 42 43 44 45 46 47 48 49
23 2 35 39 13 29 46 30
24 48 33 35 24 40 25 44
25 1 2 3 4 5 6 7 8 9 10 11 12 13 14 15 16 17 18 20 21 22 23 24 25 26 27 28 29 30 31 32 33 34 35 37 38 39 40 41 42 43 44 45 46 47 48 49 50
26 3 4 11 12 13 15 16 17 18 20 22 26 27 35 36 38 39 40 42 43 44 45 47 48 49 50
27 17 33 49 50 35 4 37 39 23 43 47
28 1 2 3 4 5 6 7 8 9 10 11 12 13 14 15 16 17 18 19 20 21 22 23 24 25 26 27 28 29 30 31 32 33 35 36 37 38 39 40 41 42 43 44 45 46 47 48 49 50
29 2 4 36 38 6 8 9 10 47 18 23 27 29
30 1 2 3 5 6 7 8 9 10 11 12 14 17 18 19 22 23 25 27 28 29 30 31 33 35 37 38 39 40 41 42 43 45 46 47 50
31 33 2 36 5 40 41 43 11 47 48 49 19 25 30
32 1 2 3 4 5 6 7 9 10 11 13 14 15 16 18 20 21 22 23 24 25 26 27 28 29 30 31 32 33 34 35 36 37 38 39 40 41 42 43 44 45 46 47 48 49 50
33 1 2 5 6 8 18 19 23 25 27 29 30 32 33 34 35 36 37 38 39 40 42 44 46 48 49
34 16 34 37 38 39 26 27 43 12 29 14 30
35 48 50 34 3 37 38 7 40 8 11 12 30
36 2 4 5 6 7 8 9 10 11 13 14 15 16 17 18 19 20 22 23 24 25 26 27 28 30 31 32 33 34 36 37 38 39 40 41 42 43 44 45 46 47 50
37 1 3 6 7 11 12 13 14 15 22 23 24 25 26 29 30 31 33 36 38 40 41 45 46 50
38 1 3 4 5 6 7 8 9 11 12 15 18 19 22 24 26 27 29 30 31 32 33 34 35 36 37 38 39 40 43 44 46 47 49 50
39 4 5 6 11 12 13 14 15 16 17 18 19 20 22 23 25 26 28 29 30 32 33 35 36 37 38 39 40 41 43 44 45 46 47 49
40 3 25 43
41 1 3 4 5 6 7 8 9 10 11 12 13 14 15 16 17 18 21 22 23 25 27 28 29 30 31 32 33 34 35 36 37 38 39 41 42 43 44 45 46 47 49
42 16 1 19 39 24 13
43 32 3 4 42 45 29 14
44 1 3 4 5 6 12 15 16 18 20 21 22 23 24 25 26 27 29 30 31 32 34 35 36 37 38 39 40 43 44 45 46 48 50
45 6 39 40 25 11 43 29 13 30
46 16 17 21 40 43 28 44 47 31
48 1 2 3 4 5 6 7 8 9 10 11 12 13 14 15 16 17 18 19 20 21 22 24 25 26 27 28 29 30 31 32 33 34 35 36 37 38 39 40 41 43 45 46 47 48 49 50
49 1 4 5 7 10 11 12 13 15 18 21 23 24 25 26 30 33 34 35 36 39 40 41 44 45 47
50 32 33 1 5 41 45 30 15
51 33 34 22 6 39 41 26 42 11 45 46 14
52 1 4 40 8 9 45 14
53 1 2 3 4 7 8 9 10 11 12 13 14 15 16 17 18 19 20 21 22 24 25 26 27 29 30 31 32 33 34 35 37 39 40 41 42 43 44 45 46 47 48 50
54 16 38 10 12 44 31
55 17 11 45
56 48 35 37 21 22 38 8 41 26 30 15
57 32 1 2 4 12 13 46 47 16 48 50 23 25 26 31
58 35 4 5 40 8 9 42 11 45 48 20 23 29
59 33 19 25
60 33 3 35 4 36 39 7 8 40 42 13 47 48 18 19 20 23 24 28 29
61 1 2 3 4 6 7 8 9 12 13 14 15 17 20 21 22 23 24 25 26 27 28 29 30 31 32 33 35 36 37 38 41 42 44 45 46 49
63 1 2 3 4 5 6 7 8 9 10 11 12 13 14 15 16 17 18 19 20 21 22 23 24 25 26 27 28 29 31 32 33 34 35 36 37 38 39 40 41 42 43 44 45 46 47 48 49 50
65 1 2 3 5 7 8 9 10 11 12 15 17 19 20 21 23 24 26 27 28 29 31 33 35 36 37 40 41 42 43 44 46 47 49 50
66 1 3 4 7 8 9 10 13 14 15 17 20 21 23 24 25 26 28 29 30 31 32 34 36 37 38 40 41 49
67 16
68 48 3 8 43 44 13 30 31
69 1 2 3 4 6 8 9 10 11 12 13 15 16 17 19 20 21 22 24 25 26 27 28 29 30 31 32 33 34 35 36 37 38 40 41 42 43 44 45 46 47 48 49 50
SIZE OF PROGRAMS (pID SIZE):
1 42.0
2 53.0
3 58.0
4 69.0
5 84.0
6 73.0
7 51.0
8 53.0
9 95.0
10 91.0
11 44.0
12 43.0
13 41.0
14 88.0
15 89.0
16 46.0
17 90.0
18 59.0
19 41.0
20 69.0
21 64.0
22 79.0
23 54.0
24 64.0
25 46.0
26 59.0
27 41.0
28 79.0
29 73.0
30 73.0
31 79.0
32 93.0
33 71.0
34 96.0
35 47.0
36 63.0
37 96.0
38 70.0
39 57.0
40 77.0
41 58.0
42 90.0
43 50.0
44 94.0
45 52.0
46 61.0
47 70.0
48 47.0
49 43.0
50 52.0
COST TO INSTALL SERVERS AND PROGRAMS ON NODES (COST_TO_INSTALL_SERVER COST_TO_INSTALL_pID1 ...):
0 7827.083333333333 0.875 1.1041666666666667 1.2083333333333333 1.4375 1.75 1.5208333333333333 1.0625 1.1041666666666667 1.9791666666666667 1.8958333333333333 0.9166666666666666 0.8958333333333334 0.8541666666666666 1.8333333333333333 1.8541666666666667 0.9583333333333334 1.875 1.2291666666666667 0.8541666666666666 1.4375 1.3333333333333333 1.6458333333333333 1.125 1.3333333333333333 0.9583333333333334 1.2291666666666667 0.8541666666666666 1.6458333333333333 1.5208333333333333 1.5208333333333333 1.6458333333333333 1.9375 1.4791666666666667 2.0 0.9791666666666666 1.3125 2.0 1.4583333333333333 1.1875 1.6041666666666667 1.2083333333333333 1.875 1.0416666666666667 1.9583333333333333 1.0833333333333333 1.2708333333333333 1.4583333333333333 0.9791666666666666 0.8958333333333334 1.0833333333333333
1 86.0 1.3125 1.65625 1.8125 2.15625 2.625 2.28125 1.59375 1.65625 2.96875 2.84375 1.375 1.34375 1.28125 2.75 2.78125 1.4375 2.8125 1.84375 1.28125 2.15625 2.0 2.46875 1.6875 2.0 1.4375 1.84375 1.28125 2.46875 2.28125 2.28125 2.46875 2.90625 2.21875 3.0 1.46875 1.96875 3.0 2.1875 1.78125 2.40625 1.8125 2.8125 1.5625 2.9375 1.625 1.90625 2.1875 1.46875 1.34375 1.625
2 7.660073051948052 1.3125 1.65625 1.8125 2.15625 2.625 2.28125 1.59375 1.65625 2.96875 2.84375 1.375 1.34375 1.28125 2.75 2.78125 1.4375 2.8125 1.84375 1.28125 2.15625 2.0 2.46875 1.6875 2.0 1.4375 1.84375 1.28125 2.46875 2.28125 2.28125 2.46875 2.90625 2.21875 3.0 1.46875 1.96875 3.0 2.1875 1.78125 2.40625 1.8125 2.8125 1.5625 2.9375 1.625 1.90625 2.1875 1.46875 1.34375 1.625
3 18.109991809991815 1.3125 1.65625 1.8125 2.15625 2.625 2.28125 1.59375 1.65625 2.96875 2.84375 1.375 1.34375 1.28125 2.75 2.78125 1.4375 2.8125 1.84375 1.28125 2.15625 2.0 2.46875 1.6875 2.0 1.4375 1.84375 1.28125 2.46875 2.28125 2.28125 2.46875 2.90625 2.21875 3.0 1.46875 1.96875 3.0 2.1875 1.78125 2.40625 1.8125 2.8125 1.5625 2.9375 1.625 1.90625 2.1875 1.46875 1.34375 1.625
4 415.9144170957945 0.875 1.1041666666666667 1.2083333333333333 1.4375 1.75 1.5208333333333333 1.0625 1.1041666666666667 1.9791666666666667 1.8958333333333333 0.9166666666666666 0.8958333333333334 0.8541666666666666 1.8333333333333333 1.8541666666666667 0.9583333333333334 1.875 1.2291666666666667 0.8541666666666666 1.4375 1.3333333333333333 1.6458333333333333 1.125 1.3333333333333333 0.9583333333333334 1.2291666666666667 0.8541666666666666 1.6458333333333333 1.5208333333333333 1.5208333333333333 1.6458333333333333 1.9375 1.4791666666666667 2.0 0.9791666666666666 1.3125 2.0 1.4583333333333333 1.1875 1.6041666666666667 1.2083333333333333 1.875 1.0416666666666667 1.9583333333333333 1.0833333333333333 1.2708333333333333 1.4583333333333333 0.9791666666666666 0.8958333333333334 1.0833333333333333
5 271.1817212782345 0.875 1.1041666666666667 1.2083333333333333 1.4375 1.75 1.5208333333333333 1.0625 1.1041666666666667 1.9791666666666667 1.8958333333333333 0.9166666666666666 0.8958333333333334 0.8541666666666666 1.8333333333333333 1.8541666666666667 0.9583333333333334 1.875 1.2291666666666667 0.8541666666666666 1.4375 1.3333333333333333 1.6458333333333333 1.125 1.3333333333333333 0.9583333333333334 1.2291666666666667 0.8541666666666666 1.6458333333333333 1.5208333333333333 1.5208333333333333 1.6458333333333333 1.9375 1.4791666666666667 2.0 0.9791666666666666 1.3125 2.0 1.4583333333333333 1.1875 1.6041666666666667 1.2083333333333333 1.875 1.0416666666666667 1.9583333333333333 1.0833333333333333 1.2708333333333333 1.4583333333333333 0.9791666666666666 0.8958333333333334 1.0833333333333333
6 359.96955214580925 0.875 1.1041666666666667 1.2083333333333333 1.4375 1.75 1.5208333333333333 1.0625 1.1041666666666667 1.9791666666666667 1.8958333333333333 0.9166666666666666 0.8958333333333334 0.8541666666666666 1.8333333333333333 1.8541666666666667 0.9583333333333334 1.875 1.2291666666666667 0.8541666666666666 1.4375 1.3333333333333333 1.6458333333333333 1.125 1.3333333333333333 0.9583333333333334 1.2291666666666667 0.8541666666666666 1.6458333333333333 1.5208333333333333 1.5208333333333333 1.6458333333333333 1.9375 1.4791666666666667 2.0 0.9791666666666666 1.3125 2.0 1.4583333333333333 1.1875 1.6041666666666667 1.2083333333333333 1.875 1.0416666666666667 1.9583333333333333 1.0833333333333333 1.2708333333333333 1.4583333333333333 0.9791666666666666 0.8958333333333334 1.0833333333333333
7 1.112361419068736 0.875 1.1041666666666667 1.2083333333333333 1.4375 1.75 1.5208333333333333 1.0625 1.1041666666666667 1.9791666666666667 1.8958333333333333 0.9166666666666666 0.8958333333333334 0.8541666666666666 1.8333333333333333 1.8541666666666667 0.9583333333333334 1.875 1.2291666666666667 0.8541666666666666 1.4375 1.3333333333333333 1.6458333333333333 1.125 1.3333333333333333 0.9583333333333334 1.2291666666666667 0.8541666666666666 1.6458333333333333 1.5208333333333333 1.5208333333333333 1.6458333333333333 1.9375 1.4791666666666667 2.0 0.9791666666666666 1.3125 2.0 1.4583333333333333 1.1875 1.6041666666666667 1.2083333333333333 1.875 1.0416666666666667 1.9583333333333333 1.0833333333333333 1.2708333333333333 1.4583333333333333 0.9791666666666666 0.8958333333333334 1.0833333333333333
8 1.3253232758620683 1.3125 1.65625 1.8125 2.15625 2.625 2.28125 1.59375 1.65625 2.96875 2.84375 1.375 1.34375 1.28125 2.75 2.78125 1.4375 2.8125 1.84375 1.28125 2.15625 2.0 2.46875 1.6875 2.0 1.4375 1.84375 1.28125 2.46875 2.28125 2.28125 2.46875 2.90625 2.21875 3.0 1.46875 1.96875 3.0 2.1875 1.78125 2.40625 1.8125 2.8125 1.5625 2.9375 1.625 1.90625 2.1875 1.46875 1.34375 1.625
9 148.06982360368391 1.3125 1.65625 1.8125 2.15625 2.625 2.28125 1.59375 1.65625 2.96875 2.84375 1.375 1.34375 1.28125 2.75 2.78125 1.4375 2.8125 1.84375 1.28125 2.15625 2.0 2.46875 1.6875 2.0 1.4375 1.84375 1.28125 2.46875 2.28125 2.28125 2.46875 2.90625 2.21875 3.0 1.46875 1.96875 3.0 2.1875 1.78125 2.40625 1.8125 2.8125 1.5625 2.9375 1.625 1.90625 2.1875 1.46875 1.34375 1.625
10 2.0530637821041635 0.875 1.1041666666666667 1.2083333333333333 1.4375 1.75 1.5208333333333333 1.0625 1.1041666666666667 1.9791666666666667 1.8958333333333333 0.9166666666666666 0.8958333333333334 0.8541666666666666 1.8333333333333333 1.8541666666666667 0.9583333333333334 1.875 1.2291666666666667 0.8541666666666666 1.4375 1.3333333333333333 1.6458333333333333 1.125 1.3333333333333333 0.9583333333333334 1.2291666666666667 0.8541666666666666 1.6458333333333333 1.5208333333333333 1.5208333333333333 1.6458333333333333 1.9375 1.4791666666666667 2.0 0.9791666666666666 1.3125 2.0 1.4583333333333333 1.1875 1.6041666666666667 1.2083333333333333 1.875 1.0416666666666667 1.9583333333333333 1.0833333333333333 1.2708333333333333 1.4583333333333333 0.9791666666666666 0.8958333333333334 1.0833333333333333
11 196.04503978494625 0.875 1.1041666666666667 1.2083333333333333 1.4375 1.75 1.5208333333333333 1.0625 1.1041666666666667 1.9791666666666667 1.8958333333333333 0.9166666666666666 0.8958333333333334 0.8541666666666666 1.8333333333333333 1.8541666666666667 0.9583333333333334 1.875 1.2291666666666667 0.8541666666666666 1.4375 1.3333333333333333 1.6458333333333333 1.125 1.3333333333333333 0.9583333333333334 1.2291666666666667 0.8541666666666666 1.6458333333333333 1.5208333333333333 1.5208333333333333 1.6458333333333333 1.9375 1.4791666666666667 2.0 0.9791666666666666 1.3125 2.0 1.4583333333333333 1.1875 1.6041666666666667 1.2083333333333333 1.875 1.0416666666666667 1.9583333333333333 1.0833333333333333 1.2708333333333333 1.4583333333333333 0.9791666666666666 0.8958333333333334 1.0833333333333333
12 3.679939393939393 0.875 1.1041666666666667 1.2083333333333333 1.4375 1.75 1.5208333333333333 1.0625 1.1041666666666667 1.9791666666666667 1.8958333333333333 0.9166666666666666 0.8958333333333334 0.8541666666666666 1.8333333333333333 1.8541666666666667 0.9583333333333334 1.875 1.2291666666666667 0.8541666666666666 1.4375 1.3333333333333333 1.6458333333333333 1.125 1.3333333333333333 0.9583333333333334 1.2291666666666667 0.8541666666666666 1.6458333333333333 1.5208333333333333 1.5208333333333333 1.6458333333333333 1.9375 1.4791666666666667 2.0 0.9791666666666666 1.3125 2.0 1.4583333333333333 1.1875 1.6041666666666667 1.2083333333333333 1.875 1.0416666666666667 1.9583333333333333 1.0833333333333333 1.2708333333333333 1.4583333333333333 0.9791666666666666 0.8958333333333334 1.0833333333333333
13 304.92424373040745 1.3125 1.65625 1.8125 2.15625 2.625 2.28125 1.59375 1.65625 2.96875 2.84375 1.375 1.34375 1.28125 2.75 2.78125 1.4375 2.8125 1.84375 1.28125 2.15625 2.0 2.46875 1.6875 2.0 1.4375 1.84375 1.28125 2.46875 2.28125 2.28125 2.46875 2.90625 2.21875 3.0 1.46875 1.96875 3.0 2.1875 1.78125 2.40625 1.8125 2.8125 1.5625 2.9375 1.625 1.90625 2.1875 1.46875 1.34375 1.625
14 220.0264285661373 1.3125 1.65625 1.8125 2.15625 2.625 2.28125 1.59375 1.65625 2.96875 2.84375 1.375 1.34375 1.28125 2.75 2.78125 1.4375 2.8125 1.84375 1.28125 2.15625 2.0 2.46875 1.6875 2.0 1.4375 1.84375 1.28125 2.46875 2.28125 2.28125 2.46875 2.90625 2.21875 3.0 1.46875 1.96875 3.0 2.1875 1.78125 2.40625 1.8125 2.8125 1.5625 2.9375 1.625 1.90625 2.1875 1.46875 1.34375 1.625
15 73.32082604895098 1.3125 1.65625 1.8125 2.15625 2.625 2.28125 1.59375 1.65625 2.96875 2.84375 1.375 1.34375 1.28125 2.75 2.78125 1.4375 2.8125 1.84375 1.28125 2.15625 2.0 2.46875 1.6875 2.0 1.4375 1.84375 1.28125 2.46875 2.28125 2.28125 2.46875 2.90625 2.21875 3.0 1.46875 1.96875 3.0 2.1875 1.78125 2.40625 1.8125 2.8125 1.5625 2.9375 1.625 1.90625 2.1875 1.46875 1.34375 1.625
16 315.0229111967011 0.875 1.1041666666666667 1.2083333333333333 1.4375 1.75 1.5208333333333333 1.0625 1.1041666666666667 1.9791666666666667 1.8958333333333333 0.9166666666666666 0.8958333333333334 0.8541666666666666 1.8333333333333333 1.8541666666666667 0.9583333333333334 1.875 1.2291666666666667 0.8541666666666666 1.4375 1.3333333333333333 1.6458333333333333 1.125 1.3333333333333333 0.9583333333333334 1.2291666666666667 0.8541666666666666 1.6458333333333333 1.5208333333333333 1.5208333333333333 1.6458333333333333 1.9375 1.4791666666666667 2.0 0.9791666666666666 1.3125 2.0 1.4583333333333333 1.1875 1.6041666666666667 1.2083333333333333 1.875 1.0416666666666667 1.9583333333333333 1.0833333333333333 1.2708333333333333 1.4583333333333333 0.9791666666666666 0.8958333333333334 1.0833333333333333
17 229.54401541155252 1.3125 1.65625 1.8125 2.15625 2.625 2.28125 1.59375 1.65625 2.96875 2.84375 1.375 1.34375 1.28125 2.75 2.78125 1.4375 2.8125 1.84375 1.28125 2.15625 2.0 2.46875 1.6875 2.0 1.4375 1.84375 1.28125 2.46875 2.28125 2.28125 2.46875 2.90625 2.21875 3.0 1.46875 1.96875 3.0 2.1875 1.78125 2.40625 1.8125 2.8125 1.5625 2.9375 1.625 1.90625 2.1875 1.46875 1.34375 1.625
18 229.22062638580934 0.875 1.1041666666666667 1.2083333333333333 1.4375 1.75 1.5208333333333333 1.0625 1.1041666666666667 1.9791666666666667 1.8958333333333333 0.9166666666666666 0.8958333333333334 0.8541666666666666 1.8333333333333333 1.8541666666666667 0.9583333333333334 1.875 1.2291666666666667 0.8541666666666666 1.4375 1.3333333333333333 1.6458333333333333 1.125 1.3333333333333333 0.9583333333333334 1.2291666666666667 0.8541666666666666 1.6458333333333333 1.5208333333333333 1.5208333333333333 1.6458333333333333 1.9375 1.4791666666666667 2.0 0.9791666666666666 1.3125 2.0 1.4583333333333333 1.1875 1.6041666666666667 1.2083333333333333 1.875 1.0416666666666667 1.9583333333333333 1.0833333333333333 1.2708333333333333 1.4583333333333333 0.9791666666666666 0.8958333333333334 1.0833333333333333
19 166.00856250784668 0.875 1.1041666666666667 1.2083333333333333 1.4375 1.75 1.5208333333333333 1.0625 1.1041666666666667 1.9791666666666667 1.8958333333333333 0.9166666666666666 0.8958333333333334 0.8541666666666666 1.8333333333333333 1.8541666666666667 0.9583333333333334 1.875 1.2291666666666667 0.8541666666666666 1.4375 1.3333333333333333 1.6458333333333333 1.125 1.3333333333333333 0.9583333333333334 1.2291666666666667 0.8541666666666666 1.6458333333333333 1.5208333333333333 1.5208333333333333 1.6458333333333333 1.9375 1.4791666666666667 2.0 0.9791666666666666 1.3125 2.0 1.4583333333333333 1.1875 1.6041666666666667 1.2083333333333333 1.875 1.0416666666666667 1.9583333333333333 1.0833333333333333 1.2708333333333333 1.4583333333333333 0.9791666666666666 0.8958333333333334 1.0833333333333333
20 4.228100066489361 1.3125 1.65625 1.8125 2.15625 2.625 2.28125 1.59375 1.65625 2.96875 2.84375 1.375 1.34375 1.28125 2.75 2.78125 1.4375 2.8125 1.84375 1.28125 2.15625 2.0 2.46875 1.6875 2.0 1.4375 1.84375 1.28125 2.46875 2.28125 2.28125 2.46875 2.90625 2.21875 3.0 1.46875 1.96875 3.0 2.1875 1.78125 2.40625 1.8125 2.8125 1.5625 2.9375 1.625 1.90625 2.1875 1.46875 1.34375 1.625
21 1.291666666666667 1.3125 1.65625 1.8125 2.15625 2.625 2.28125 1.59375 1.65625 2.96875 2.84375 1.375 1.34375 1.28125 2.75 2.78125 1.4375 2.8125 1.84375 1.28125 2.15625 2.0 2.46875 1.6875 2.0 1.4375 1.84375 1.28125 2.46875 2.28125 2.28125 2.46875 2.90625 2.21875 3.0 1.46875 1.96875 3.0 2.1875 1.78125 2.40625 1.8125 2.8125 1.5625 2.9375 1.625 1.90625 2.1875 1.46875 1.34375 1.625
22 237.18584089340604 1.3125 1.65625 1.8125 2.15625 2.625 2.28125 1.59375 1.65625 2.96875 2.84375 1.375 1.34375 1.28125 2.75 2.78125 1.4375 2.8125 1.84375 1.28125 2.15625 2.0 2.46875 1.6875 2.0 1.4375 1.84375 1.28125 2.46875 2.28125 2.28125 2.46875 2.90625 2.21875 3.0 1.46875 1.96875 3.0 2.1875 1.78125 2.40625 1.8125 2.8125 1.5625 2.9375 1.625 1.90625 2.1875 1.46875 1.34375 1.625
23 139.3971310135251 0.875 1.1041666666666667 1.2083333333333333 1.4375 1.75 1.5208333333333333 1.0625 1.1041666666666667 1.9791666666666667 1.8958333333333333 0.9166666666666666 0.8958333333333334 0.8541666666666666 1.8333333333333333 1.8541666666666667 0.9583333333333334 1.875 1.2291666666666667 0.8541666666666666 1.4375 1.3333333333333333 1.6458333333333333 1.125 1.3333333333333333 0.9583333333333334 1.2291666666666667 0.8541666666666666 1.6458333333333333 1.5208333333333333 1.5208333333333333 1.6458333333333333 1.9375 1.4791666666666667 2.0 0.9791666666666666 1.3125 2.0 1.4583333333333333 1.1875 1.6041666666666667 1.2083333333333333 1.875 1.0416666666666667 1.9583333333333333 1.0833333333333333 1.2708333333333333 1.4583333333333333 0.9791666666666666 0.8958333333333334 1.0833333333333333
24 7.596710088691797 1.3125 1.65625 1.8125 2.15625 2.625 2.28125 1.59375 1.65625 2.96875 2.84375 1.375 1.34375 1.28125 2.75 2.78125 1.4375 2.8125 1.84375 1.28125 2.15625 2.0 2.46875 1.6875 2.0 1.4375 1.84375 1.28125 2.46875 2.28125 2.28125 2.46875 2.90625 2.21875 3.0 1.46875 1.96875 3.0 2.1875 1.78125 2.40625 1.8125 2.8125 1.5625 2.9375 1.625 1.90625 2.1875 1.46875 1.34375 1.625
25 248.1432680117502 1.3125 1.65625 1.8125 2.15625 2.625 2.28125 1.59375 1.65625 2.96875 2.84375 1.375 1.34375 1.28125 2.75 2.78125 1.4375 2.8125 1.84375 1.28125 2.15625 2.0 2.46875 1.6875 2.0 1.4375 1.84375 1.28125 2.46875 2.28125 2.28125 2.46875 2.90625 2.21875 3.0 1.46875 1.96875 3.0 2.1875 1.78125 2.40625 1.8125 2.8125 1.5625 2.9375 1.625 1.90625 2.1875 1.46875 1.34375 1.625
26 144.20797784028048 0.875 1.1041666666666667 1.2083333333333333 1.4375 1.75 1.5208333333333333 1.0625 1.1041666666666667 1.9791666666666667 1.8958333333333333 0.9166666666666666 0.8958333333333334 0.8541666666666666 1.8333333333333333 1.8541666666666667 0.9583333333333334 1.875 1.2291666666666667 0.8541666666666666 1.4375 1.3333333333333333 1.6458333333333333 1.125 1.3333333333333333 0.9583333333333334 1.2291666666666667 0.8541666666666666 1.6458333333333333 1.5208333333333333 1.5208333333333333 1.6458333333333333 1.9375 1.4791666666666667 2.0 0.9791666666666666 1.3125 2.0 1.4583333333333333 1.1875 1.6041666666666667 1.2083333333333333 1.875 1.0416666666666667 1.9583333333333333 1.0833333333333333 1.2708333333333333 1.4583333333333333 0.9791666666666666 0.8958333333333334 1.0833333333333333
27 131.44405623425536 1.3125 1.65625 1.8125 2.15625 2.625 2.28125 1.59375 1.65625 2.96875 2.84375 1.375 1.34375 1.28125 2.75 2.78125 1.4375 2.8125 1.84375 1.28125 2.15625 2.0 2.46875 1.6875 2.0 1.4375 1.84375 1.28125 2.46875 2.28125 2.28125 2.46875 2.90625 2.21875 3.0 1.46875 1.96875 3.0 2.1875 1.78125 2.40625 1.8125 2.8125 1.5625 2.9375 1.625 1.90625 2.1875 1.46875 1.34375 1.625
28 110.14042832167833 0.875 1.1041666666666667 1.2083333333333333 1.4375 1.75 1.5208333333333333 1.0625 1.1041666666666667 1.9791666666666667 1.8958333333333333 0.9166666666666666 0.8958333333333334 0.8541666666666666 1.8333333333333333 1.8541666666666667 0.9583333333333334 1.875 1.2291666666666667 0.8541666666666666 1.4375 1.3333333333333333 1.6458333333333333 1.125 1.3333333333333333 0.9583333333333334 1.2291666666666667 0.8541666666666666 1.6458333333333333 1.5208333333333333 1.5208333333333333 1.6458333333333333 1.9375 1.4791666666666667 2.0 0.9791666666666666 1.3125 2.0 1.4583333333333333 1.1875 1.6041666666666667 1.2083333333333333 1.875 1.0416666666666667 1.9583333333333333 1.0833333333333333 1.2708333333333333 1.4583333333333333 0.9791666666666666 0.8958333333333334 1.0833333333333333
29 28.844403650801844 0.875 1.1041666666666667 1.2083333333333333 1.4375 1.75 1.5208333333333333 1.0625 1.1041666666666667 1.9791666666666667 1.8958333333333333 0.9166666666666666 0.8958333333333334 0.8541666666666666 1.8333333333333333 1.8541666666666667 0.9583333333333334 1.875 1.2291666666666667 0.8541666666666666 1.4375 1.3333333333333333 1.6458333333333333 1.125 1.3333333333333333 0.9583333333333334 1.2291666666666667 0.8541666666666666 1.6458333333333333 1.5208333333333333 1.5208333333333333 1.6458333333333333 1.9375 1.4791666666666667 2.0 0.9791666666666666 1.3125 2.0 1.4583333333333333 1.1875 1.6041666666666667 1.2083333333333333 1.875 1.0416666666666667 1.9583333333333333 1.0833333333333333 1.2708333333333333 1.4583333333333333 0.9791666666666666 0.8958333333333334 1.0833333333333333
30 353.1650766196819 1.3125 1.65625 1.8125 2.15625 2.625 2.28125 1.59375 1.65625 2.96875 2.84375 1.375 1.34375 1.28125 2.75 2.78125 1.4375 2.8125 1.84375 1.28125 2.15625 2.0 2.46875 1.6875 2.0 1.4375 1.84375 1.28125 2.46875 2.28125 2.28125 2.46875 2.90625 2.21875 3.0 1.46875 1.96875 3.0 2.1875 1.78125 2.40625 1.8125 2.8125 1.5625 2.9375 1.625 1.90625 2.1875 1.46875 1.34375 1.625
31 114.60856110120814 0.875 1.1041666666666667 1.2083333333333333 1.4375 1.75 1.5208333333333333 1.0625 1.1041666666666667 1.9791666666666667 1.8958333333333333 0.9166666666666666 0.8958333333333334 0.8541666666666666 1.8333333333333333 1.8541666666666667 0.9583333333333334 1.875 1.2291666666666667 0.8541666666666666 1.4375 1.3333333333333333 1.6458333333333333 1.125 1.3333333333333333 0.9583333333333334 1.2291666666666667 0.8541666666666666 1.6458333333333333 1.5208333333333333 1.5208333333333333 1.6458333333333333 1.9375 1.4791666666666667 2.0 0.9791666666666666 1.3125 2.0 1.4583333333333333 1.1875 1.6041666666666667 1.2083333333333333 1.875 1.0416666666666667 1.9583333333333333 1.0833333333333333 1.2708333333333333 1.4583333333333333 0.9791666666666666 0.8958333333333334 1.0833333333333333
32 171.34397133095658 0.875 1.1041666666666667 1.2083333333333333 1.4375 1.75 1.5208333333333333 1.0625 1.1041666666666667 1.9791666666666667 1.8958333333333333 0.9166666666666666 0.8958333333333334 0.8541666666666666 1.8333333333333333 1.8541666666666667 0.9583333333333334 1.875 1.2291666666666667 0.8541666666666666 1.4375 1.3333333333333333 1.6458333333333333 1.125 1.3333333333333333 0.9583333333333334 1.2291666666666667 0.8541666666666666 1.6458333333333333 1.5208333333333333 1.5208333333333333 1.6458333333333333 1.9375 1.4791666666666667 2.0 0.9791666666666666 1.3125 2.0 1.4583333333333333 1.1875 1.6041666666666667 1.2083333333333333 1.875 1.0416666666666667 1.9583333333333333 1.0833333333333333 1.2708333333333333 1.4583333333333333 0.9791666666666666 0.8958333333333334 1.0833333333333333
33 248.22294545454548 0.875 1.1041666666666667 1.2083333333333333 1.4375 1.75 1.5208333333333333 1.0625 1.1041666666666667 1.9791666666666667 1.8958333333333333 0.9166666666666666 0.8958333333333334 0.8541666666666666 1.8333333333333333 1.8541666666666667 0.9583333333333334 1.875 1.2291666666666667 0.8541666666666666 1.4375 1.3333333333333333 1.6458333333333333 1.125 1.3333333333333333 0.9583333333333334 1.2291666666666667 0.8541666666666666 1.6458333333333333 1.5208333333333333 1.5208333333333333 1.6458333333333333 1.9375 1.4791666666666667 2.0 0.9791666666666666 1.3125 2.0 1.4583333333333333 1.1875 1.6041666666666667 1.2083333333333333 1.875 1.0416666666666667 1.9583333333333333 1.0833333333333333 1.2708333333333333 1.4583333333333333 0.9791666666666666 0.8958333333333334 1.0833333333333333
34 136.32384908120343 1.3125 1.65625 1.8125 2.15625 2.625 2.28125 1.59375 1.65625 2.96875 2.84375 1.375 1.34375 1.28125 2.75 2.78125 1.4375 2.8125 1.84375 1.28125 2.15625 2.0 2.46875 1.6875 2.0 1.4375 1.84375 1.28125 2.46875 2.28125 2.28125 2.46875 2.90625 2.21875 3.0 1.46875 1.96875 3.0 2.1875 1.78125 2.40625 1.8125 2.8125 1.5625 2.9375 1.625 1.90625 2.1875 1.46875 1.34375 1.625
35 91.85824064824064 0.875 1.1041666666666667 1.2083333333333333 1.4375 1.75 1.5208333333333333 1.0625 1.1041666666666667 1.9791666666666667 1.8958333333333333 0.9166666666666666 0.8958333333333334 0.8541666666666666 1.8333333333333333 1.8541666666666667 0.9583333333333334 1.875 1.2291666666666667 0.8541666666666666 1.4375 1.3333333333333333 1.6458333333333333 1.125 1.3333333333333333 0.9583333333333334 1.2291666666666667 0.8541666666666666 1.6458333333333333 1.5208333333333333 1.5208333333333333 1.6458333333333333 1.9375 1.4791666666666667 2.0 0.9791666666666666 1.3125 2.0 1.4583333333333333 1.1875 1.6041666666666667 1.2083333333333333 1.875 1.0416666666666667 1.9583333333333333 1.0833333333333333 1.2708333333333333 1.4583333333333333 0.9791666666666666 0.8958333333333334 1.0833333333333333
36 112.3752520053476 1.3125 1.65625 1.8125 2.15625 2.625 2.28125 1.59375 1.65625 2.96875 2.84375 1.375 1.34375 1.28125 2.75 2.78125 1.4375 2.8125 1.84375 1.28125 2.15625 2.0 2.46875 1.6875 2.0 1.4375 1.84375 1.28125 2.46875 2.28125 2.28125 2.46875 2.90625 2.21875 3.0 1.46875 1.96875 3.0 2.1875 1.78125 2.40625 1.8125 2.8125 1.5625 2.9375 1.625 1.90625 2.1875 1.46875 1.34375 1.625
37 120.83061296791446 1.3125 1.65625 1.8125 2.15625 2.625 2.28125 1.59375 1.65625 2.96875 2.84375 1.375 1.34375 1.28125 2.75 2.78125 1.4375 2.8125 1.84375 1.28125 2.15625 2.0 2.46875 1.6875 2.0 1.4375 1.84375 1.28125 2.46875 2.28125 2.28125 2.46875 2.90625 2.21875 3.0 1.46875 1.96875 3.0 2.1875 1.78125 2.40625 1.8125 2.8125 1.5625 2.9375 1.625 1.90625 2.1875 1.46875 1.34375 1.625
38 272.2196953422518 0.875 1.1041666666666667 1.2083333333333333 1.4375 1.75 1.5208333333333333 1.0625 1.1041666666666667 1.9791666666666667 1.8958333333333333 0.9166666666666666 0.8958333333333334 0.8541666666666666 1.8333333333333333 1.8541666666666667 0.9583333333333334 1.875 1.2291666666666667 0.8541666666666666 1.4375 1.3333333333333333 1.6458333333333333 1.125 1.3333333333333333 0.9583333333333334 1.2291666666666667 0.8541666666666666 1.6458333333333333 1.5208333333333333 1.5208333333333333 1.6458333333333333 1.9375 1.4791666666666667 2.0 0.9791666666666666 1.3125 2.0 1.4583333333333333 1.1875 1.6041666666666667 1.2083333333333333 1.875 1.0416666666666667 1.9583333333333333 1.0833333333333333 1.2708333333333333 1.4583333333333333 0.9791666666666666 0.8958333333333334 1.0833333333333333
39 400.3833619476499 0.875 1.1041666666666667 1.2083333333333333 1.4375 1.75 1.5208333333333333 1.0625 1.1041666666666667 1.9791666666666667 1.8958333333333333 0.9166666666666666 0.8958333333333334 0.8541666666666666 1.8333333333333333 1.8541666666666667 0.9583333333333334 1.875 1.2291666666666667 0.8541666666666666 1.4375 1.3333333333333333 1.6458333333333333 1.125 1.3333333333333333 0.9583333333333334 1.2291666666666667 0.8541666666666666 1.6458333333333333 1.5208333333333333 1.5208333333333333 1.6458333333333333 1.9375 1.4791666666666667 2.0 0.9791666666666666 1.3125 2.0 1.4583333333333333 1.1875 1.6041666666666667 1.2083333333333333 1.875 1.0416666666666667 1.9583333333333333 1.0833333333333333 1.2708333333333333 1.4583333333333333 0.9791666666666666 0.8958333333333334 1.0833333333333333
40 6.848429723502305 1.3125 1.65625 1.8125 2.15625 2.625 2.28125 1.59375 1.65625 2.96875 2.84375 1.375 1.34375 1.28125 2.75 2.78125 1.4375 2.8125 1.84375 1.28125 2.15625 2.0 2.46875 1.6875 2.0 1.4375 1.84375 1.28125 2.46875 2.28125 2.28125 2.46875 2.90625 2.21875 3.0 1.46875 1.96875 3.0 2.1875 1.78125 2.40625 1.8125 2.8125 1.5625 2.9375 1.625 1.90625 2.1875 1.46875 1.34375 1.625
41 277.1663841183327 1.3125 1.65625 1.8125 2.15625 2.625 2.28125 1.59375 1.65625 2.96875 2.84375 1.375 1.34375 1.28125 2.75 2.78125 1.4375 2.8125 1.84375 1.28125 2.15625 2.0 2.46875 1.6875 2.0 1.4375 1.84375 1.28125 2.46875 2.28125 2.28125 2.46875 2.90625 2.21875 3.0 1.46875 1.96875 3.0 2.1875 1.78125 2.40625 1.8125 2.8125 1.5625 2.9375 1.625 1.90625 2.1875 1.46875 1.34375 1.625
42 1.4876724837662338 1.3125 1.65625 1.8125 2.15625 2.625 2.28125 1.59375 1.65625 2.96875 2.84375 1.375 1.34375 1.28125 2.75 2.78125 1.4375 2.8125 1.84375 1.28125 2.15625 2.0 2.46875 1.6875 2.0 1.4375 1.84375 1.28125 2.46875 2.28125 2.28125 2.46875 2.90625 2.21875 3.0 1.46875 1.96875 3.0 2.1875 1.78125 2.40625 1.8125 2.8125 1.5625 2.9375 1.625 1.90625 2.1875 1.46875 1.34375 1.625
43 114.58060680332744 0.875 1.1041666666666667 1.2083333333333333 1.4375 1.75 1.5208333333333333 1.0625 1.1041666666666667 1.9791666666666667 1.8958333333333333 0.9166666666666666 0.8958333333333334 0.8541666666666666 1.8333333333333333 1.8541666666666667 0.9583333333333334 1.875 1.2291666666666667 0.8541666666666666 1.4375 1.3333333333333333 1.6458333333333333 1.125 1.3333333333333333 0.9583333333333334 1.2291666666666667 0.8541666666666666 1.6458333333333333 1.5208333333333333 1.5208333333333333 1.6458333333333333 1.9375 1.4791666666666667 2.0 0.9791666666666666 1.3125 2.0 1.4583333333333333 1.1875 1.6041666666666667 1.2083333333333333 1.875 1.0416666666666667 1.9583333333333333 1.0833333333333333 1.2708333333333333 1.4583333333333333 0.9791666666666666 0.8958333333333334 1.0833333333333333
44 228.90200072818408 0.875 1.1041666666666667 1.2083333333333333 1.4375 1.75 1.5208333333333333 1.0625 1.1041666666666667 1.9791666666666667 1.8958333333333333 0.9166666666666666 0.8958333333333334 0.8541666666666666 1.8333333333333333 1.8541666666666667 0.9583333333333334 1.875 1.2291666666666667 0.8541666666666666 1.4375 1.3333333333333333 1.6458333333333333 1.125 1.3333333333333333 0.9583333333333334 1.2291666666666667 0.8541666666666666 1.6458333333333333 1.5208333333333333 1.5208333333333333 1.6458333333333333 1.9375 1.4791666666666667 2.0 0.9791666666666666 1.3125 2.0 1.4583333333333333 1.1875 1.6041666666666667 1.2083333333333333 1.875 1.0416666666666667 1.9583333333333333 1.0833333333333333 1.2708333333333333 1.4583333333333333 0.9791666666666666 0.8958333333333334 1.0833333333333333
45 6.881607142857142 1.3125 1.65625 1.8125 2.15625 2.625 2.28125 1.59375 1.65625 2.96875 2.84375 1.375 1.34375 1.28125 2.75 2.78125 1.4375 2.8125 1.84375 1.28125 2.15625 2.0 2.46875 1.6875 2.0 1.4375 1.84375 1.28125 2.46875 2.28125 2.28125 2.46875 2.90625 2.21875 3.0 1.46875 1.96875 3.0 2.1875 1.78125 2.40625 1.8125 2.8125 1.5625 2.9375 1.625 1.90625 2.1875 1.46875 1.34375 1.625
46 218.08697860962573 0.875 1.1041666666666667 1.2083333333333333 1.4375 1.75 1.5208333333333333 1.0625 1.1041666666666667 1.9791666666666667 1.8958333333333333 0.9166666666666666 0.8958333333333334 0.8541666666666666 1.8333333333333333 1.8541666666666667 0.9583333333333334 1.875 1.2291666666666667 0.8541666666666666 1.4375 1.3333333333333333 1.6458333333333333 1.125 1.3333333333333333 0.9583333333333334 1.2291666666666667 0.8541666666666666 1.6458333333333333 1.5208333333333333 1.5208333333333333 1.6458333333333333 1.9375 1.4791666666666667 2.0 0.9791666666666666 1.3125 2.0 1.4583333333333333 1.1875 1.6041666666666667 1.2083333333333333 1.875 1.0416666666666667 1.9583333333333333 1.0833333333333333 1.2708333333333333 1.4583333333333333 0.9791666666666666 0.8958333333333334 1.0833333333333333
47 1.514938782104163 1.3125 1.65625 1.8125 2.15625 2.625 2.28125 1.59375 1.65625 2.96875 2.84375 1.375 1.34375 1.28125 2.75 2.78125 1.4375 2.8125 1.84375 1.28125 2.15625 2.0 2.46875 1.6875 2.0 1.4375 1.84375 1.28125 2.46875 2.28125 2.28125 2.46875 2.90625 2.21875 3.0 1.46875 1.96875 3.0 2.1875 1.78125 2.40625 1.8125 2.8125 1.5625 2.9375 1.625 1.90625 2.1875 1.46875 1.34375 1.625
48 386.4450206922761 1.3125 1.65625 1.8125 2.15625 2.625 2.28125 1.59375 1.65625 2.96875 2.84375 1.375 1.34375 1.28125 2.75 2.78125 1.4375 2.8125 1.84375 1.28125 2.15625 2.0 2.46875 1.6875 2.0 1.4375 1.84375 1.28125 2.46875 2.28125 2.28125 2.46875 2.90625 2.21875 3.0 1.46875 1.96875 3.0 2.1875 1.78125 2.40625 1.8125 2.8125 1.5625 2.9375 1.625 1.90625 2.1875 1.46875 1.34375 1.625
49 119.56057704160244 0.875 1.1041666666666667 1.2083333333333333 1.4375 1.75 1.5208333333333333 1.0625 1.1041666666666667 1.9791666666666667 1.8958333333333333 0.9166666666666666 0.8958333333333334 0.8541666666666666 1.8333333333333333 1.8541666666666667 0.9583333333333334 1.875 1.2291666666666667 0.8541666666666666 1.4375 1.3333333333333333 1.6458333333333333 1.125 1.3333333333333333 0.9583333333333334 1.2291666666666667 0.8541666666666666 1.6458333333333333 1.5208333333333333 1.5208333333333333 1.6458333333333333 1.9375 1.4791666666666667 2.0 0.9791666666666666 1.3125 2.0 1.4583333333333333 1.1875 1.6041666666666667 1.2083333333333333 1.875 1.0416666666666667 1.9583333333333333 1.0833333333333333 1.2708333333333333 1.4583333333333333 0.9791666666666666 0.8958333333333334 1.0833333333333333
50 299.5883194930069 0.875 1.1041666666666667 1.2083333333333333 1.4375 1.75 1.5208333333333333 1.0625 1.1041666666666667 1.9791666666666667 1.8958333333333333 0.9166666666666666 0.8958333333333334 0.8541666666666666 1.8333333333333333 1.8541666666666667 0.9583333333333334 1.875 1.2291666666666667 0.8541666666666666 1.4375 1.3333333333333333 1.6458333333333333 1.125 1.3333333333333333 0.9583333333333334 1.2291666666666667 0.8541666666666666 1.6458333333333333 1.5208333333333333 1.5208333333333333 1.6458333333333333 1.9375 1.4791666666666667 2.0 0.9791666666666666 1.3125 2.0 1.4583333333333333 1.1875 1.6041666666666667 1.2083333333333333 1.875 1.0416666666666667 1.9583333333333333 1.0833333333333333 1.2708333333333333 1.4583333333333333 0.9791666666666666 0.8958333333333334 1.0833333333333333
51 269.2940363636362 0.875 1.1041666666666667 1.2083333333333333 1.4375 1.75 1.5208333333333333 1.0625 1.1041666666666667 1.9791666666666667 1.8958333333333333 0.9166666666666666 0.8958333333333334 0.8541666666666666 1.8333333333333333 1.8541666666666667 0.9583333333333334 1.875 1.2291666666666667 0.8541666666666666 1.4375 1.3333333333333333 1.6458333333333333 1.125 1.3333333333333333 0.9583333333333334 1.2291666666666667 0.8541666666666666 1.6458333333333333 1.5208333333333333 1.5208333333333333 1.6458333333333333 1.9375 1.4791666666666667 2.0 0.9791666666666666 1.3125 2.0 1.4583333333333333 1.1875 1.6041666666666667 1.2083333333333333 1.875 1.0416666666666667 1.9583333333333333 1.0833333333333333 1.2708333333333333 1.4583333333333333 0.9791666666666666 0.8958333333333334 1.0833333333333333
52 218.1172275385434 0.875 1.1041666666666667 1.2083333333333333 1.4375 1.75 1.5208333333333333 1.0625 1.1041666666666667 1.9791666666666667 1.8958333333333333 0.9166666666666666 0.8958333333333334 0.8541666666666666 1.8333333333333333 1.8541666666666667 0.9583333333333334 1.875 1.2291666666666667 0.8541666666666666 1.4375 1.3333333333333333 1.6458333333333333 1.125 1.3333333333333333 0.9583333333333334 1.2291666666666667 0.8541666666666666 1.6458333333333333 1.5208333333333333 1.5208333333333333 1.6458333333333333 1.9375 1.4791666666666667 2.0 0.9791666666666666 1.3125 2.0 1.4583333333333333 1.1875 1.6041666666666667 1.2083333333333333 1.875 1.0416666666666667 1.9583333333333333 1.0833333333333333 1.2708333333333333 1.4583333333333333 0.9791666666666666 0.8958333333333334 1.0833333333333333
53 111.82164393939392 1.3125 1.65625 1.8125 2.15625 2.625 2.28125 1.59375 1.65625 2.96875 2.84375 1.375 1.34375 1.28125 2.75 2.78125 1.4375 2.8125 1.84375 1.28125 2.15625 2.0 2.46875 1.6875 2.0 1.4375 1.84375 1.28125 2.46875 2.28125 2.28125 2.46875 2.90625 2.21875 3.0 1.46875 1.96875 3.0 2.1875 1.78125 2.40625 1.8125 2.8125 1.5625 2.9375 1.625 1.90625 2.1875 1.46875 1.34375 1.625
54 16.611352495543663 0.875 1.1041666666666667 1.2083333333333333 1.4375 1.75 1.5208333333333333 1.0625 1.1041666666666667 1.9791666666666667 1.8958333333333333 0.9166666666666666 0.8958333333333334 0.8541666666666666 1.8333333333333333 1.8541666666666667 0.9583333333333334 1.875 1.2291666666666667 0.8541666666666666 1.4375 1.3333333333333333 1.6458333333333333 1.125 1.3333333333333333 0.9583333333333334 1.2291666666666667 0.8541666666666666 1.6458333333333333 1.5208333333333333 1.5208333333333333 1.6458333333333333 1.9375 1.4791666666666667 2.0 0.9791666666666666 1.3125 2.0 1.4583333333333333 1.1875 1.6041666666666667 1.2083333333333333 1.875 1.0416666666666667 1.9583333333333333 1.0833333333333333 1.2708333333333333 1.4583333333333333 0.9791666666666666 0.8958333333333334 1.0833333333333333
55 8.752643133462282 0.875 1.1041666666666667 1.2083333333333333 1.4375 1.75 1.5208333333333333 1.0625 1.1041666666666667 1.9791666666666667 1.8958333333333333 0.9166666666666666 0.8958333333333334 0.8541666666666666 1.8333333333333333 1.8541666666666667 0.9583333333333334 1.875 1.2291666666666667 0.8541666666666666 1.4375 1.3333333333333333 1.6458333333333333 1.125 1.3333333333333333 0.9583333333333334 1.2291666666666667 0.8541666666666666 1.6458333333333333 1.5208333333333333 1.5208333333333333 1.6458333333333333 1.9375 1.4791666666666667 2.0 0.9791666666666666 1.3125 2.0 1.4583333333333333 1.1875 1.6041666666666667 1.2083333333333333 1.875 1.0416666666666667 1.9583333333333333 1.0833333333333333 1.2708333333333333 1.4583333333333333 0.9791666666666666 0.8958333333333334 1.0833333333333333
56 112.11867106895309 1.3125 1.65625 1.8125 2.15625 2.625 2.28125 1.59375 1.65625 2.96875 2.84375 1.375 1.34375 1.28125 2.75 2.78125 1.4375 2.8125 1.84375 1.28125 2.15625 2.0 2.46875 1.6875 2.0 1.4375 1.84375 1.28125 2.46875 2.28125 2.28125 2.46875 2.90625 2.21875 3.0 1.46875 1.96875 3.0 2.1875 1.78125 2.40625 1.8125 2.8125 1.5625 2.9375 1.625 1.90625 2.1875 1.46875 1.34375 1.625
57 286.70986494682626 1.3125 1.65625 1.8125 2.15625 2.625 2.28125 1.59375 1.65625 2.96875 2.84375 1.375 1.34375 1.28125 2.75 2.78125 1.4375 2.8125 1.84375 1.28125 2.15625 2.0 2.46875 1.6875 2.0 1.4375 1.84375 1.28125 2.46875 2.28125 2.28125 2.46875 2.90625 2.21875 3.0 1.46875 1.96875 3.0 2.1875 1.78125 2.40625 1.8125 2.8125 1.5625 2.9375 1.625 1.90625 2.1875 1.46875 1.34375 1.625
58 326.39508588794934 1.3125 1.65625 1.8125 2.15625 2.625 2.28125 1.59375 1.65625 2.96875 2.84375 1.375 1.34375 1.28125 2.75 2.78125 1.4375 2.8125 1.84375 1.28125 2.15625 2.0 2.46875 1.6875 2.0 1.4375 1.84375 1.28125 2.46875 2.28125 2.28125 2.46875 2.90625 2.21875 3.0 1.46875 1.96875 3.0 2.1875 1.78125 2.40625 1.8125 2.8125 1.5625 2.9375 1.625 1.90625 2.1875 1.46875 1.34375 1.625
59 17.713441558441556 0.875 1.1041666666666667 1.2083333333333333 1.4375 1.75 1.5208333333333333 1.0625 1.1041666666666667 1.9791666666666667 1.8958333333333333 0.9166666666666666 0.8958333333333334 0.8541666666666666 1.8333333333333333 1.8541666666666667 0.9583333333333334 1.875 1.2291666666666667 0.8541666666666666 1.4375 1.3333333333333333 1.6458333333333333 1.125 1.3333333333333333 0.9583333333333334 1.2291666666666667 0.8541666666666666 1.6458333333333333 1.5208333333333333 1.5208333333333333 1.6458333333333333 1.9375 1.4791666666666667 2.0 0.9791666666666666 1.3125 2.0 1.4583333333333333 1.1875 1.6041666666666667 1.2083333333333333 1.875 1.0416666666666667 1.9583333333333333 1.0833333333333333 1.2708333333333333 1.4583333333333333 0.9791666666666666 0.8958333333333334 1.0833333333333333
60 99.52409633900582 1.3125 1.65625 1.8125 2.15625 2.625 2.28125 1.59375 1.65625 2.96875 2.84375 1.375 1.34375 1.28125 2.75 2.78125 1.4375 2.8125 1.84375 1.28125 2.15625 2.0 2.46875 1.6875 2.0 1.4375 1.84375 1.28125 2.46875 2.28125 2.28125 2.46875 2.90625 2.21875 3.0 1.46875 1.96875 3.0 2.1875 1.78125 2.40625 1.8125 2.8125 1.5625 2.9375 1.625 1.90625 2.1875 1.46875 1.34375 1.625
61 405.71031646100914 0.875 1.1041666666666667 1.2083333333333333 1.4375 1.75 1.5208333333333333 1.0625 1.1041666666666667 1.9791666666666667 1.8958333333333333 0.9166666666666666 0.8958333333333334 0.8541666666666666 1.8333333333333333 1.8541666666666667 0.9583333333333334 1.875 1.2291666666666667 0.8541666666666666 1.4375 1.3333333333333333 1.6458333333333333 1.125 1.3333333333333333 0.9583333333333334 1.2291666666666667 0.8541666666666666 1.6458333333333333 1.5208333333333333 1.5208333333333333 1.6458333333333333 1.9375 1.4791666666666667 2.0 0.9791666666666666 1.3125 2.0 1.4583333333333333 1.1875 1.6041666666666667 1.2083333333333333 1.875 1.0416666666666667 1.9583333333333333 1.0833333333333333 1.2708333333333333 1.4583333333333333 0.9791666666666666 0.8958333333333334 1.0833333333333333
62 57.507569713088344 1.3125 1.65625 1.8125 2.15625 2.625 2.28125 1.59375 1.65625 2.96875 2.84375 1.375 1.34375 1.28125 2.75 2.78125 1.4375 2.8125 1.84375 1.28125 2.15625 2.0 2.46875 1.6875 2.0 1.4375 1.84375 1.28125 2.46875 2.28125 2.28125 2.46875 2.90625 2.21875 3.0 1.46875 1.96875 3.0 2.1875 1.78125 2.40625 1.8125 2.8125 1.5625 2.9375 1.625 1.90625 2.1875 1.46875 1.34375 1.625
63 258.5417210526315 1.3125 1.65625 1.8125 2.15625 2.625 2.28125 1.59375 1.65625 2.96875 2.84375 1.375 1.34375 1.28125 2.75 2.78125 1.4375 2.8125 1.84375 1.28125 2.15625 2.0 2.46875 1.6875 2.0 1.4375 1.84375 1.28125 2.46875 2.28125 2.28125 2.46875 2.90625 2.21875 3.0 1.46875 1.96875 3.0 2.1875 1.78125 2.40625 1.8125 2.8125 1.5625 2.9375 1.625 1.90625 2.1875 1.46875 1.34375 1.625
64 389.68881409368095 1.3125 1.65625 1.8125 2.15625 2.625 2.28125 1.59375 1.65625 2.96875 2.84375 1.375 1.34375 1.28125 2.75 2.78125 1.4375 2.8125 1.84375 1.28125 2.15625 2.0 2.46875 1.6875 2.0 1.4375 1.84375 1.28125 2.46875 2.28125 2.28125 2.46875 2.90625 2.21875 3.0 1.46875 1.96875 3.0 2.1875 1.78125 2.40625 1.8125 2.8125 1.5625 2.9375 1.625 1.90625 2.1875 1.46875 1.34375 1.625
65 188.1113261414257 0.875 1.1041666666666667 1.2083333333333333 1.4375 1.75 1.5208333333333333 1.0625 1.1041666666666667 1.9791666666666667 1.8958333333333333 0.9166666666666666 0.8958333333333334 0.8541666666666666 1.8333333333333333 1.8541666666666667 0.9583333333333334 1.875 1.2291666666666667 0.8541666666666666 1.4375 1.3333333333333333 1.6458333333333333 1.125 1.3333333333333333 0.9583333333333334 1.2291666666666667 0.8541666666666666 1.6458333333333333 1.5208333333333333 1.5208333333333333 1.6458333333333333 1.9375 1.4791666666666667 2.0 0.9791666666666666 1.3125 2.0 1.4583333333333333 1.1875 1.6041666666666667 1.2083333333333333 1.875 1.0416666666666667 1.9583333333333333 1.0833333333333333 1.2708333333333333 1.4583333333333333 0.9791666666666666 0.8958333333333334 1.0833333333333333
66 143.83302914579505 0.875 1.1041666666666667 1.2083333333333333 1.4375 1.75 1.5208333333333333 1.0625 1.1041666666666667 1.9791666666666667 1.8958333333333333 0.9166666666666666 0.8958333333333334 0.8541666666666666 1.8333333333333333 1.8541666666666667 0.9583333333333334 1.875 1.2291666666666667 0.8541666666666666 1.4375 1.3333333333333333 1.6458333333333333 1.125 1.3333333333333333 0.9583333333333334 1.2291666666666667 0.8541666666666666 1.6458333333333333 1.5208333333333333 1.5208333333333333 1.6458333333333333 1.9375 1.4791666666666667 2.0 0.9791666666666666 1.3125 2.0 1.4583333333333333 1.1875 1.6041666666666667 1.2083333333333333 1.875 1.0416666666666667 1.9583333333333333 1.0833333333333333 1.2708333333333333 1.4583333333333333 0.9791666666666666 0.8958333333333334 1.0833333333333333
67 2.116973976214214 0.875 1.1041666666666667 1.2083333333333333 1.4375 1.75 1.5208333333333333 1.0625 1.1041666666666667 1.9791666666666667 1.8958333333333333 0.9166666666666666 0.8958333333333334 0.8541666666666666 1.8333333333333333 1.8541666666666667 0.9583333333333334 1.875 1.2291666666666667 0.8541666666666666 1.4375 1.3333333333333333 1.6458333333333333 1.125 1.3333333333333333 0.9583333333333334 1.2291666666666667 0.8541666666666666 1.6458333333333333 1.5208333333333333 1.5208333333333333 1.6458333333333333 1.9375 1.4791666666666667 2.0 0.9791666666666666 1.3125 2.0 1.4583333333333333 1.1875 1.6041666666666667 1.2083333333333333 1.875 1.0416666666666667 1.9583333333333333 1.0833333333333333 1.2708333333333333 1.4583333333333333 0.9791666666666666 0.8958333333333334 1.0833333333333333
68 87.53643767236626 1.3125 1.65625 1.8125 2.15625 2.625 2.28125 1.59375 1.65625 2.96875 2.84375 1.375 1.34375 1.28125 2.75 2.78125 1.4375 2.8125 1.84375 1.28125 2.15625 2.0 2.46875 1.6875 2.0 1.4375 1.84375 1.28125 2.46875 2.28125 2.28125 2.46875 2.90625 2.21875 3.0 1.46875 1.96875 3.0 2.1875 1.78125 2.40625 1.8125 2.8125 1.5625 2.9375 1.625 1.90625 2.1875 1.46875 1.34375 1.625
69 103.50738098343555 0.875 1.1041666666666667 1.2083333333333333 1.4375 1.75 1.5208333333333333 1.0625 1.1041666666666667 1.9791666666666667 1.8958333333333333 0.9166666666666666 0.8958333333333334 0.8541666666666666 1.8333333333333333 1.8541666666666667 0.9583333333333334 1.875 1.2291666666666667 0.8541666666666666 1.4375 1.3333333333333333 1.6458333333333333 1.125 1.3333333333333333 0.9583333333333334 1.2291666666666667 0.8541666666666666 1.6458333333333333 1.5208333333333333 1.5208333333333333 1.6458333333333333 1.9375 1.4791666666666667 2.0 0.9791666666666666 1.3125 2.0 1.4583333333333333 1.1875 1.6041666666666667 1.2083333333333333 1.875 1.0416666666666667 1.9583333333333333 1.0833333333333333 1.2708333333333333 1.4583333333333333 0.9791666666666666 0.8958333333333334 1.0833333333333333
