70 40
TREE NETWORK (nID nID Weight):
62 0 44
38 0 40
52 0 32
15 52 38
21 0 34
66 62 42
61 38 43
27 62 58
45 52 35
6 15 44
1 62 32
3 38 57
41 52 47
56 45 36
14 3 36
19 66 40
17 6 42
68 62 48
18 38 38
48 38 36
59 56 43
63 56 55
49 17 50
31 0 40
57 15 53
37 38 56
33 61 51
44 62 53
65 14 35
9 21 58
5 6 41
40 41 54
12 45 38
7 63 33
24 33 46
50 37 30
69 50 42
8 24 46
42 6 52
58 56 49
46 14 30
30 68 49
32 27 40
28 31 47
26 21 38
47 1 32
16 66 51
29 41 46
51 52 34
20 66 50
64 69 57
39 50 38
54 51 50
22 41 50
43 33 41
11 18 51
67 65 42
55 67 46
10 6 48
60 69 43
23 32 43
35 49 52
53 69 42
36 48 41
2 26 37
13 32 34
4 66 31
25 42 38
34 50 57
PROGRAMS ASSIGNED TO NODES (nID pID1 pID2 ...):
0 1 2 3 4 5 6 7 8 9 10 11 12 13 14 15 16 17 18 19 20 21 22 23 24 25 26 27 28 29 30 31 32 33 34 35 36 37 38 39 40
1 3 7 9 10 11 13 15 16 18 19 20 22 23 24 25 26 27 28 30 31 32 33 34 36 38 39
3 32 2 36 37 6 40 8 9 11 12 13 15 17 19 24 26 28 29 30
4 16 17 20 22 23 7 8 40 25 12 28
5 1 4 5 8 9 12 13 14 15 16 18 19 21 22 23 24 25 26 30 31 32 33 36 38 40
6 32 1 35 3 37 39 8 11 12 13 17 18 20 21 22 23 24 25 28 30 31
7 32 33 35 37 38 9 12 14 16 17 22 24 26 28 29
8 32 34 35 3 4 5 37 38 7 39 40 8 9 13 15 18 19 21 23 24 25 26 30 31
9 1 2 3 6 8 11 12 15 16 17 18 19 21 24 25 26 27 28 29 30 34 35 36 37 38 39 40
10 1 2 3 6 7 8 10 12 13 14 16 17 18 19 20 22 26 28 29 33 34 36 37 38 39
11 3 4 5 6 7 8 9 10 11 12 13 14 15 16 17 18 19 20 21 22 25 27 28 29 30 31 32 33 34 35 36 37 38 39 40
12 2 35 38 22 39 25 10 11 27 12 13 14
13 1 2 3 5 6 7 8 9 10 12 13 14 16 21 23 24 25 26 27 28 29 30 31 32 33 34 35 36 37
14 1 2 3 5 6 8 9 13 16 17 18 19 20 22 23 24 25 27 28 30 31 32 33 34 35 36 37 38 39 40
15 33 34 35 3 4 36 37 6 39 7 10 11 12 14 15 17 20 23 24 25 26 29 30 31
16 1 33 34 3 35 4 5 6 39 10 11 12 15 17 20 27 28 29 30
17 1 2 3 4 5 6 7 8 9 12 13 14 15 16 17 18 19 20 21 22 23 26 27 28 29 31 32 33 34 35 36 37 38 39 40
18 32 39
19 1 2 35 4 5 37 6 40 12 15 17 18 22 26 27 28 29 31
20 2 4 5 6 7 8 9 10 11 12 13 15 17 18 19 20 22 25 26 27 28 31 32 33 34 36 37 38 39 40
21 32 1 2 34 35 4 7 39 8 40 12 15 16 18 22 23 24 26
22 16 18 3 22 23 24 12 13 30
23 1 2 4 7 9 10 11 12 14 16 17 19 20 21 22 24 25 26 28 29 30 31 32 33 34 35 36 38 39
24 1 4 5 6 7 8 9 10 12 13 14 15 16 17 19 20 21 22 23 24 25 26 27 29 30 31 32 33 34 35 36 38 39
25 33 18 4 20 22 23 40 26 14 31 15
26 32 33 34 19 21 7 24 9 10 26 15
27 1 2 3 4 5 6 7 8 9 11 12 13 14 15 17 18 20 21 23 24 25 26 28 29 30 32 34 35 36 38 39 40
28 18 20 22 25 29
29 1 2 4 5 7 8 10 11 12 14 15 16 17 18 20 22 23 24 25 26 27 29 30 33 35 36 37 38 39
30 1 2 3 4 5 6 7 8 9 10 11 12 13 14 15 16 17 18 19 20 22 23 24 25 26 27 28 29 30 31 32 33 34 35 36 37 38 39 40
31 1 2 3 4 5 6 7 8 9 10 12 14 15 16 17 19 20 21 22 23 24 25 28 29 30 33 34 35 36 37 38 39 40
32 1 2 3 4 5 6 7 8 9 11 12 13 14 15 16 17 18 19 20 21 22 23 25 27 28 29 30 31 33 35 36 37 38 39 40
33 3 36 26 30 31 15
34 32 18 19 8 30
35 32 1 33 2 34 3 35 4 36 37 5 6 39 16 17 18 20 22 23 25 26 28 30
36 32 1 2 34 38 6 22 24 25 27
37 1 2 4 5 6 7 9 11 12 13 14 16 17 18 19 20 22 23 24 25 26 27 28 29 30 31 32 33 34 35 36 38 39 40
38 1 2 3 4 5 6 7 8 9 10 11 12 13 14 15 16 17 18 20 21 22 23 24 25 26 27 28 29 30 32 33 34 36 37 38 39 40
39 32 1 33 34 35 3 37 38 7 40 8 9 10 11 12 16 17 18 19 20 21 22 25 27
40 32 33 36 4 37 5 6 40 8 11 12 16 20 26 27 28 29 30
41 32 33 1 2 3 36 7 39 11 15 21 25 26 28 29
42 1 3 4 6 7 8 9 10 11 13 14 15 16 17 18 19 20 21 22 23 24 25 27 28 29 30 31 32 33 34 35 36 37 38 39 40
43 1 34 35 3 36 38 6 7 39 8 9 14 15 17 18 20 21 23 24 28 29
44 32 33 3 35 4 37 6 7 39 40 9 11 16 18 19 22 23 24 25 27 28 29 30 31
45 16 17 20 4 37 39 27 12 28 13 31
46 1 2 3 4 5 6 7 8 9 10 11 12 13 14 15 16 17 19 20 21 22 23 24 25 26 27 28 29 30 33 34 35 36 37 38 39 40
47 1 39 7 40 31
48 36 22 29
49 2 4 5 8 9 10 11 13 14 15 17 18 19 20 21 23 25 26 27 28 29 30 32 33 36 37 38 39 40
50 1 2 3 4 5 6 7 8 9 11 12 13 14 15 16 17 18 19 20 21 22 23 24 25 26 27 28 29 30 31 32 33 34 36 37 39
51 33 2 3 39 8 11
52 32 33 34 35 36 37 8 9 10 12 16 19 21 26 31
53 1 2 3 5 6 7 8 10 12 13 14 15 16 19 20 21 22 24 26 28 30 31 32 33 34 35 36 37 39 40
54 3 36 4 37 5 6 7 8 40 9 10 13 15 17 18 21 22 23 24 25 28 30 31
55 2 3 4 5 21 22 26
56 1 3 4 37 38 6 7 40 10 16 17 18 19 20 21 23 24 27 30 31
57 3 4 6 40 8 10 13 16 18 19 21 27 28
58 32 1 33 4 37 5 6 7 39 9 10 12 14 16 20 21 22 25 28 29
59 1 2 3 4 5 6 7 8 9 10 11 12 13 14 15 16 17 18 19 20 21 22 23 24 25 26 27 28 29 31 32 33 34 35 36 37 38 39 40
60 33 5 21 12
61 22
62 3 22 40 15
63 34 19 20 21 6 23 29 13 14
64 2 6 40 24 12 29 30 14 15
66 32 1 33 34 36 5 37 9 12 15 21 22 26 28
67 1 2 4 21 40 27 28
68 32 34 2 35 4 36 5 38 10 12 13 16 17 21 22 24 25 26 28 29 30 31
69 3 4 5 6 8 9 10 13 14 15 17 18 22 23 24 25 27 28 30 31 32 33 34 36 37 38 39 40
SIZE OF PROGRAMS (pID SIZE):
1 96.0
2 73.0
3 97.0
4 82.0
5 79.0
6 78.0
7 44.0
8 59.0
9 85.0
10 79.0
11 51.0
12 53.0
13 55.0
14 50.0
15 46.0
16 49.0
17 72.0
18 40.0
19 43.0
20 53.0
21 49.0
22 97.0
23 81.0
24 84.0
25 59.0
26 78.0
27 58.0
28 49.0
29 48.0
30 92.0
31 49.0
32 46.0
33 54.0
34 86.0
35 96.0
36 72.0
37 44.0
38 97.0
39 58.0
40 91.0
COST TO INSTALL SERVERS AND PROGRAMS ON NODES (COST_TO_INSTALL_SERVER COST_TO_INSTALL_pID1 ...):
0 6509.278350515465 1.9793814432989691 1.5051546391752577 2.0 1.690721649484536 1.6288659793814433 1.6082474226804124 0.9072164948453608 1.2164948453608246 1.7525773195876289 1.6288659793814433 1.0515463917525774 1.092783505154639 1.134020618556701 1.0309278350515463 0.9484536082474226 1.0103092783505154 1.4845360824742269 0.8247422680412371 0.8865979381443299 1.092783505154639 1.0103092783505154 2.0 1.6701030927835052 1.731958762886598 1.2164948453608246 1.6082474226804124 1.1958762886597938 1.0103092783505154 0.9896907216494846 1.8969072164948453 1.0103092783505154 0.9484536082474226 1.1134020618556701 1.7731958762886597 1.9793814432989691 1.4845360824742269 0.9072164948453608 2.0 1.1958762886597938 1.8762886597938144
1 28.07604314788481 2.9690721649484537 2.2577319587628866 3.0 2.536082474226804 2.443298969072165 2.4123711340206184 1.3608247422680413 1.824742268041237 2.6288659793814433 2.443298969072165 1.577319587628866 1.6391752577319587 1.7010309278350515 1.5463917525773196 1.422680412371134 1.5154639175257731 2.2268041237113403 1.2371134020618557 1.3298969072164948 1.6391752577319587 1.5154639175257731 3.0 2.5051546391752577 2.597938144329897 1.824742268041237 2.4123711340206184 1.7938144329896908 1.5154639175257731 1.4845360824742269 2.845360824742268 1.5154639175257731 1.422680412371134 1.6701030927835052 2.6597938144329896 2.9690721649484537 2.2268041237113403 1.3608247422680413 3.0 1.7938144329896908 2.814432989690722
2 75.0 1.9793814432989691 1.5051546391752577 2.0 1.690721649484536 1.6288659793814433 1.6082474226804124 0.9072164948453608 1.2164948453608246 1.7525773195876289 1.6288659793814433 1.0515463917525774 1.092783505154639 1.134020618556701 1.0309278350515463 0.9484536082474226 1.0103092783505154 1.4845360824742269 0.8247422680412371 0.8865979381443299 1.092783505154639 1.0103092783505154 2.0 1.6701030927835052 1.731958762886598 1.2164948453608246 1.6082474226804124 1.1958762886597938 1.0103092783505154 0.9896907216494846 1.8969072164948453 1.0103092783505154 0.9484536082474226 1.1134020618556701 1.7731958762886597 1.9793814432989691 1.4845360824742269 0.9072164948453608 2.0 1.1958762886597938 1.8762886597938144
3 21.86198695128568 1.9793814432989691 1.5051546391752577 2.0 1.690721649484536 1.6288659793814433 1.6082474226804124 0.9072164948453608 1.2164948453608246 1.7525773195876289 1.6288659793814433 1.0515463917525774 1.092783505154639 1.134020618556701 1.0309278350515463 0.9484536082474226 1.0103092783505154 1.4845360824742269 0.8247422680412371 0.8865979381443299 1.092783505154639 1.0103092783505154 2.0 1.6701030927835052 1.731958762886598 1.2164948453608246 1.6082474226804124 1.1958762886597938 1.0103092783505154 0.9896907216494846 1.8969072164948453 1.0103092783505154 0.9484536082474226 1.1134020618556701 1.7731958762886597 1.9793814432989691 1.4845360824742269 0.9072164948453608 2.0 1.1958762886597938 1.8762886597938144
4 24.253424291132145 2.9690721649484537 2.2577319587628866 3.0 2.536082474226804 2.443298969072165 2.4123711340206184 1.3608247422680413 1.824742268041237 2.6288659793814433 2.443298969072165 1.577319587628866 1.6391752577319587 1.7010309278350515 1.5463917525773196 1.422680412371134 1.5154639175257731 2.2268041237113403 1.2371134020618557 1.3298969072164948 1.6391752577319587 1.5154639175257731 3.0 2.5051546391752577 2.597938144329897 1.824742268041237 2.4123711340206184 1.7938144329896908 1.5154639175257731 1.4845360824742269 2.845360824742268 1.5154639175257731 1.422680412371134 1.6701030927835052 2.6597938144329896 2.9690721649484537 2.2268041237113403 1.3608247422680413 3.0 1.7938144329896908 2.814432989690722
5 128.17793109167744 2.9690721649484537 2.2577319587628866 3.0 2.536082474226804 2.443298969072165 2.4123711340206184 1.3608247422680413 1.824742268041237 2.6288659793814433 2.443298969072165 1.577319587628866 1.6391752577319587 1.7010309278350515 1.5463917525773196 1.422680412371134 1.5154639175257731 2.2268041237113403 1.2371134020618557 1.3298969072164948 1.6391752577319587 1.5154639175257731 3.0 2.5051546391752577 2.597938144329897 1.824742268041237 2.4123711340206184 1.7938144329896908 1.5154639175257731 1.4845360824742269 2.845360824742268 1.5154639175257731 1.422680412371134 1.6701030927835052 2.6597938144329896 2.9690721649484537 2.2268041237113403 1.3608247422680413 3.0 1.7938144329896908 2.814432989690722
6 183.95117517832801 1.9793814432989691 1.5051546391752577 2.0 1.690721649484536 1.6288659793814433 1.6082474226804124 0.9072164948453608 1.2164948453608246 1.7525773195876289 1.6288659793814433 1.0515463917525774 1.092783505154639 1.134020618556701 1.0309278350515463 0.9484536082474226 1.0103092783505154 1.4845360824742269 0.8247422680412371 0.8865979381443299 1.092783505154639 1.0103092783505154 2.0 1.6701030927835052 1.731958762886598 1.2164948453608246 1.6082474226804124 1.1958762886597938 1.0103092783505154 0.9896907216494846 1.8969072164948453 1.0103092783505154 0.9484536082474226 1.1134020618556701 1.7731958762886597 1.9793814432989691 1.4845360824742269 0.9072164948453608 2.0 1.1958762886597938 1.8762886597938144
7 63.6330360211095 1.9793814432989691 1.5051546391752577 2.0 1.690721649484536 1.6288659793814433 1.6082474226804124 0.9072164948453608 1.2164948453608246 1.7525773195876289 1.6288659793814433 1.0515463917525774 1.092783505154639 1.134020618556701 1.0309278350515463 0.9484536082474226 1.0103092783505154 1.4845360824742269 0.8247422680412371 0.8865979381443299 1.092783505154639 1.0103092783505154 2.0 1.6701030927835052 1.731958762886598 1.2164948453608246 1.6082474226804124 1.1958762886597938 1.0103092783505154 0.9896907216494846 1.8969072164948453 1.0103092783505154 0.9484536082474226 1.1134020618556701 1.7731958762886597 1.9793814432989691 1.4845360824742269 0.9072164948453608 2.0 1.1958762886597938 1.8762886597938144
8 81.76503950162932 2.9690721649484537 2.2577319587628866 3.0 2.536082474226804 2.443298969072165 2.4123711340206184 1.3608247422680413 1.824742268041237 2.6288659793814433 2.443298969072165 1.577319587628866 1.6391752577319587 1.7010309278350515 1.5463917525773196 1.422680412371134 1.5154639175257731 2.2268041237113403 1.2371134020618557 1.3298969072164948 1.6391752577319587 1.5154639175257731 3.0 2.5051546391752577 2.597938144329897 1.824742268041237 2.4123711340206184 1.7938144329896908 1.5154639175257731 1.4845360824742269 2.845360824742268 1.5154639175257731 1.422680412371134 1.6701030927835052 2.6597938144329896 2.9690721649484537 2.2268041237113403 1.3608247422680413 3.0 1.7938144329896908 2.814432989690722
9 36.14417336077695 2.9690721649484537 2.2577319587628866 3.0 2.536082474226804 2.443298969072165 2.4123711340206184 1.3608247422680413 1.824742268041237 2.6288659793814433 2.443298969072165 1.577319587628866 1.6391752577319587 1.7010309278350515 1.5463917525773196 1.422680412371134 1.5154639175257731 2.2268041237113403 1.2371134020618557 1.3298969072164948 1.6391752577319587 1.5154639175257731 3.0 2.5051546391752577 2.597938144329897 1.824742268041237 2.4123711340206184 1.7938144329896908 1.5154639175257731 1.4845360824742269 2.845360824742268 1.5154639175257731 1.422680412371134 1.6701030927835052 2.6597938144329896 2.9690721649484537 2.2268041237113403 1.3608247422680413 3.0 1.7938144329896908 2.814432989690722
10 95.58667986471836 2.9690721649484537 2.2577319587628866 3.0 2.536082474226804 2.443298969072165 2.4123711340206184 1.3608247422680413 1.824742268041237 2.6288659793814433 2.443298969072165 1.577319587628866 1.6391752577319587 1.7010309278350515 1.5463917525773196 1.422680412371134 1.5154639175257731 2.2268041237113403 1.2371134020618557 1.3298969072164948 1.6391752577319587 1.5154639175257731 3.0 2.5051546391752577 2.597938144329897 1.824742268041237 2.4123711340206184 1.7938144329896908 1.5154639175257731 1.4845360824742269 2.845360824742268 1.5154639175257731 1.422680412371134 1.6701030927835052 2.6597938144329896 2.9690721649484537 2.2268041237113403 1.3608247422680413 3.0 1.7938144329896908 2.814432989690722
11 87.79353636854746 1.9793814432989691 1.5051546391752577 2.0 1.690721649484536 1.6288659793814433 1.6082474226804124 0.9072164948453608 1.2164948453608246 1.7525773195876289 1.6288659793814433 1.0515463917525774 1.092783505154639 1.134020618556701 1.0309278350515463 0.9484536082474226 1.0103092783505154 1.4845360824742269 0.8247422680412371 0.8865979381443299 1.092783505154639 1.0103092783505154 2.0 1.6701030927835052 1.731958762886598 1.2164948453608246 1.6082474226804124 1.1958762886597938 1.0103092783505154 0.9896907216494846 1.8969072164948453 1.0103092783505154 0.9484536082474226 1.1134020618556701 1.7731958762886597 1.9793814432989691 1.4845360824742269 0.9072164948453608 2.0 1.1958762886597938 1.8762886597938144
12 49.539163831962945 1.9793814432989691 1.5051546391752577 2.0 1.690721649484536 1.6288659793814433 1.6082474226804124 0.9072164948453608 1.2164948453608246 1.7525773195876289 1.6288659793814433 1.0515463917525774 1.092783505154639 1.134020618556701 1.0309278350515463 0.9484536082474226 1.0103092783505154 1.4845360824742269 0.8247422680412371 0.8865979381443299 1.092783505154639 1.0103092783505154 2.0 1.6701030927835052 1.731958762886598 1.2164948453608246 1.6082474226804124 1.1958762886597938 1.0103092783505154 0.9896907216494846 1.8969072164948453 1.0103092783505154 0.9484536082474226 1.1134020618556701 1.7731958762886597 1.9793814432989691 1.4845360824742269 0.9072164948453608 2.0 1.1958762886597938 1.8762886597938144
13 94.4724337950932 2.9690721649484537 2.2577319587628866 3.0 2.536082474226804 2.443298969072165 2.4123711340206184 1.3608247422680413 1.824742268041237 2.6288659793814433 2.443298969072165 1.577319587628866 1.6391752577319587 1.7010309278350515 1.5463917525773196 1.422680412371134 1.5154639175257731 2.2268041237113403 1.2371134020618557 1.3298969072164948 1.6391752577319587 1.5154639175257731 3.0 2.5051546391752577 2.597938144329897 1.824742268041237 2.4123711340206184 1.7938144329896908 1.5154639175257731 1.4845360824742269 2.845360824742268 1.5154639175257731 1.422680412371134 1.6701030927835052 2.6597938144329896 2.9690721649484537 2.2268041237113403 1.3608247422680413 3.0 1.7938144329896908 2.814432989690722
14 100.89579097353634 2.9690721649484537 2.2577319587628866 3.0 2.536082474226804 2.443298969072165 2.4123711340206184 1.3608247422680413 1.824742268041237 2.6288659793814433 2.443298969072165 1.577319587628866 1.6391752577319587 1.7010309278350515 1.5463917525773196 1.422680412371134 1.5154639175257731 2.2268041237113403 1.2371134020618557 1.3298969072164948 1.6391752577319587 1.5154639175257731 3.0 2.5051546391752577 2.597938144329897 1.824742268041237 2.4123711340206184 1.7938144329896908 1.5154639175257731 1.4845360824742269 2.845360824742268 1.5154639175257731 1.422680412371134 1.6701030927835052 2.6597938144329896 2.9690721649484537 2.2268041237113403 1.3608247422680413 3.0 1.7938144329896908 2.814432989690722
15 75.1694486719691 2.9690721649484537 2.2577319587628866 3.0 2.536082474226804 2.443298969072165 2.4123711340206184 1.3608247422680413 1.824742268041237 2.6288659793814433 2.443298969072165 1.577319587628866 1.6391752577319587 1.7010309278350515 1.5463917525773196 1.422680412371134 1.5154639175257731 2.2268041237113403 1.2371134020618557 1.3298969072164948 1.6391752577319587 1.5154639175257731 3.0 2.5051546391752577 2.597938144329897 1.824742268041237 2.4123711340206184 1.7938144329896908 1.5154639175257731 1.4845360824742269 2.845360824742268 1.5154639175257731 1.422680412371134 1.6701030927835052 2.6597938144329896 2.9690721649484537 2.2268041237113403 1.3608247422680413 3.0 1.7938144329896908 2.814432989690722
16 35.04952480054811 2.9690721649484537 2.2577319587628866 3.0 2.536082474226804 2.443298969072165 2.4123711340206184 1.3608247422680413 1.824742268041237 2.6288659793814433 2.443298969072165 1.577319587628866 1.6391752577319587 1.7010309278350515 1.5463917525773196 1.422680412371134 1.5154639175257731 2.2268041237113403 1.2371134020618557 1.3298969072164948 1.6391752577319587 1.5154639175257731 3.0 2.5051546391752577 2.597938144329897 1.824742268041237 2.4123711340206184 1.7938144329896908 1.5154639175257731 1.4845360824742269 2.845360824742268 1.5154639175257731 1.422680412371134 1.6701030927835052 2.6597938144329896 2.9690721649484537 2.2268041237113403 1.3608247422680413 3.0 1.7938144329896908 2.814432989690722
17 71.01609580564576 2.9690721649484537 2.2577319587628866 3.0 2.536082474226804 2.443298969072165 2.4123711340206184 1.3608247422680413 1.824742268041237 2.6288659793814433 2.443298969072165 1.577319587628866 1.6391752577319587 1.7010309278350515 1.5463917525773196 1.422680412371134 1.5154639175257731 2.2268041237113403 1.2371134020618557 1.3298969072164948 1.6391752577319587 1.5154639175257731 3.0 2.5051546391752577 2.597938144329897 1.824742268041237 2.4123711340206184 1.7938144329896908 1.5154639175257731 1.4845360824742269 2.845360824742268 1.5154639175257731 1.422680412371134 1.6701030927835052 2.6597938144329896 2.9690721649484537 2.2268041237113403 1.3608247422680413 3.0 1.7938144329896908 2.814432989690722
18 50.94043678784588 2.9690721649484537 2.2577319587628866 3.0 2.536082474226804 2.443298969072165 2.4123711340206184 1.3608247422680413 1.824742268041237 2.6288659793814433 2.443298969072165 1.577319587628866 1.6391752577319587 1.7010309278350515 1.5463917525773196 1.422680412371134 1.5154639175257731 2.2268041237113403 1.2371134020618557 1.3298969072164948 1.6391752577319587 1.5154639175257731 3.0 2.5051546391752577 2.597938144329897 1.824742268041237 2.4123711340206184 1.7938144329896908 1.5154639175257731 1.4845360824742269 2.845360824742268 1.5154639175257731 1.422680412371134 1.6701030927835052 2.6597938144329896 2.9690721649484537 2.2268041237113403 1.3608247422680413 3.0 1.7938144329896908 2.814432989690722
19 41.240110239281385 2.9690721649484537 2.2577319587628866 3.0 2.536082474226804 2.443298969072165 2.4123711340206184 1.3608247422680413 1.824742268041237 2.6288659793814433 2.443298969072165 1.577319587628866 1.6391752577319587 1.7010309278350515 1.5463917525773196 1.422680412371134 1.5154639175257731 2.2268041237113403 1.2371134020618557 1.3298969072164948 1.6391752577319587 1.5154639175257731 3.0 2.5051546391752577 2.597938144329897 1.824742268041237 2.4123711340206184 1.7938144329896908 1.5154639175257731 1.4845360824742269 2.845360824742268 1.5154639175257731 1.422680412371134 1.6701030927835052 2.6597938144329896 2.9690721649484537 2.2268041237113403 1.3608247422680413 3.0 1.7938144329896908 2.814432989690722
20 36.13620385046722 2.9690721649484537 2.2577319587628866 3.0 2.536082474226804 2.443298969072165 2.4123711340206184 1.3608247422680413 1.824742268041237 2.6288659793814433 2.443298969072165 1.577319587628866 1.6391752577319587 1.7010309278350515 1.5463917525773196 1.422680412371134 1.5154639175257731 2.2268041237113403 1.2371134020618557 1.3298969072164948 1.6391752577319587 1.5154639175257731 3.0 2.5051546391752577 2.597938144329897 1.824742268041237 2.4123711340206184 1.7938144329896908 1.5154639175257731 1.4845360824742269 2.845360824742268 1.5154639175257731 1.422680412371134 1.6701030927835052 2.6597938144329896 2.9690721649484537 2.2268041237113403 1.3608247422680413 3.0 1.7938144329896908 2.814432989690722
21 11.0 2.9690721649484537 2.2577319587628866 3.0 2.536082474226804 2.443298969072165 2.4123711340206184 1.3608247422680413 1.824742268041237 2.6288659793814433 2.443298969072165 1.577319587628866 1.6391752577319587 1.7010309278350515 1.5463917525773196 1.422680412371134 1.5154639175257731 2.2268041237113403 1.2371134020618557 1.3298969072164948 1.6391752577319587 1.5154639175257731 3.0 2.5051546391752577 2.597938144329897 1.824742268041237 2.4123711340206184 1.7938144329896908 1.5154639175257731 1.4845360824742269 2.845360824742268 1.5154639175257731 1.422680412371134 1.6701030927835052 2.6597938144329896 2.9690721649484537 2.2268041237113403 1.3608247422680413 3.0 1.7938144329896908 2.814432989690722
22 33.63640930028515 1.9793814432989691 1.5051546391752577 2.0 1.690721649484536 1.6288659793814433 1.6082474226804124 0.9072164948453608 1.2164948453608246 1.7525773195876289 1.6288659793814433 1.0515463917525774 1.092783505154639 1.134020618556701 1.0309278350515463 0.9484536082474226 1.0103092783505154 1.4845360824742269 0.8247422680412371 0.8865979381443299 1.092783505154639 1.0103092783505154 2.0 1.6701030927835052 1.731958762886598 1.2164948453608246 1.6082474226804124 1.1958762886597938 1.0103092783505154 0.9896907216494846 1.8969072164948453 1.0103092783505154 0.9484536082474226 1.1134020618556701 1.7731958762886597 1.9793814432989691 1.4845360824742269 0.9072164948453608 2.0 1.1958762886597938 1.8762886597938144
23 140.1876135038995 1.9793814432989691 1.5051546391752577 2.0 1.690721649484536 1.6288659793814433 1.6082474226804124 0.9072164948453608 1.2164948453608246 1.7525773195876289 1.6288659793814433 1.0515463917525774 1.092783505154639 1.134020618556701 1.0309278350515463 0.9484536082474226 1.0103092783505154 1.4845360824742269 0.8247422680412371 0.8865979381443299 1.092783505154639 1.0103092783505154 2.0 1.6701030927835052 1.731958762886598 1.2164948453608246 1.6082474226804124 1.1958762886597938 1.0103092783505154 0.9896907216494846 1.8969072164948453 1.0103092783505154 0.9484536082474226 1.1134020618556701 1.7731958762886597 1.9793814432989691 1.4845360824742269 0.9072164948453608 2.0 1.1958762886597938 1.8762886597938144
24 98.0097141659173 2.9690721649484537 2.2577319587628866 3.0 2.536082474226804 2.443298969072165 2.4123711340206184 1.3608247422680413 1.824742268041237 2.6288659793814433 2.443298969072165 1.577319587628866 1.6391752577319587 1.7010309278350515 1.5463917525773196 1.422680412371134 1.5154639175257731 2.2268041237113403 1.2371134020618557 1.3298969072164948 1.6391752577319587 1.5154639175257731 3.0 2.5051546391752577 2.597938144329897 1.824742268041237 2.4123711340206184 1.7938144329896908 1.5154639175257731 1.4845360824742269 2.845360824742268 1.5154639175257731 1.422680412371134 1.6701030927835052 2.6597938144329896 2.9690721649484537 2.2268041237113403 1.3608247422680413 3.0 1.7938144329896908 2.814432989690722
25 83.25820041410705 2.9690721649484537 2.2577319587628866 3.0 2.536082474226804 2.443298969072165 2.4123711340206184 1.3608247422680413 1.824742268041237 2.6288659793814433 2.443298969072165 1.577319587628866 1.6391752577319587 1.7010309278350515 1.5463917525773196 1.422680412371134 1.5154639175257731 2.2268041237113403 1.2371134020618557 1.3298969072164948 1.6391752577319587 1.5154639175257731 3.0 2.5051546391752577 2.597938144329897 1.824742268041237 2.4123711340206184 1.7938144329896908 1.5154639175257731 1.4845360824742269 2.845360824742268 1.5154639175257731 1.422680412371134 1.6701030927835052 2.6597938144329896 2.9690721649484537 2.2268041237113403 1.3608247422680413 3.0 1.7938144329896908 2.814432989690722
26 13.40110433755705 1.9793814432989691 1.5051546391752577 2.0 1.690721649484536 1.6288659793814433 1.6082474226804124 0.9072164948453608 1.2164948453608246 1.7525773195876289 1.6288659793814433 1.0515463917525774 1.092783505154639 1.134020618556701 1.0309278350515463 0.9484536082474226 1.0103092783505154 1.4845360824742269 0.8247422680412371 0.8865979381443299 1.092783505154639 1.0103092783505154 2.0 1.6701030927835052 1.731958762886598 1.2164948453608246 1.6082474226804124 1.1958762886597938 1.0103092783505154 0.9896907216494846 1.8969072164948453 1.0103092783505154 0.9484536082474226 1.1134020618556701 1.7731958762886597 1.9793814432989691 1.4845360824742269 0.9072164948453608 2.0 1.1958762886597938 1.8762886597938144
27 26.860575267033088 1.9793814432989691 1.5051546391752577 2.0 1.690721649484536 1.6288659793814433 1.6082474226804124 0.9072164948453608 1.2164948453608246 1.7525773195876289 1.6288659793814433 1.0515463917525774 1.092783505154639 1.134020618556701 1.0309278350515463 0.9484536082474226 1.0103092783505154 1.4845360824742269 0.8247422680412371 0.8865979381443299 1.092783505154639 1.0103092783505154 2.0 1.6701030927835052 1.731958762886598 1.2164948453608246 1.6082474226804124 1.1958762886597938 1.0103092783505154 0.9896907216494846 1.8969072164948453 1.0103092783505154 0.9484536082474226 1.1134020618556701 1.7731958762886597 1.9793814432989691 1.4845360824742269 0.9072164948453608 2.0 1.1958762886597938 1.8762886597938144
28 2.2861312787892074 1.9793814432989691 1.5051546391752577 2.0 1.690721649484536 1.6288659793814433 1.6082474226804124 0.9072164948453608 1.2164948453608246 1.7525773195876289 1.6288659793814433 1.0515463917525774 1.092783505154639 1.134020618556701 1.0309278350515463 0.9484536082474226 1.0103092783505154 1.4845360824742269 0.8247422680412371 0.8865979381443299 1.092783505154639 1.0103092783505154 2.0 1.6701030927835052 1.731958762886598 1.2164948453608246 1.6082474226804124 1.1958762886597938 1.0103092783505154 0.9896907216494846 1.8969072164948453 1.0103092783505154 0.9484536082474226 1.1134020618556701 1.7731958762886597 1.9793814432989691 1.4845360824742269 0.9072164948453608 2.0 1.1958762886597938 1.8762886597938144
29 132.1007901236923 1.9793814432989691 1.5051546391752577 2.0 1.690721649484536 1.6288659793814433 1.6082474226804124 0.9072164948453608 1.2164948453608246 1.7525773195876289 1.6288659793814433 1.0515463917525774 1.092783505154639 1.134020618556701 1.0309278350515463 0.9484536082474226 1.0103092783505154 1.4845360824742269 0.8247422680412371 0.8865979381443299 1.092783505154639 1.0103092783505154 2.0 1.6701030927835052 1.731958762886598 1.2164948453608246 1.6082474226804124 1.1958762886597938 1.0103092783505154 0.9896907216494846 1.8969072164948453 1.0103092783505154 0.9484536082474226 1.1134020618556701 1.7731958762886597 1.9793814432989691 1.4845360824742269 0.9072164948453608 2.0 1.1958762886597938 1.8762886597938144
30 90.96608617205082 1.9793814432989691 1.5051546391752577 2.0 1.690721649484536 1.6288659793814433 1.6082474226804124 0.9072164948453608 1.2164948453608246 1.7525773195876289 1.6288659793814433 1.0515463917525774 1.092783505154639 1.134020618556701 1.0309278350515463 0.9484536082474226 1.0103092783505154 1.4845360824742269 0.8247422680412371 0.8865979381443299 1.092783505154639 1.0103092783505154 2.0 1.6701030927835052 1.731958762886598 1.2164948453608246 1.6082474226804124 1.1958762886597938 1.0103092783505154 0.9896907216494846 1.8969072164948453 1.0103092783505154 0.9484536082474226 1.1134020618556701 1.7731958762886597 1.9793814432989691 1.4845360824742269 0.9072164948453608 2.0 1.1958762886597938 1.8762886597938144
31 7.161469072164938 1.9793814432989691 1.5051546391752577 2.0 1.690721649484536 1.6288659793814433 1.6082474226804124 0.9072164948453608 1.2164948453608246 1.7525773195876289 1.6288659793814433 1.0515463917525774 1.092783505154639 1.134020618556701 1.0309278350515463 0.9484536082474226 1.0103092783505154 1.4845360824742269 0.8247422680412371 0.8865979381443299 1.092783505154639 1.0103092783505154 2.0 1.6701030927835052 1.731958762886598 1.2164948453608246 1.6082474226804124 1.1958762886597938 1.0103092783505154 0.9896907216494846 1.8969072164948453 1.0103092783505154 0.9484536082474226 1.1134020618556701 1.7731958762886597 1.9793814432989691 1.4845360824742269 0.9072164948453608 2.0 1.1958762886597938 1.8762886597938144
32 53.90869830680013 2.9690721649484537 2.2577319587628866 3.0 2.536082474226804 2.443298969072165 2.4123711340206184 1.3608247422680413 1.824742268041237 2.6288659793814433 2.443298969072165 1.577319587628866 1.6391752577319587 1.7010309278350515 1.5463917525773196 1.422680412371134 1.5154639175257731 2.2268041237113403 1.2371134020618557 1.3298969072164948 1.6391752577319587 1.5154639175257731 3.0 2.5051546391752577 2.597938144329897 1.824742268041237 2.4123711340206184 1.7938144329896908 1.5154639175257731 1.4845360824742269 2.845360824742268 1.5154639175257731 1.422680412371134 1.6701030927835052 2.6597938144329896 2.9690721649484537 2.2268041237113403 1.3608247422680413 3.0 1.7938144329896908 2.814432989690722
33 71.67026908485758 2.9690721649484537 2.2577319587628866 3.0 2.536082474226804 2.443298969072165 2.4123711340206184 1.3608247422680413 1.824742268041237 2.6288659793814433 2.443298969072165 1.577319587628866 1.6391752577319587 1.7010309278350515 1.5463917525773196 1.422680412371134 1.5154639175257731 2.2268041237113403 1.2371134020618557 1.3298969072164948 1.6391752577319587 1.5154639175257731 3.0 2.5051546391752577 2.597938144329897 1.824742268041237 2.4123711340206184 1.7938144329896908 1.5154639175257731 1.4845360824742269 2.845360824742268 1.5154639175257731 1.422680412371134 1.6701030927835052 2.6597938144329896 2.9690721649484537 2.2268041237113403 1.3608247422680413 3.0 1.7938144329896908 2.814432989690722
34 14.068656176523781 2.9690721649484537 2.2577319587628866 3.0 2.536082474226804 2.443298969072165 2.4123711340206184 1.3608247422680413 1.824742268041237 2.6288659793814433 2.443298969072165 1.577319587628866 1.6391752577319587 1.7010309278350515 1.5463917525773196 1.422680412371134 1.5154639175257731 2.2268041237113403 1.2371134020618557 1.3298969072164948 1.6391752577319587 1.5154639175257731 3.0 2.5051546391752577 2.597938144329897 1.824742268041237 2.4123711340206184 1.7938144329896908 1.5154639175257731 1.4845360824742269 2.845360824742268 1.5154639175257731 1.422680412371134 1.6701030927835052 2.6597938144329896 2.9690721649484537 2.2268041237113403 1.3608247422680413 3.0 1.7938144329896908 2.814432989690722
35 123.75004731484947 2.9690721649484537 2.2577319587628866 3.0 2.536082474226804 2.443298969072165 2.4123711340206184 1.3608247422680413 1.824742268041237 2.6288659793814433 2.443298969072165 1.577319587628866 1.6391752577319587 1.7010309278350515 1.5463917525773196 1.422680412371134 1.5154639175257731 2.2268041237113403 1.2371134020618557 1.3298969072164948 1.6391752577319587 1.5154639175257731 3.0 2.5051546391752577 2.597938144329897 1.824742268041237 2.4123711340206184 1.7938144329896908 1.5154639175257731 1.4845360824742269 2.845360824742268 1.5154639175257731 1.422680412371134 1.6701030927835052 2.6597938144329896 2.9690721649484537 2.2268041237113403 1.3608247422680413 3.0 1.7938144329896908 2.814432989690722
36 37.00494171028871 1.9793814432989691 1.5051546391752577 2.0 1.690721649484536 1.6288659793814433 1.6082474226804124 0.9072164948453608 1.2164948453608246 1.7525773195876289 1.6288659793814433 1.0515463917525774 1.092783505154639 1.134020618556701 1.0309278350515463 0.9484536082474226 1.0103092783505154 1.4845360824742269 0.8247422680412371 0.8865979381443299 1.092783505154639 1.0103092783505154 2.0 1.6701030927835052 1.731958762886598 1.2164948453608246 1.6082474226804124 1.1958762886597938 1.0103092783505154 0.9896907216494846 1.8969072164948453 1.0103092783505154 0.9484536082474226 1.1134020618556701 1.7731958762886597 1.9793814432989691 1.4845360824742269 0.9072164948453608 2.0 1.1958762886597938 1.8762886597938144
37 22.001600632206614 2.9690721649484537 2.2577319587628866 3.0 2.536082474226804 2.443298969072165 2.4123711340206184 1.3608247422680413 1.824742268041237 2.6288659793814433 2.443298969072165 1.577319587628866 1.6391752577319587 1.7010309278350515 1.5463917525773196 1.422680412371134 1.5154639175257731 2.2268041237113403 1.2371134020618557 1.3298969072164948 1.6391752577319587 1.5154639175257731 3.0 2.5051546391752577 2.597938144329897 1.824742268041237 2.4123711340206184 1.7938144329896908 1.5154639175257731 1.4845360824742269 2.845360824742268 1.5154639175257731 1.422680412371134 1.6701030927835052 2.6597938144329896 2.9690721649484537 2.2268041237113403 1.3608247422680413 3.0 1.7938144329896908 2.814432989690722
38 8.366376665828504 1.9793814432989691 1.5051546391752577 2.0 1.690721649484536 1.6288659793814433 1.6082474226804124 0.9072164948453608 1.2164948453608246 1.7525773195876289 1.6288659793814433 1.0515463917525774 1.092783505154639 1.134020618556701 1.0309278350515463 0.9484536082474226 1.0103092783505154 1.4845360824742269 0.8247422680412371 0.8865979381443299 1.092783505154639 1.0103092783505154 2.0 1.6701030927835052 1.731958762886598 1.2164948453608246 1.6082474226804124 1.1958762886597938 1.0103092783505154 0.9896907216494846 1.8969072164948453 1.0103092783505154 0.9484536082474226 1.1134020618556701 1.7731958762886597 1.9793814432989691 1.4845360824742269 0.9072164948453608 2.0 1.1958762886597938 1.8762886597938144
39 84.64292576802835 2.9690721649484537 2.2577319587628866 3.0 2.536082474226804 2.443298969072165 2.4123711340206184 1.3608247422680413 1.824742268041237 2.6288659793814433 2.443298969072165 1.577319587628866 1.6391752577319587 1.7010309278350515 1.5463917525773196 1.422680412371134 1.5154639175257731 2.2268041237113403 1.2371134020618557 1.3298969072164948 1.6391752577319587 1.5154639175257731 3.0 2.5051546391752577 2.597938144329897 1.824742268041237 2.4123711340206184 1.7938144329896908 1.5154639175257731 1.4845360824742269 2.845360824742268 1.5154639175257731 1.422680412371134 1.6701030927835052 2.6597938144329896 2.9690721649484537 2.2268041237113403 1.3608247422680413 3.0 1.7938144329896908 2.814432989690722
40 29.245280162581395 1.9793814432989691 1.5051546391752577 2.0 1.690721649484536 1.6288659793814433 1.6082474226804124 0.9072164948453608 1.2164948453608246 1.7525773195876289 1.6288659793814433 1.0515463917525774 1.092783505154639 1.134020618556701 1.0309278350515463 0.9484536082474226 1.0103092783505154 1.4845360824742269 0.8247422680412371 0.8865979381443299 1.092783505154639 1.0103092783505154 2.0 1.6701030927835052 1.731958762886598 1.2164948453608246 1.6082474226804124 1.1958762886597938 1.0103092783505154 0.9896907216494846 1.8969072164948453 1.0103092783505154 0.9484536082474226 1.1134020618556701 1.7731958762886597 1.9793814432989691 1.4845360824742269 0.9072164948453608 2.0 1.1958762886597938 1.8762886597938144
41 47.953276615752614 2.9690721649484537 2.2577319587628866 3.0 2.536082474226804 2.443298969072165 2.4123711340206184 1.3608247422680413 1.824742268041237 2.6288659793814433 2.443298969072165 1.577319587628866 1.6391752577319587 1.7010309278350515 1.5463917525773196 1.422680412371134 1.5154639175257731 2.2268041237113403 1.2371134020618557 1.3298969072164948 1.6391752577319587 1.5154639175257731 3.0 2.5051546391752577 2.597938144329897 1.824742268041237 2.4123711340206184 1.7938144329896908 1.5154639175257731 1.4845360824742269 2.845360824742268 1.5154639175257731 1.422680412371134 1.6701030927835052 2.6597938144329896 2.9690721649484537 2.2268041237113403 1.3608247422680413 3.0 1.7938144329896908 2.814432989690722
42 130.1143827399968 1.9793814432989691 1.5051546391752577 2.0 1.690721649484536 1.6288659793814433 1.6082474226804124 0.9072164948453608 1.2164948453608246 1.7525773195876289 1.6288659793814433 1.0515463917525774 1.092783505154639 1.134020618556701 1.0309278350515463 0.9484536082474226 1.0103092783505154 1.4845360824742269 0.8247422680412371 0.8865979381443299 1.092783505154639 1.0103092783505154 2.0 1.6701030927835052 1.731958762886598 1.2164948453608246 1.6082474226804124 1.1958762886597938 1.0103092783505154 0.9896907216494846 1.8969072164948453 1.0103092783505154 0.9484536082474226 1.1134020618556701 1.7731958762886597 1.9793814432989691 1.4845360824742269 0.9072164948453608 2.0 1.1958762886597938 1.8762886597938144
43 70.64762796476457 2.9690721649484537 2.2577319587628866 3.0 2.536082474226804 2.443298969072165 2.4123711340206184 1.3608247422680413 1.824742268041237 2.6288659793814433 2.443298969072165 1.577319587628866 1.6391752577319587 1.7010309278350515 1.5463917525773196 1.422680412371134 1.5154639175257731 2.2268041237113403 1.2371134020618557 1.3298969072164948 1.6391752577319587 1.5154639175257731 3.0 2.5051546391752577 2.597938144329897 1.824742268041237 2.4123711340206184 1.7938144329896908 1.5154639175257731 1.4845360824742269 2.845360824742268 1.5154639175257731 1.422680412371134 1.6701030927835052 2.6597938144329896 2.9690721649484537 2.2268041237113403 1.3608247422680413 3.0 1.7938144329896908 2.814432989690722
44 17.13711738077135 2.9690721649484537 2.2577319587628866 3.0 2.536082474226804 2.443298969072165 2.4123711340206184 1.3608247422680413 1.824742268041237 2.6288659793814433 2.443298969072165 1.577319587628866 1.6391752577319587 1.7010309278350515 1.5463917525773196 1.422680412371134 1.5154639175257731 2.2268041237113403 1.2371134020618557 1.3298969072164948 1.6391752577319587 1.5154639175257731 3.0 2.5051546391752577 2.597938144329897 1.824742268041237 2.4123711340206184 1.7938144329896908 1.5154639175257731 1.4845360824742269 2.845360824742268 1.5154639175257731 1.422680412371134 1.6701030927835052 2.6597938144329896 2.9690721649484537 2.2268041237113403 1.3608247422680413 3.0 1.7938144329896908 2.814432989690722
45 95.29701821186103 1.9793814432989691 1.5051546391752577 2.0 1.690721649484536 1.6288659793814433 1.6082474226804124 0.9072164948453608 1.2164948453608246 1.7525773195876289 1.6288659793814433 1.0515463917525774 1.092783505154639 1.134020618556701 1.0309278350515463 0.9484536082474226 1.0103092783505154 1.4845360824742269 0.8247422680412371 0.8865979381443299 1.092783505154639 1.0103092783505154 2.0 1.6701030927835052 1.731958762886598 1.2164948453608246 1.6082474226804124 1.1958762886597938 1.0103092783505154 0.9896907216494846 1.8969072164948453 1.0103092783505154 0.9484536082474226 1.1134020618556701 1.7731958762886597 1.9793814432989691 1.4845360824742269 0.9072164948453608 2.0 1.1958762886597938 1.8762886597938144
46 79.83033440900131 1.9793814432989691 1.5051546391752577 2.0 1.690721649484536 1.6288659793814433 1.6082474226804124 0.9072164948453608 1.2164948453608246 1.7525773195876289 1.6288659793814433 1.0515463917525774 1.092783505154639 1.134020618556701 1.0309278350515463 0.9484536082474226 1.0103092783505154 1.4845360824742269 0.8247422680412371 0.8865979381443299 1.092783505154639 1.0103092783505154 2.0 1.6701030927835052 1.731958762886598 1.2164948453608246 1.6082474226804124 1.1958762886597938 1.0103092783505154 0.9896907216494846 1.8969072164948453 1.0103092783505154 0.9484536082474226 1.1134020618556701 1.7731958762886597 1.9793814432989691 1.4845360824742269 0.9072164948453608 2.0 1.1958762886597938 1.8762886597938144
47 8.564831302717897 2.9690721649484537 2.2577319587628866 3.0 2.536082474226804 2.443298969072165 2.4123711340206184 1.3608247422680413 1.824742268041237 2.6288659793814433 2.443298969072165 1.577319587628866 1.6391752577319587 1.7010309278350515 1.5463917525773196 1.422680412371134 1.5154639175257731 2.2268041237113403 1.2371134020618557 1.3298969072164948 1.6391752577319587 1.5154639175257731 3.0 2.5051546391752577 2.597938144329897 1.824742268041237 2.4123711340206184 1.7938144329896908 1.5154639175257731 1.4845360824742269 2.845360824742268 1.5154639175257731 1.422680412371134 1.6701030927835052 2.6597938144329896 2.9690721649484537 2.2268041237113403 1.3608247422680413 3.0 1.7938144329896908 2.814432989690722
48 35.163881839809676 1.9793814432989691 1.5051546391752577 2.0 1.690721649484536 1.6288659793814433 1.6082474226804124 0.9072164948453608 1.2164948453608246 1.7525773195876289 1.6288659793814433 1.0515463917525774 1.092783505154639 1.134020618556701 1.0309278350515463 0.9484536082474226 1.0103092783505154 1.4845360824742269 0.8247422680412371 0.8865979381443299 1.092783505154639 1.0103092783505154 2.0 1.6701030927835052 1.731958762886598 1.2164948453608246 1.6082474226804124 1.1958762886597938 1.0103092783505154 0.9896907216494846 1.8969072164948453 1.0103092783505154 0.9484536082474226 1.1134020618556701 1.7731958762886597 1.9793814432989691 1.4845360824742269 0.9072164948453608 2.0 1.1958762886597938 1.8762886597938144
49 314.860507576932 1.9793814432989691 1.5051546391752577 2.0 1.690721649484536 1.6288659793814433 1.6082474226804124 0.9072164948453608 1.2164948453608246 1.7525773195876289 1.6288659793814433 1.0515463917525774 1.092783505154639 1.134020618556701 1.0309278350515463 0.9484536082474226 1.0103092783505154 1.4845360824742269 0.8247422680412371 0.8865979381443299 1.092783505154639 1.0103092783505154 2.0 1.6701030927835052 1.731958762886598 1.2164948453608246 1.6082474226804124 1.1958762886597938 1.0103092783505154 0.9896907216494846 1.8969072164948453 1.0103092783505154 0.9484536082474226 1.1134020618556701 1.7731958762886597 1.9793814432989691 1.4845360824742269 0.9072164948453608 2.0 1.1958762886597938 1.8762886597938144
50 74.62992588335305 2.9690721649484537 2.2577319587628866 3.0 2.536082474226804 2.443298969072165 2.4123711340206184 1.3608247422680413 1.824742268041237 2.6288659793814433 2.443298969072165 1.577319587628866 1.6391752577319587 1.7010309278350515 1.5463917525773196 1.422680412371134 1.5154639175257731 2.2268041237113403 1.2371134020618557 1.3298969072164948 1.6391752577319587 1.5154639175257731 3.0 2.5051546391752577 2.597938144329897 1.824742268041237 2.4123711340206184 1.7938144329896908 1.5154639175257731 1.4845360824742269 2.845360824742268 1.5154639175257731 1.422680412371134 1.6701030927835052 2.6597938144329896 2.9690721649484537 2.2268041237113403 1.3608247422680413 3.0 1.7938144329896908 2.814432989690722
51 35.54224042709867 2.9690721649484537 2.2577319587628866 3.0 2.536082474226804 2.443298969072165 2.4123711340206184 1.3608247422680413 1.824742268041237 2.6288659793814433 2.443298969072165 1.577319587628866 1.6391752577319587 1.7010309278350515 1.5463917525773196 1.422680412371134 1.5154639175257731 2.2268041237113403 1.2371134020618557 1.3298969072164948 1.6391752577319587 1.5154639175257731 3.0 2.5051546391752577 2.597938144329897 1.824742268041237 2.4123711340206184 1.7938144329896908 1.5154639175257731 1.4845360824742269 2.845360824742268 1.5154639175257731 1.422680412371134 1.6701030927835052 2.6597938144329896 2.9690721649484537 2.2268041237113403 1.3608247422680413 3.0 1.7938144329896908 2.814432989690722
52 26.53649735981895 1.9793814432989691 1.5051546391752577 2.0 1.690721649484536 1.6288659793814433 1.6082474226804124 0.9072164948453608 1.2164948453608246 1.7525773195876289 1.6288659793814433 1.0515463917525774 1.092783505154639 1.134020618556701 1.0309278350515463 0.9484536082474226 1.0103092783505154 1.4845360824742269 0.8247422680412371 0.8865979381443299 1.092783505154639 1.0103092783505154 2.0 1.6701030927835052 1.731958762886598 1.2164948453608246 1.6082474226804124 1.1958762886597938 1.0103092783505154 0.9896907216494846 1.8969072164948453 1.0103092783505154 0.9484536082474226 1.1134020618556701 1.7731958762886597 1.9793814432989691 1.4845360824742269 0.9072164948453608 2.0 1.1958762886597938 1.8762886597938144
53 55.70114874815905 2.9690721649484537 2.2577319587628866 3.0 2.536082474226804 2.443298969072165 2.4123711340206184 1.3608247422680413 1.824742268041237 2.6288659793814433 2.443298969072165 1.577319587628866 1.6391752577319587 1.7010309278350515 1.5463917525773196 1.422680412371134 1.5154639175257731 2.2268041237113403 1.2371134020618557 1.3298969072164948 1.6391752577319587 1.5154639175257731 3.0 2.5051546391752577 2.597938144329897 1.824742268041237 2.4123711340206184 1.7938144329896908 1.5154639175257731 1.4845360824742269 2.845360824742268 1.5154639175257731 1.422680412371134 1.6701030927835052 2.6597938144329896 2.9690721649484537 2.2268041237113403 1.3608247422680413 3.0 1.7938144329896908 2.814432989690722
54 82.66525117495453 2.9690721649484537 2.2577319587628866 3.0 2.536082474226804 2.443298969072165 2.4123711340206184 1.3608247422680413 1.824742268041237 2.6288659793814433 2.443298969072165 1.577319587628866 1.6391752577319587 1.7010309278350515 1.5463917525773196 1.422680412371134 1.5154639175257731 2.2268041237113403 1.2371134020618557 1.3298969072164948 1.6391752577319587 1.5154639175257731 3.0 2.5051546391752577 2.597938144329897 1.824742268041237 2.4123711340206184 1.7938144329896908 1.5154639175257731 1.4845360824742269 2.845360824742268 1.5154639175257731 1.422680412371134 1.6701030927835052 2.6597938144329896 2.9690721649484537 2.2268041237113403 1.3608247422680413 3.0 1.7938144329896908 2.814432989690722
55 29.206788700375988 1.9793814432989691 1.5051546391752577 2.0 1.690721649484536 1.6288659793814433 1.6082474226804124 0.9072164948453608 1.2164948453608246 1.7525773195876289 1.6288659793814433 1.0515463917525774 1.092783505154639 1.134020618556701 1.0309278350515463 0.9484536082474226 1.0103092783505154 1.4845360824742269 0.8247422680412371 0.8865979381443299 1.092783505154639 1.0103092783505154 2.0 1.6701030927835052 1.731958762886598 1.2164948453608246 1.6082474226804124 1.1958762886597938 1.0103092783505154 0.9896907216494846 1.8969072164948453 1.0103092783505154 0.9484536082474226 1.1134020618556701 1.7731958762886597 1.9793814432989691 1.4845360824742269 0.9072164948453608 2.0 1.1958762886597938 1.8762886597938144
56 100.82749224708742 2.9690721649484537 2.2577319587628866 3.0 2.536082474226804 2.443298969072165 2.4123711340206184 1.3608247422680413 1.824742268041237 2.6288659793814433 2.443298969072165 1.577319587628866 1.6391752577319587 1.7010309278350515 1.5463917525773196 1.422680412371134 1.5154639175257731 2.2268041237113403 1.2371134020618557 1.3298969072164948 1.6391752577319587 1.5154639175257731 3.0 2.5051546391752577 2.597938144329897 1.824742268041237 2.4123711340206184 1.7938144329896908 1.5154639175257731 1.4845360824742269 2.845360824742268 1.5154639175257731 1.422680412371134 1.6701030927835052 2.6597938144329896 2.9690721649484537 2.2268041237113403 1.3608247422680413 3.0 1.7938144329896908 2.814432989690722
57 22.095704566378505 2.9690721649484537 2.2577319587628866 3.0 2.536082474226804 2.443298969072165 2.4123711340206184 1.3608247422680413 1.824742268041237 2.6288659793814433 2.443298969072165 1.577319587628866 1.6391752577319587 1.7010309278350515 1.5463917525773196 1.422680412371134 1.5154639175257731 2.2268041237113403 1.2371134020618557 1.3298969072164948 1.6391752577319587 1.5154639175257731 3.0 2.5051546391752577 2.597938144329897 1.824742268041237 2.4123711340206184 1.7938144329896908 1.5154639175257731 1.4845360824742269 2.845360824742268 1.5154639175257731 1.422680412371134 1.6701030927835052 2.6597938144329896 2.9690721649484537 2.2268041237113403 1.3608247422680413 3.0 1.7938144329896908 2.814432989690722
58 32.82323813030367 1.9793814432989691 1.5051546391752577 2.0 1.690721649484536 1.6288659793814433 1.6082474226804124 0.9072164948453608 1.2164948453608246 1.7525773195876289 1.6288659793814433 1.0515463917525774 1.092783505154639 1.134020618556701 1.0309278350515463 0.9484536082474226 1.0103092783505154 1.4845360824742269 0.8247422680412371 0.8865979381443299 1.092783505154639 1.0103092783505154 2.0 1.6701030927835052 1.731958762886598 1.2164948453608246 1.6082474226804124 1.1958762886597938 1.0103092783505154 0.9896907216494846 1.8969072164948453 1.0103092783505154 0.9484536082474226 1.1134020618556701 1.7731958762886597 1.9793814432989691 1.4845360824742269 0.9072164948453608 2.0 1.1958762886597938 1.8762886597938144
59 134.03788966617572 2.9690721649484537 2.2577319587628866 3.0 2.536082474226804 2.443298969072165 2.4123711340206184 1.3608247422680413 1.824742268041237 2.6288659793814433 2.443298969072165 1.577319587628866 1.6391752577319587 1.7010309278350515 1.5463917525773196 1.422680412371134 1.5154639175257731 2.2268041237113403 1.2371134020618557 1.3298969072164948 1.6391752577319587 1.5154639175257731 3.0 2.5051546391752577 2.597938144329897 1.824742268041237 2.4123711340206184 1.7938144329896908 1.5154639175257731 1.4845360824742269 2.845360824742268 1.5154639175257731 1.422680412371134 1.6701030927835052 2.6597938144329896 2.9690721649484537 2.2268041237113403 1.3608247422680413 3.0 1.7938144329896908 2.814432989690722
60 16.88382881802925 1.9793814432989691 1.5051546391752577 2.0 1.690721649484536 1.6288659793814433 1.6082474226804124 0.9072164948453608 1.2164948453608246 1.7525773195876289 1.6288659793814433 1.0515463917525774 1.092783505154639 1.134020618556701 1.0309278350515463 0.9484536082474226 1.0103092783505154 1.4845360824742269 0.8247422680412371 0.8865979381443299 1.092783505154639 1.0103092783505154 2.0 1.6701030927835052 1.731958762886598 1.2164948453608246 1.6082474226804124 1.1958762886597938 1.0103092783505154 0.9896907216494846 1.8969072164948453 1.0103092783505154 0.9484536082474226 1.1134020618556701 1.7731958762886597 1.9793814432989691 1.4845360824742269 0.9072164948453608 2.0 1.1958762886597938 1.8762886597938144
61 30.22692639654756 2.9690721649484537 2.2577319587628866 3.0 2.536082474226804 2.443298969072165 2.4123711340206184 1.3608247422680413 1.824742268041237 2.6288659793814433 2.443298969072165 1.577319587628866 1.6391752577319587 1.7010309278350515 1.5463917525773196 1.422680412371134 1.5154639175257731 2.2268041237113403 1.2371134020618557 1.3298969072164948 1.6391752577319587 1.5154639175257731 3.0 2.5051546391752577 2.597938144329897 1.824742268041237 2.4123711340206184 1.7938144329896908 1.5154639175257731 1.4845360824742269 2.845360824742268 1.5154639175257731 1.422680412371134 1.6701030927835052 2.6597938144329896 2.9690721649484537 2.2268041237113403 1.3608247422680413 3.0 1.7938144329896908 2.814432989690722
62 5.40086405924978 1.9793814432989691 1.5051546391752577 2.0 1.690721649484536 1.6288659793814433 1.6082474226804124 0.9072164948453608 1.2164948453608246 1.7525773195876289 1.6288659793814433 1.0515463917525774 1.092783505154639 1.134020618556701 1.0309278350515463 0.9484536082474226 1.0103092783505154 1.4845360824742269 0.8247422680412371 0.8865979381443299 1.092783505154639 1.0103092783505154 2.0 1.6701030927835052 1.731958762886598 1.2164948453608246 1.6082474226804124 1.1958762886597938 1.0103092783505154 0.9896907216494846 1.8969072164948453 1.0103092783505154 0.9484536082474226 1.1134020618556701 1.7731958762886597 1.9793814432989691 1.4845360824742269 0.9072164948453608 2.0 1.1958762886597938 1.8762886597938144
63 36.96902728500023 1.9793814432989691 1.5051546391752577 2.0 1.690721649484536 1.6288659793814433 1.6082474226804124 0.9072164948453608 1.2164948453608246 1.7525773195876289 1.6288659793814433 1.0515463917525774 1.092783505154639 1.134020618556701 1.0309278350515463 0.9484536082474226 1.0103092783505154 1.4845360824742269 0.8247422680412371 0.8865979381443299 1.092783505154639 1.0103092783505154 2.0 1.6701030927835052 1.731958762886598 1.2164948453608246 1.6082474226804124 1.1958762886597938 1.0103092783505154 0.9896907216494846 1.8969072164948453 1.0103092783505154 0.9484536082474226 1.1134020618556701 1.7731958762886597 1.9793814432989691 1.4845360824742269 0.9072164948453608 2.0 1.1958762886597938 1.8762886597938144
64 53.268855127509504 2.9690721649484537 2.2577319587628866 3.0 2.536082474226804 2.443298969072165 2.4123711340206184 1.3608247422680413 1.824742268041237 2.6288659793814433 2.443298969072165 1.577319587628866 1.6391752577319587 1.7010309278350515 1.5463917525773196 1.422680412371134 1.5154639175257731 2.2268041237113403 1.2371134020618557 1.3298969072164948 1.6391752577319587 1.5154639175257731 3.0 2.5051546391752577 2.597938144329897 1.824742268041237 2.4123711340206184 1.7938144329896908 1.5154639175257731 1.4845360824742269 2.845360824742268 1.5154639175257731 1.422680412371134 1.6701030927835052 2.6597938144329896 2.9690721649484537 2.2268041237113403 1.3608247422680413 3.0 1.7938144329896908 2.814432989690722
65 58.7019682475088 1.9793814432989691 1.5051546391752577 2.0 1.690721649484536 1.6288659793814433 1.6082474226804124 0.9072164948453608 1.2164948453608246 1.7525773195876289 1.6288659793814433 1.0515463917525774 1.092783505154639 1.134020618556701 1.0309278350515463 0.9484536082474226 1.0103092783505154 1.4845360824742269 0.8247422680412371 0.8865979381443299 1.092783505154639 1.0103092783505154 2.0 1.6701030927835052 1.731958762886598 1.2164948453608246 1.6082474226804124 1.1958762886597938 1.0103092783505154 0.9896907216494846 1.8969072164948453 1.0103092783505154 0.9484536082474226 1.1134020618556701 1.7731958762886597 1.9793814432989691 1.4845360824742269 0.9072164948453608 2.0 1.1958762886597938 1.8762886597938144
66 78.7679233137996 1.9793814432989691 1.5051546391752577 2.0 1.690721649484536 1.6288659793814433 1.6082474226804124 0.9072164948453608 1.2164948453608246 1.7525773195876289 1.6288659793814433 1.0515463917525774 1.092783505154639 1.134020618556701 1.0309278350515463 0.9484536082474226 1.0103092783505154 1.4845360824742269 0.8247422680412371 0.8865979381443299 1.092783505154639 1.0103092783505154 2.0 1.6701030927835052 1.731958762886598 1.2164948453608246 1.6082474226804124 1.1958762886597938 1.0103092783505154 0.9896907216494846 1.8969072164948453 1.0103092783505154 0.9484536082474226 1.1134020618556701 1.7731958762886597 1.9793814432989691 1.4845360824742269 0.9072164948453608 2.0 1.1958762886597938 1.8762886597938144
67 49.34728563246603 2.9690721649484537 2.2577319587628866 3.0 2.536082474226804 2.443298969072165 2.4123711340206184 1.3608247422680413 1.824742268041237 2.6288659793814433 2.443298969072165 1.577319587628866 1.6391752577319587 1.7010309278350515 1.5463917525773196 1.422680412371134 1.5154639175257731 2.2268041237113403 1.2371134020618557 1.3298969072164948 1.6391752577319587 1.5154639175257731 3.0 2.5051546391752577 2.597938144329897 1.824742268041237 2.4123711340206184 1.7938144329896908 1.5154639175257731 1.4845360824742269 2.845360824742268 1.5154639175257731 1.422680412371134 1.6701030927835052 2.6597938144329896 2.9690721649484537 2.2268041237113403 1.3608247422680413 3.0 1.7938144329896908 2.814432989690722
68 10.949716171013629 2.9690721649484537 2.2577319587628866 3.0 2.536082474226804 2.443298969072165 2.4123711340206184 1.3608247422680413 1.824742268041237 2.6288659793814433 2.443298969072165 1.577319587628866 1.6391752577319587 1.7010309278350515 1.5463917525773196 1.422680412371134 1.5154639175257731 2.2268041237113403 1.2371134020618557 1.3298969072164948 1.6391752577319587 1.5154639175257731 3.0 2.5051546391752577 2.597938144329897 1.824742268041237 2.4123711340206184 1.7938144329896908 1.5154639175257731 1.4845360824742269 2.845360824742268 1.5154639175257731 1.422680412371134 1.6701030927835052 2.6597938144329896 2.9690721649484537 2.2268041237113403 1.3608247422680413 3.0 1.7938144329896908 2.814432989690722
69 156.04407216494837 1.9793814432989691 1.5051546391752577 2.0 1.690721649484536 1.6288659793814433 1.6082474226804124 0.9072164948453608 1.2164948453608246 1.7525773195876289 1.6288659793814433 1.0515463917525774 1.092783505154639 1.134020618556701 1.0309278350515463 0.9484536082474226 1.0103092783505154 1.4845360824742269 0.8247422680412371 0.8865979381443299 1.092783505154639 1.0103092783505154 2.0 1.6701030927835052 1.731958762886598 1.2164948453608246 1.6082474226804124 1.1958762886597938 1.0103092783505154 0.9896907216494846 1.8969072164948453 1.0103092783505154 0.9484536082474226 1.1134020618556701 1.7731958762886597 1.9793814432989691 1.4845360824742269 0.9072164948453608 2.0 1.1958762886597938 1.8762886597938144
