70 10
TREE NETWORK (nID nID Weight):
42 0 49
1 42 36
29 1 38
40 0 54
55 42 52
64 0 44
17 0 53
49 1 48
51 40 52
27 42 46
11 1 53
60 11 49
69 51 35
68 42 46
39 69 58
59 55 52
23 59 32
15 64 43
32 1 33
18 40 40
33 64 39
8 17 52
53 0 47
56 49 57
38 18 39
4 49 38
2 49 32
10 17 53
47 53 36
54 42 35
61 56 42
36 23 48
66 4 32
19 15 33
65 39 55
35 60 45
20 0 34
41 20 43
37 36 38
14 47 51
31 20 57
26 4 50
6 69 32
24 18 56
3 59 53
67 27 40
45 35 35
62 15 56
5 19 39
58 38 53
48 1 47
13 47 53
43 69 48
34 19 55
9 60 40
46 0 38
57 19 49
21 46 54
28 61 44
16 3 34
44 19 37
52 53 39
50 0 47
25 4 31
30 13 37
22 38 36
63 19 37
7 6 42
12 51 35
PROGRAMS ASSIGNED TO NODES (nID pID1 pID2 ...):
0 1 2 3 4 5 6 7 8 9 10
1 2 4 9
2 1 2 3 4 6 8 9 10
3 5
4 2 3 4 5 6 7 8 9
5 4 5
7 2 7 8 9 10
9 1 2 3 4 7 10
10 1 2 7 9
11 1 2 3 4 5 6 7 8 9
12 1 7 10
13 2 4 7 8 9
14 1 2 4 5 8 9 10
15 1 2 3 7 9 10
16 5
17 3
19 3 5 6 7 10
20 3 6 8 9 10
21 4 6 9 10
22 3
24 2 4 7 8
25 2 3 4 9 10
26 1 3 5 7 8 9 10
27 2 4 6 7 8
28 1 4
29 2
30 1 3 4 6 7 8 10
31 1
32 1 2 5 6 7 8 10
34 2 7 8 10
35 2 3 4 5 7 8 10
36 1 2 3 4 5 6 9 10
37 1 6 7 8 10
38 5 9 10
39 1 2 4 10
40 7 8
41 7 8
42 2 4 6 8 9 10
43 1 2 3 4 5 10
45 4 5 8 10
46 6
47 1 6
48 1 2 4 5 6 7 8 9 10
49 1 4 5 7
50 1 3 4 5 6 7 8 9 10
52 1 2 3 5 6 7 8 9
54 1 5 6 7 9 10
55 2 3 4 5 6 7 8 9
56 9
57 3 4 6 8 9
58 1 2 3 4 5 7 8 9 10
59 2 3 6 8 9
60 1 8 9
61 1 3 4 6 7 8 9 10
62 7 8 9
63 1 2 3 4 7 10
64 1 3 4 5 6 7 8
65 4
66 2 3 4 5 6 7 8 9 10
67 1 3 4 6 9 10
68 2 4 8
69 3 4 6 8
SIZE OF PROGRAMS (pID SIZE):
1 40.0
2 97.0
3 59.0
4 62.0
5 93.0
6 52.0
7 49.0
8 53.0
9 54.0
10 80.0
COST TO INSTALL SERVERS AND PROGRAMS ON NODES (COST_TO_INSTALL_SERVER COST_TO_INSTALL_pID1 ...):
0 2317.5257731958764 0.8247422680412371 2.0 1.2164948453608246 1.2783505154639174 1.9175257731958764 1.0721649484536082 1.0103092783505154 1.092783505154639 1.1134020618556701 1.6494845360824741
1 10.088910831436603 0.8247422680412371 2.0 1.2164948453608246 1.2783505154639174 1.9175257731958764 1.0721649484536082 1.0103092783505154 1.092783505154639 1.1134020618556701 1.6494845360824741
2 29.48475046137203 1.2371134020618557 3.0 1.824742268041237 1.9175257731958764 2.8762886597938144 1.6082474226804124 1.5154639175257731 1.6391752577319587 1.6701030927835052 2.4742268041237114
3 4.249658774826197 0.8247422680412371 2.0 1.2164948453608246 1.2783505154639174 1.9175257731958764 1.0721649484536082 1.0103092783505154 1.092783505154639 1.1134020618556701 1.6494845360824741
4 23.57128917948573 1.2371134020618557 3.0 1.824742268041237 1.9175257731958764 2.8762886597938144 1.6082474226804124 1.5154639175257731 1.6391752577319587 1.6701030927835052 2.4742268041237114
5 7.981792851518337 0.8247422680412371 2.0 1.2164948453608246 1.2783505154639174 1.9175257731958764 1.0721649484536082 1.0103092783505154 1.092783505154639 1.1134020618556701 1.6494845360824741
6 21.452343480545807 1.2371134020618557 3.0 1.824742268041237 1.9175257731958764 2.8762886597938144 1.6082474226804124 1.5154639175257731 1.6391752577319587 1.6701030927835052 2.4742268041237114
7 24.09652071296402 1.2371134020618557 3.0 1.824742268041237 1.9175257731958764 2.8762886597938144 1.6082474226804124 1.5154639175257731 1.6391752577319587 1.6701030927835052 2.4742268041237114
8 37.0 0.8247422680412371 2.0 1.2164948453608246 1.2783505154639174 1.9175257731958764 1.0721649484536082 1.0103092783505154 1.092783505154639 1.1134020618556701 1.6494845360824741
9 15.740659074450356 0.8247422680412371 2.0 1.2164948453608246 1.2783505154639174 1.9175257731958764 1.0721649484536082 1.0103092783505154 1.092783505154639 1.1134020618556701 1.6494845360824741
10 1.7973156973351465 1.2371134020618557 3.0 1.824742268041237 1.9175257731958764 2.8762886597938144 1.6082474226804124 1.5154639175257731 1.6391752577319587 1.6701030927835052 2.4742268041237114
11 30.481403160015567 0.8247422680412371 2.0 1.2164948453608246 1.2783505154639174 1.9175257731958764 1.0721649484536082 1.0103092783505154 1.092783505154639 1.1134020618556701 1.6494845360824741
12 4.248015736649758 0.8247422680412371 2.0 1.2164948453608246 1.2783505154639174 1.9175257731958764 1.0721649484536082 1.0103092783505154 1.092783505154639 1.1134020618556701 1.6494845360824741
13 12.11938607854254 1.2371134020618557 3.0 1.824742268041237 1.9175257731958764 2.8762886597938144 1.6082474226804124 1.5154639175257731 1.6391752577319587 1.6701030927835052 2.4742268041237114
14 21.286944636193294 0.8247422680412371 2.0 1.2164948453608246 1.2783505154639174 1.9175257731958764 1.0721649484536082 1.0103092783505154 1.092783505154639 1.1134020618556701 1.6494845360824741
15 9.282726212672703 0.8247422680412371 2.0 1.2164948453608246 1.2783505154639174 1.9175257731958764 1.0721649484536082 1.0103092783505154 1.092783505154639 1.1134020618556701 1.6494845360824741
16 2.12658140987456 1.2371134020618557 3.0 1.824742268041237 1.9175257731958764 2.8762886597938144 1.6082474226804124 1.5154639175257731 1.6391752577319587 1.6701030927835052 2.4742268041237114
17 1.5489917655449652 0.8247422680412371 2.0 1.2164948453608246 1.2783505154639174 1.9175257731958764 1.0721649484536082 1.0103092783505154 1.092783505154639 1.1134020618556701 1.6494845360824741
18 14.786505345551738 0.8247422680412371 2.0 1.2164948453608246 1.2783505154639174 1.9175257731958764 1.0721649484536082 1.0103092783505154 1.092783505154639 1.1134020618556701 1.6494845360824741
19 29.774413304378328 1.2371134020618557 3.0 1.824742268041237 1.9175257731958764 2.8762886597938144 1.6082474226804124 1.5154639175257731 1.6391752577319587 1.6701030927835052 2.4742268041237114
20 3.573120072771379 0.8247422680412371 2.0 1.2164948453608246 1.2783505154639174 1.9175257731958764 1.0721649484536082 1.0103092783505154 1.092783505154639 1.1134020618556701 1.6494845360824741
21 2.4141637024979397 1.2371134020618557 3.0 1.824742268041237 1.9175257731958764 2.8762886597938144 1.6082474226804124 1.5154639175257731 1.6391752577319587 1.6701030927835052 2.4742268041237114
22 1.3508421446823509 0.8247422680412371 2.0 1.2164948453608246 1.2783505154639174 1.9175257731958764 1.0721649484536082 1.0103092783505154 1.092783505154639 1.1134020618556701 1.6494845360824741
23 11.347080841654668 1.2371134020618557 3.0 1.824742268041237 1.9175257731958764 2.8762886597938144 1.6082474226804124 1.5154639175257731 1.6391752577319587 1.6701030927835052 2.4742268041237114
24 8.741570937653412 1.2371134020618557 3.0 1.824742268041237 1.9175257731958764 2.8762886597938144 1.6082474226804124 1.5154639175257731 1.6391752577319587 1.6701030927835052 2.4742268041237114
25 15.878885515158771 1.2371134020618557 3.0 1.824742268041237 1.9175257731958764 2.8762886597938144 1.6082474226804124 1.5154639175257731 1.6391752577319587 1.6701030927835052 2.4742268041237114
26 19.869461659179862 1.2371134020618557 3.0 1.824742268041237 1.9175257731958764 2.8762886597938144 1.6082474226804124 1.5154639175257731 1.6391752577319587 1.6701030927835052 2.4742268041237114
27 10.579221361337002 0.8247422680412371 2.0 1.2164948453608246 1.2783505154639174 1.9175257731958764 1.0721649484536082 1.0103092783505154 1.092783505154639 1.1134020618556701 1.6494845360824741
28 7.266296751440344 0.8247422680412371 2.0 1.2164948453608246 1.2783505154639174 1.9175257731958764 1.0721649484536082 1.0103092783505154 1.092783505154639 1.1134020618556701 1.6494845360824741
29 1.568000358037952 0.8247422680412371 2.0 1.2164948453608246 1.2783505154639174 1.9175257731958764 1.0721649484536082 1.0103092783505154 1.092783505154639 1.1134020618556701 1.6494845360824741
30 27.158604495657436 0.8247422680412371 2.0 1.2164948453608246 1.2783505154639174 1.9175257731958764 1.0721649484536082 1.0103092783505154 1.092783505154639 1.1134020618556701 1.6494845360824741
31 0.5128892577106806 1.2371134020618557 3.0 1.824742268041237 1.9175257731958764 2.8762886597938144 1.6082474226804124 1.5154639175257731 1.6391752577319587 1.6701030927835052 2.4742268041237114
32 18.125013866840074 0.8247422680412371 2.0 1.2164948453608246 1.2783505154639174 1.9175257731958764 1.0721649484536082 1.0103092783505154 1.092783505154639 1.1134020618556701 1.6494845360824741
33 67.0 1.2371134020618557 3.0 1.824742268041237 1.9175257731958764 2.8762886597938144 1.6082474226804124 1.5154639175257731 1.6391752577319587 1.6701030927835052 2.4742268041237114
34 8.863843965911812 1.2371134020618557 3.0 1.824742268041237 1.9175257731958764 2.8762886597938144 1.6082474226804124 1.5154639175257731 1.6391752577319587 1.6701030927835052 2.4742268041237114
35 11.648073927489692 1.2371134020618557 3.0 1.824742268041237 1.9175257731958764 2.8762886597938144 1.6082474226804124 1.5154639175257731 1.6391752577319587 1.6701030927835052 2.4742268041237114
36 64.54562723267159 0.8247422680412371 2.0 1.2164948453608246 1.2783505154639174 1.9175257731958764 1.0721649484536082 1.0103092783505154 1.092783505154639 1.1134020618556701 1.6494845360824741
37 23.30994489452362 1.2371134020618557 3.0 1.824742268041237 1.9175257731958764 2.8762886597938144 1.6082474226804124 1.5154639175257731 1.6391752577319587 1.6701030927835052 2.4742268041237114
38 14.246779819073634 0.8247422680412371 2.0 1.2164948453608246 1.2783505154639174 1.9175257731958764 1.0721649484536082 1.0103092783505154 1.092783505154639 1.1134020618556701 1.6494845360824741
39 4.405487610505385 1.2371134020618557 3.0 1.824742268041237 1.9175257731958764 2.8762886597938144 1.6082474226804124 1.5154639175257731 1.6391752577319587 1.6701030927835052 2.4742268041237114
40 52.0 1.2371134020618557 3.0 1.824742268041237 1.9175257731958764 2.8762886597938144 1.6082474226804124 1.5154639175257731 1.6391752577319587 1.6701030927835052 2.4742268041237114
41 3.160033565092304 0.8247422680412371 2.0 1.2164948453608246 1.2783505154639174 1.9175257731958764 1.0721649484536082 1.0103092783505154 1.092783505154639 1.1134020618556701 1.6494845360824741
42 52.0 1.2371134020618557 3.0 1.824742268041237 1.9175257731958764 2.8762886597938144 1.6082474226804124 1.5154639175257731 1.6391752577319587 1.6701030927835052 2.4742268041237114
43 17.655834616823203 1.2371134020618557 3.0 1.824742268041237 1.9175257731958764 2.8762886597938144 1.6082474226804124 1.5154639175257731 1.6391752577319587 1.6701030927835052 2.4742268041237114
44 90.0 0.8247422680412371 2.0 1.2164948453608246 1.2783505154639174 1.9175257731958764 1.0721649484536082 1.0103092783505154 1.092783505154639 1.1134020618556701 1.6494845360824741
45 9.273125771608 1.2371134020618557 3.0 1.824742268041237 1.9175257731958764 2.8762886597938144 1.6082474226804124 1.5154639175257731 1.6391752577319587 1.6701030927835052 2.4742268041237114
46 0.7064568638090067 0.8247422680412371 2.0 1.2164948453608246 1.2783505154639174 1.9175257731958764 1.0721649484536082 1.0103092783505154 1.092783505154639 1.1134020618556701 1.6494845360824741
47 11.89875421244691 1.2371134020618557 3.0 1.824742268041237 1.9175257731958764 2.8762886597938144 1.6082474226804124 1.5154639175257731 1.6391752577319587 1.6701030927835052 2.4742268041237114
48 20.11511430630598 1.2371134020618557 3.0 1.824742268041237 1.9175257731958764 2.8762886597938144 1.6082474226804124 1.5154639175257731 1.6391752577319587 1.6701030927835052 2.4742268041237114
49 18.3659606133925 1.2371134020618557 3.0 1.824742268041237 1.9175257731958764 2.8762886597938144 1.6082474226804124 1.5154639175257731 1.6391752577319587 1.6701030927835052 2.4742268041237114
50 0.2139942969949562 0.8247422680412371 2.0 1.2164948453608246 1.2783505154639174 1.9175257731958764 1.0721649484536082 1.0103092783505154 1.092783505154639 1.1134020618556701 1.6494845360824741
51 9.254799581861436 0.8247422680412371 2.0 1.2164948453608246 1.2783505154639174 1.9175257731958764 1.0721649484536082 1.0103092783505154 1.092783505154639 1.1134020618556701 1.6494845360824741
52 7.682026347808321 1.2371134020618557 3.0 1.824742268041237 1.9175257731958764 2.8762886597938144 1.6082474226804124 1.5154639175257731 1.6391752577319587 1.6701030927835052 2.4742268041237114
53 0.27905042971943556 0.8247422680412371 2.0 1.2164948453608246 1.2783505154639174 1.9175257731958764 1.0721649484536082 1.0103092783505154 1.092783505154639 1.1134020618556701 1.6494845360824741
54 1.9929139490847876 1.2371134020618557 3.0 1.824742268041237 1.9175257731958764 2.8762886597938144 1.6082474226804124 1.5154639175257731 1.6391752577319587 1.6701030927835052 2.4742268041237114
55 3.1880240893127505 1.2371134020618557 3.0 1.824742268041237 1.9175257731958764 2.8762886597938144 1.6082474226804124 1.5154639175257731 1.6391752577319587 1.6701030927835052 2.4742268041237114
56 18.59640776705168 1.2371134020618557 3.0 1.824742268041237 1.9175257731958764 2.8762886597938144 1.6082474226804124 1.5154639175257731 1.6391752577319587 1.6701030927835052 2.4742268041237114
57 11.662582948365731 1.2371134020618557 3.0 1.824742268041237 1.9175257731958764 2.8762886597938144 1.6082474226804124 1.5154639175257731 1.6391752577319587 1.6701030927835052 2.4742268041237114
58 40.220981933409476 1.2371134020618557 3.0 1.824742268041237 1.9175257731958764 2.8762886597938144 1.6082474226804124 1.5154639175257731 1.6391752577319587 1.6701030927835052 2.4742268041237114
59 15.09546646284497 1.2371134020618557 3.0 1.824742268041237 1.9175257731958764 2.8762886597938144 1.6082474226804124 1.5154639175257731 1.6391752577319587 1.6701030927835052 2.4742268041237114
60 19.6185590718165 0.8247422680412371 2.0 1.2164948453608246 1.2783505154639174 1.9175257731958764 1.0721649484536082 1.0103092783505154 1.092783505154639 1.1134020618556701 1.6494845360824741
61 22.591459438872924 1.2371134020618557 3.0 1.824742268041237 1.9175257731958764 2.8762886597938144 1.6082474226804124 1.5154639175257731 1.6391752577319587 1.6701030927835052 2.4742268041237114
62 3.7084195294037063 0.8247422680412371 2.0 1.2164948453608246 1.2783505154639174 1.9175257731958764 1.0721649484536082 1.0103092783505154 1.092783505154639 1.1134020618556701 1.6494845360824741
63 18.744500240634263 0.8247422680412371 2.0 1.2164948453608246 1.2783505154639174 1.9175257731958764 1.0721649484536082 1.0103092783505154 1.092783505154639 1.1134020618556701 1.6494845360824741
64 1.261721479083242 0.8247422680412371 2.0 1.2164948453608246 1.2783505154639174 1.9175257731958764 1.0721649484536082 1.0103092783505154 1.092783505154639 1.1134020618556701 1.6494845360824741
65 1.50893164228038 0.8247422680412371 2.0 1.2164948453608246 1.2783505154639174 1.9175257731958764 1.0721649484536082 1.0103092783505154 1.092783505154639 1.1134020618556701 1.6494845360824741
66 63.47393778229323 0.8247422680412371 2.0 1.2164948453608246 1.2783505154639174 1.9175257731958764 1.0721649484536082 1.0103092783505154 1.092783505154639 1.1134020618556701 1.6494845360824741
67 14.069625372272235 0.8247422680412371 2.0 1.2164948453608246 1.2783505154639174 1.9175257731958764 1.0721649484536082 1.0103092783505154 1.092783505154639 1.1134020618556701 1.6494845360824741
68 0.7135575700472933 1.2371134020618557 3.0 1.824742268041237 1.9175257731958764 2.8762886597938144 1.6082474226804124 1.5154639175257731 1.6391752577319587 1.6701030927835052 2.4742268041237114
69 27.344861822026772 1.2371134020618557 3.0 1.824742268041237 1.9175257731958764 2.8762886597938144 1.6082474226804124 1.5154639175257731 1.6391752577319587 1.6701030927835052 2.4742268041237114
