70 30
TREE NETWORK (nID nID Weight):
21 0 53
49 21 43
28 0 46
3 21 49
55 49 54
13 0 58
34 3 37
46 21 56
9 46 38
29 28 36
20 55 45
30 3 35
68 30 53
12 21 49
39 20 51
66 9 39
25 66 56
2 49 51
19 68 37
48 13 39
31 48 38
51 20 48
23 30 50
26 23 53
22 48 36
63 29 59
40 49 33
42 3 53
58 55 39
54 55 36
10 68 55
65 66 55
17 29 39
62 63 47
18 49 58
60 51 42
24 13 45
1 20 34
57 20 42
67 49 30
59 55 30
36 19 53
56 54 42
6 36 34
33 3 41
7 51 51
4 30 50
53 49 56
16 1 48
52 68 48
43 13 55
61 29 32
35 24 55
41 66 53
37 35 53
50 29 34
15 56 40
44 59 39
11 67 54
8 50 43
45 28 33
47 36 54
64 33 51
27 7 46
14 50 58
69 13 33
38 63 38
32 15 34
5 46 32
PROGRAMS ASSIGNED TO NODES (nID pID1 pID2 ...):
0 1 2 3 4 5 6 7 8 9 10 11 12 13 14 15 16 17 18 19 20 21 22 23 24 25 26 27 28 29 30
1 16 18 2 19 20 5 23 8 11 30 14
2 1 2 4 6 8 9 11 12 14 15 16 17 18 19 20 22 24 29 30
4 18 19 20 21 25 9 12
5 1 2 3 4 6 7 8 9 11 12 13 15 16 18 19 21 22 23 24 25 27 28 29 30
6 1 2 3 4 5 7 8 9 10 11 12 14 15 17 18 19 20 21 22 23 24 25 26 27 29 30
7 1 2 5 7 9 10 11 13 14 15 18 20 21 23
8 16 1 6
9 1 23
10 1 2 3 4 5 6 8 9 10 12 13 14 15 16 17 18 19 20 21 22 23 24 25 26 27 28 29 30
11 19 9 11 28 13 14
12 1 2 3 4 5 6 7 8 9 10 11 12 13 14 15 16 17 18 19 20 21 22 23 26 27 28 29 30
13 3 4 6 7 8 11 12 13 14 15 16 17 18 19 21 22 23 25 28 29 30
14 1 2 3 4 6 7 8 9 10 11 12 13 14 15 16 17 18 19 20 21 22 23 24 25 26 27 28 29 30
15 2 4 5 6 8 9 10 11 13 14 16 18 19 20 23 24 25 26 29
16 18 19 7 26 29
17 1 3 4 5 6 8 9 10 11 12 13 14 15 16 17 18 19 20 23 24 26 27 28 29 30
18 2 4 5 6 7 8 11 13 14 15 16 17 20 23 24 27 28 29
20 16 20 27 12
21 1 2 3 5 6 7 8 9 10 11 12 13 15 16 17 18 19 20 23 25 26 27 29 30
22 5 9 30
23 19 4 24 9 28 13 30
24 1 4 5 6 7 9 10 11 13 14 15 16 18 19 20 24 26 27
25 3 7 8 9 10 12 13 15 17 18 19 20 21 22 24 25 27 28 29 30
26 1 6 23 8
27 2 3 4 6 7 9 10 14 15 16 19 20 22 26 27 28 29 30
28 1 2 5 6 8 9 10 14 15 17 21 23 24 25 26 27 28 29 30
29 2 3 4 6 7 9 10 12 13 15 16 17 18 19 20 22 23 24 26 27 29
30 1 6 10 12 13 18 19 20 22 23 24 27 28 29 30
31 1 2 3 5 6 7 8 9 10 13 16 21 22 23 27 30
32 1 2 3 5 6 8 12 13 14 16 17 18 19 20 21 22 23 24 25 28 30
33 5 23 10 13
34 1 2 3 4 5 6 7 8 9 10 13 14 15 16 17 18 19 20 21 22 23 26 27 28 29 30
35 16 18 3 21 22 23 26 11 12
36 18 19 3 21 7 25 10 29 13 14 15
37 1 19 7 26 27
38 1 6 23 24 9
39 1 3 4 5 6 7 8 9 10 11 12 13 15 16 18 20 21 22 23 24 26 27 28 29 30
40 19 9
41 1 2 3 4 6 8 9 10 11 12 13 14 15 18 19 21 23 24 25 26 27 28 29 30
42 1 2 3 4 5 6 9 10 12 13 14 16 17 18 20 21 22 23 24 25 27 29 30
43 16 18 2 23 8 9 12
44 1 3 4 5 10 12 13 14 16 19 24 26 27 28 29
45 1 2 3 4 9 10 11 13 14 15 16 17 18 19 21 23 26 28 30
46 19 6 22 23 7 11 12 29 14
47 1 2 3 4 5 6 7 8 10 11 12 14 15 16 17 18 20 22 23 24 25 26 27 28 29 30
48 4 5 6 7 8 9 10 11 12 13 14 15 16 17 19 20 21 23 25 26 27 28 29
49 20 4 21 6 22 11 27 12 15
50 4 21 12
51 19 20 21 7 24 9 26 30
52 1 2 3 4 8 9 10 14 15 17 18 19 20 23 24 25 27 29 30
53 2 3 4 6 7 8 9 12 13 16 17 18 19 20 21 22 24 27 29 30
54 17 2 3 20 5 23 7 11 12 13 14
55 4 5 6 7 12 16 17 18 20 22 23 24 25 26 28 29 30
56 1 2 3 4 5 6 7 8 10 11 13 14 15 16 18 24 29 30
57 17 19 3 4 5 22 7 25 10 26 13
58 1 3 19 21 13 30 15
59 1 3 4 5 6 7 8 10 12 14 15 16 17 18 19 20 21 22 23 24 25 26 28 30
60 2 23 8 25 27 15
61 20 4 23 10
62 3 4 24 13 29
63 1 2 3 4 6 10 12 13 14 15 16 17 18 21 22 26 27 28 29 30
64 8
65 16 3 20 4 22 23 9 11 29 13
66 1 2 3 4 5 6 7 8 9 10 11 12 13 15 16 17 18 19 20 21 22 23 24 25 26 27 28 29 30
68 1 4 5 6 7 8 9 10 11 13 19 23 25 29
69 1 3 4 21 29
SIZE OF PROGRAMS (pID SIZE):
1 82.0
2 96.0
3 40.0
4 59.0
5 46.0
6 48.0
7 53.0
8 87.0
9 97.0
10 40.0
11 40.0
12 44.0
13 54.0
14 67.0
15 79.0
16 80.0
17 50.0
18 60.0
19 48.0
20 59.0
21 74.0
22 84.0
23 96.0
24 71.0
25 71.0
26 41.0
27 55.0
28 56.0
29 73.0
30 97.0
COST TO INSTALL SERVERS AND PROGRAMS ON NODES (COST_TO_INSTALL_SERVER COST_TO_INSTALL_pID1 ...):
0 7021.649484536083 2.536082474226804 2.9690721649484537 1.2371134020618557 1.824742268041237 1.422680412371134 1.4845360824742269 1.6391752577319587 2.6907216494845363 3.0 1.2371134020618557 1.2371134020618557 1.3608247422680413 1.6701030927835052 2.0721649484536084 2.443298969072165 2.4742268041237114 1.5463917525773196 1.8556701030927836 1.4845360824742269 1.824742268041237 2.288659793814433 2.597938144329897 2.9690721649484537 2.195876288659794 2.195876288659794 1.268041237113402 1.7010309278350515 1.731958762886598 2.2577319587628866 3.0
1 48.58398139489419 2.536082474226804 2.9690721649484537 1.2371134020618557 1.824742268041237 1.422680412371134 1.4845360824742269 1.6391752577319587 2.6907216494845363 3.0 1.2371134020618557 1.2371134020618557 1.3608247422680413 1.6701030927835052 2.0721649484536084 2.443298969072165 2.4742268041237114 1.5463917525773196 1.8556701030927836 1.4845360824742269 1.824742268041237 2.288659793814433 2.597938144329897 2.9690721649484537 2.195876288659794 2.195876288659794 1.268041237113402 1.7010309278350515 1.731958762886598 2.2577319587628866 3.0
2 38.657161754882594 2.536082474226804 2.9690721649484537 1.2371134020618557 1.824742268041237 1.422680412371134 1.4845360824742269 1.6391752577319587 2.6907216494845363 3.0 1.2371134020618557 1.2371134020618557 1.3608247422680413 1.6701030927835052 2.0721649484536084 2.443298969072165 2.4742268041237114 1.5463917525773196 1.8556701030927836 1.4845360824742269 1.824742268041237 2.288659793814433 2.597938144329897 2.9690721649484537 2.195876288659794 2.195876288659794 1.268041237113402 1.7010309278350515 1.731958762886598 2.2577319587628866 3.0
3 35.50594371060006 1.690721649484536 1.9793814432989691 0.8247422680412371 1.2164948453608246 0.9484536082474226 0.9896907216494846 1.092783505154639 1.7938144329896908 2.0 0.8247422680412371 0.8247422680412371 0.9072164948453608 1.1134020618556701 1.3814432989690721 1.6288659793814433 1.6494845360824741 1.0309278350515463 1.2371134020618557 0.9896907216494846 1.2164948453608246 1.5257731958762886 1.731958762886598 1.9793814432989691 1.4639175257731958 1.4639175257731958 0.845360824742268 1.134020618556701 1.1546391752577319 1.5051546391752577 2.0
4 23.85076946238523 2.536082474226804 2.9690721649484537 1.2371134020618557 1.824742268041237 1.422680412371134 1.4845360824742269 1.6391752577319587 2.6907216494845363 3.0 1.2371134020618557 1.2371134020618557 1.3608247422680413 1.6701030927835052 2.0721649484536084 2.443298969072165 2.4742268041237114 1.5463917525773196 1.8556701030927836 1.4845360824742269 1.824742268041237 2.288659793814433 2.597938144329897 2.9690721649484537 2.195876288659794 2.195876288659794 1.268041237113402 1.7010309278350515 1.731958762886598 2.2577319587628866 3.0
5 45.15538006780228 1.690721649484536 1.9793814432989691 0.8247422680412371 1.2164948453608246 0.9484536082474226 0.9896907216494846 1.092783505154639 1.7938144329896908 2.0 0.8247422680412371 0.8247422680412371 0.9072164948453608 1.1134020618556701 1.3814432989690721 1.6288659793814433 1.6494845360824741 1.0309278350515463 1.2371134020618557 0.9896907216494846 1.2164948453608246 1.5257731958762886 1.731958762886598 1.9793814432989691 1.4639175257731958 1.4639175257731958 0.845360824742268 1.134020618556701 1.1546391752577319 1.5051546391752577 2.0
6 269.4047581692377 1.690721649484536 1.9793814432989691 0.8247422680412371 1.2164948453608246 0.9484536082474226 0.9896907216494846 1.092783505154639 1.7938144329896908 2.0 0.8247422680412371 0.8247422680412371 0.9072164948453608 1.1134020618556701 1.3814432989690721 1.6288659793814433 1.6494845360824741 1.0309278350515463 1.2371134020618557 0.9896907216494846 1.2164948453608246 1.5257731958762886 1.731958762886598 1.9793814432989691 1.4639175257731958 1.4639175257731958 0.845360824742268 1.134020618556701 1.1546391752577319 1.5051546391752577 2.0
7 131.55738617152483 2.536082474226804 2.9690721649484537 1.2371134020618557 1.824742268041237 1.422680412371134 1.4845360824742269 1.6391752577319587 2.6907216494845363 3.0 1.2371134020618557 1.2371134020618557 1.3608247422680413 1.6701030927835052 2.0721649484536084 2.443298969072165 2.4742268041237114 1.5463917525773196 1.8556701030927836 1.4845360824742269 1.824742268041237 2.288659793814433 2.597938144329897 2.9690721649484537 2.195876288659794 2.195876288659794 1.268041237113402 1.7010309278350515 1.731958762886598 2.2577319587628866 3.0
8 13.703076268711236 1.690721649484536 1.9793814432989691 0.8247422680412371 1.2164948453608246 0.9484536082474226 0.9896907216494846 1.092783505154639 1.7938144329896908 2.0 0.8247422680412371 0.8247422680412371 0.9072164948453608 1.1134020618556701 1.3814432989690721 1.6288659793814433 1.6494845360824741 1.0309278350515463 1.2371134020618557 0.9896907216494846 1.2164948453608246 1.5257731958762886 1.731958762886598 1.9793814432989691 1.4639175257731958 1.4639175257731958 0.845360824742268 1.134020618556701 1.1546391752577319 1.5051546391752577 2.0
9 26.82483583901714 2.536082474226804 2.9690721649484537 1.2371134020618557 1.824742268041237 1.422680412371134 1.4845360824742269 1.6391752577319587 2.6907216494845363 3.0 1.2371134020618557 1.2371134020618557 1.3608247422680413 1.6701030927835052 2.0721649484536084 2.443298969072165 2.4742268041237114 1.5463917525773196 1.8556701030927836 1.4845360824742269 1.824742268041237 2.288659793814433 2.597938144329897 2.9690721649484537 2.195876288659794 2.195876288659794 1.268041237113402 1.7010309278350515 1.731958762886598 2.2577319587628866 3.0
10 160.0243314409788 1.690721649484536 1.9793814432989691 0.8247422680412371 1.2164948453608246 0.9484536082474226 0.9896907216494846 1.092783505154639 1.7938144329896908 2.0 0.8247422680412371 0.8247422680412371 0.9072164948453608 1.1134020618556701 1.3814432989690721 1.6288659793814433 1.6494845360824741 1.0309278350515463 1.2371134020618557 0.9896907216494846 1.2164948453608246 1.5257731958762886 1.731958762886598 1.9793814432989691 1.4639175257731958 1.4639175257731958 0.845360824742268 1.134020618556701 1.1546391752577319 1.5051546391752577 2.0
11 16.628395114543586 2.536082474226804 2.9690721649484537 1.2371134020618557 1.824742268041237 1.422680412371134 1.4845360824742269 1.6391752577319587 2.6907216494845363 3.0 1.2371134020618557 1.2371134020618557 1.3608247422680413 1.6701030927835052 2.0721649484536084 2.443298969072165 2.4742268041237114 1.5463917525773196 1.8556701030927836 1.4845360824742269 1.824742268041237 2.288659793814433 2.597938144329897 2.9690721649484537 2.195876288659794 2.195876288659794 1.268041237113402 1.7010309278350515 1.731958762886598 2.2577319587628866 3.0
12 33.328462481183344 1.690721649484536 1.9793814432989691 0.8247422680412371 1.2164948453608246 0.9484536082474226 0.9896907216494846 1.092783505154639 1.7938144329896908 2.0 0.8247422680412371 0.8247422680412371 0.9072164948453608 1.1134020618556701 1.3814432989690721 1.6288659793814433 1.6494845360824741 1.0309278350515463 1.2371134020618557 0.9896907216494846 1.2164948453608246 1.5257731958762886 1.731958762886598 1.9793814432989691 1.4639175257731958 1.4639175257731958 0.845360824742268 1.134020618556701 1.1546391752577319 1.5051546391752577 2.0
13 34.0 1.690721649484536 1.9793814432989691 0.8247422680412371 1.2164948453608246 0.9484536082474226 0.9896907216494846 1.092783505154639 1.7938144329896908 2.0 0.8247422680412371 0.8247422680412371 0.9072164948453608 1.1134020618556701 1.3814432989690721 1.6288659793814433 1.6494845360824741 1.0309278350515463 1.2371134020618557 0.9896907216494846 1.2164948453608246 1.5257731958762886 1.731958762886598 1.9793814432989691 1.4639175257731958 1.4639175257731958 0.845360824742268 1.134020618556701 1.1546391752577319 1.5051546391752577 2.0
14 115.75709119700645 2.536082474226804 2.9690721649484537 1.2371134020618557 1.824742268041237 1.422680412371134 1.4845360824742269 1.6391752577319587 2.6907216494845363 3.0 1.2371134020618557 1.2371134020618557 1.3608247422680413 1.6701030927835052 2.0721649484536084 2.443298969072165 2.4742268041237114 1.5463917525773196 1.8556701030927836 1.4845360824742269 1.824742268041237 2.288659793814433 2.597938144329897 2.9690721649484537 2.195876288659794 2.195876288659794 1.268041237113402 1.7010309278350515 1.731958762886598 2.2577319587628866 3.0
15 215.49713148639867 1.690721649484536 1.9793814432989691 0.8247422680412371 1.2164948453608246 0.9484536082474226 0.9896907216494846 1.092783505154639 1.7938144329896908 2.0 0.8247422680412371 0.8247422680412371 0.9072164948453608 1.1134020618556701 1.3814432989690721 1.6288659793814433 1.6494845360824741 1.0309278350515463 1.2371134020618557 0.9896907216494846 1.2164948453608246 1.5257731958762886 1.731958762886598 1.9793814432989691 1.4639175257731958 1.4639175257731958 0.845360824742268 1.134020618556701 1.1546391752577319 1.5051546391752577 2.0
16 35.059701408089744 1.690721649484536 1.9793814432989691 0.8247422680412371 1.2164948453608246 0.9484536082474226 0.9896907216494846 1.092783505154639 1.7938144329896908 2.0 0.8247422680412371 0.8247422680412371 0.9072164948453608 1.1134020618556701 1.3814432989690721 1.6288659793814433 1.6494845360824741 1.0309278350515463 1.2371134020618557 0.9896907216494846 1.2164948453608246 1.5257731958762886 1.731958762886598 1.9793814432989691 1.4639175257731958 1.4639175257731958 0.845360824742268 1.134020618556701 1.1546391752577319 1.5051546391752577 2.0
17 42.172038281627785 2.536082474226804 2.9690721649484537 1.2371134020618557 1.824742268041237 1.422680412371134 1.4845360824742269 1.6391752577319587 2.6907216494845363 3.0 1.2371134020618557 1.2371134020618557 1.3608247422680413 1.6701030927835052 2.0721649484536084 2.443298969072165 2.4742268041237114 1.5463917525773196 1.8556701030927836 1.4845360824742269 1.824742268041237 2.288659793814433 2.597938144329897 2.9690721649484537 2.195876288659794 2.195876288659794 1.268041237113402 1.7010309278350515 1.731958762886598 2.2577319587628866 3.0
18 44.57954996946655 1.690721649484536 1.9793814432989691 0.8247422680412371 1.2164948453608246 0.9484536082474226 0.9896907216494846 1.092783505154639 1.7938144329896908 2.0 0.8247422680412371 0.8247422680412371 0.9072164948453608 1.1134020618556701 1.3814432989690721 1.6288659793814433 1.6494845360824741 1.0309278350515463 1.2371134020618557 0.9896907216494846 1.2164948453608246 1.5257731958762886 1.731958762886598 1.9793814432989691 1.4639175257731958 1.4639175257731958 0.845360824742268 1.134020618556701 1.1546391752577319 1.5051546391752577 2.0
19 53.57332029079312 2.536082474226804 2.9690721649484537 1.2371134020618557 1.824742268041237 1.422680412371134 1.4845360824742269 1.6391752577319587 2.6907216494845363 3.0 1.2371134020618557 1.2371134020618557 1.3608247422680413 1.6701030927835052 2.0721649484536084 2.443298969072165 2.4742268041237114 1.5463917525773196 1.8556701030927836 1.4845360824742269 1.824742268041237 2.288659793814433 2.597938144329897 2.9690721649484537 2.195876288659794 2.195876288659794 1.268041237113402 1.7010309278350515 1.731958762886598 2.2577319587628866 3.0
20 43.38401917651817 2.536082474226804 2.9690721649484537 1.2371134020618557 1.824742268041237 1.422680412371134 1.4845360824742269 1.6391752577319587 2.6907216494845363 3.0 1.2371134020618557 1.2371134020618557 1.3608247422680413 1.6701030927835052 2.0721649484536084 2.443298969072165 2.4742268041237114 1.5463917525773196 1.8556701030927836 1.4845360824742269 1.824742268041237 2.288659793814433 2.597938144329897 2.9690721649484537 2.195876288659794 2.195876288659794 1.268041237113402 1.7010309278350515 1.731958762886598 2.2577319587628866 3.0
21 75.0 2.536082474226804 2.9690721649484537 1.2371134020618557 1.824742268041237 1.422680412371134 1.4845360824742269 1.6391752577319587 2.6907216494845363 3.0 1.2371134020618557 1.2371134020618557 1.3608247422680413 1.6701030927835052 2.0721649484536084 2.443298969072165 2.4742268041237114 1.5463917525773196 1.8556701030927836 1.4845360824742269 1.824742268041237 2.288659793814433 2.597938144329897 2.9690721649484537 2.195876288659794 2.195876288659794 1.268041237113402 1.7010309278350515 1.731958762886598 2.2577319587628866 3.0
22 6.605494635711486 1.690721649484536 1.9793814432989691 0.8247422680412371 1.2164948453608246 0.9484536082474226 0.9896907216494846 1.092783505154639 1.7938144329896908 2.0 0.8247422680412371 0.8247422680412371 0.9072164948453608 1.1134020618556701 1.3814432989690721 1.6288659793814433 1.6494845360824741 1.0309278350515463 1.2371134020618557 0.9896907216494846 1.2164948453608246 1.5257731958762886 1.731958762886598 1.9793814432989691 1.4639175257731958 1.4639175257731958 0.845360824742268 1.134020618556701 1.1546391752577319 1.5051546391752577 2.0
23 24.941944035346108 1.690721649484536 1.9793814432989691 0.8247422680412371 1.2164948453608246 0.9484536082474226 0.9896907216494846 1.092783505154639 1.7938144329896908 2.0 0.8247422680412371 0.8247422680412371 0.9072164948453608 1.1134020618556701 1.3814432989690721 1.6288659793814433 1.6494845360824741 1.0309278350515463 1.2371134020618557 0.9896907216494846 1.2164948453608246 1.5257731958762886 1.731958762886598 1.9793814432989691 1.4639175257731958 1.4639175257731958 0.845360824742268 1.134020618556701 1.1546391752577319 1.5051546391752577 2.0
24 4.132520210398813 2.536082474226804 2.9690721649484537 1.2371134020618557 1.824742268041237 1.422680412371134 1.4845360824742269 1.6391752577319587 2.6907216494845363 3.0 1.2371134020618557 1.2371134020618557 1.3608247422680413 1.6701030927835052 2.0721649484536084 2.443298969072165 2.4742268041237114 1.5463917525773196 1.8556701030927836 1.4845360824742269 1.824742268041237 2.288659793814433 2.597938144329897 2.9690721649484537 2.195876288659794 2.195876288659794 1.268041237113402 1.7010309278350515 1.731958762886598 2.2577319587628866 3.0
25 52.56633971370681 2.536082474226804 2.9690721649484537 1.2371134020618557 1.824742268041237 1.422680412371134 1.4845360824742269 1.6391752577319587 2.6907216494845363 3.0 1.2371134020618557 1.2371134020618557 1.3608247422680413 1.6701030927835052 2.0721649484536084 2.443298969072165 2.4742268041237114 1.5463917525773196 1.8556701030927836 1.4845360824742269 1.824742268041237 2.288659793814433 2.597938144329897 2.9690721649484537 2.195876288659794 2.195876288659794 1.268041237113402 1.7010309278350515 1.731958762886598 2.2577319587628866 3.0
26 29.643157227411493 1.690721649484536 1.9793814432989691 0.8247422680412371 1.2164948453608246 0.9484536082474226 0.9896907216494846 1.092783505154639 1.7938144329896908 2.0 0.8247422680412371 0.8247422680412371 0.9072164948453608 1.1134020618556701 1.3814432989690721 1.6288659793814433 1.6494845360824741 1.0309278350515463 1.2371134020618557 0.9896907216494846 1.2164948453608246 1.5257731958762886 1.731958762886598 1.9793814432989691 1.4639175257731958 1.4639175257731958 0.845360824742268 1.134020618556701 1.1546391752577319 1.5051546391752577 2.0
27 89.79906465226446 1.690721649484536 1.9793814432989691 0.8247422680412371 1.2164948453608246 0.9484536082474226 0.9896907216494846 1.092783505154639 1.7938144329896908 2.0 0.8247422680412371 0.8247422680412371 0.9072164948453608 1.1134020618556701 1.3814432989690721 1.6288659793814433 1.6494845360824741 1.0309278350515463 1.2371134020618557 0.9896907216494846 1.2164948453608246 1.5257731958762886 1.731958762886598 1.9793814432989691 1.4639175257731958 1.4639175257731958 0.845360824742268 1.134020618556701 1.1546391752577319 1.5051546391752577 2.0
28 1.7102160176978272 1.690721649484536 1.9793814432989691 0.8247422680412371 1.2164948453608246 0.9484536082474226 0.9896907216494846 1.092783505154639 1.7938144329896908 2.0 0.8247422680412371 0.8247422680412371 0.9072164948453608 1.1134020618556701 1.3814432989690721 1.6288659793814433 1.6494845360824741 1.0309278350515463 1.2371134020618557 0.9896907216494846 1.2164948453608246 1.5257731958762886 1.731958762886598 1.9793814432989691 1.4639175257731958 1.4639175257731958 0.845360824742268 1.134020618556701 1.1546391752577319 1.5051546391752577 2.0
29 45.91957377230901 1.690721649484536 1.9793814432989691 0.8247422680412371 1.2164948453608246 0.9484536082474226 0.9896907216494846 1.092783505154639 1.7938144329896908 2.0 0.8247422680412371 0.8247422680412371 0.9072164948453608 1.1134020618556701 1.3814432989690721 1.6288659793814433 1.6494845360824741 1.0309278350515463 1.2371134020618557 0.9896907216494846 1.2164948453608246 1.5257731958762886 1.731958762886598 1.9793814432989691 1.4639175257731958 1.4639175257731958 0.845360824742268 1.134020618556701 1.1546391752577319 1.5051546391752577 2.0
30 67.94066941480017 2.536082474226804 2.9690721649484537 1.2371134020618557 1.824742268041237 1.422680412371134 1.4845360824742269 1.6391752577319587 2.6907216494845363 3.0 1.2371134020618557 1.2371134020618557 1.3608247422680413 1.6701030927835052 2.0721649484536084 2.443298969072165 2.4742268041237114 1.5463917525773196 1.8556701030927836 1.4845360824742269 1.824742268041237 2.288659793814433 2.597938144329897 2.9690721649484537 2.195876288659794 2.195876288659794 1.268041237113402 1.7010309278350515 1.731958762886598 2.2577319587628866 3.0
31 28.21178333134522 2.536082474226804 2.9690721649484537 1.2371134020618557 1.824742268041237 1.422680412371134 1.4845360824742269 1.6391752577319587 2.6907216494845363 3.0 1.2371134020618557 1.2371134020618557 1.3608247422680413 1.6701030927835052 2.0721649484536084 2.443298969072165 2.4742268041237114 1.5463917525773196 1.8556701030927836 1.4845360824742269 1.824742268041237 2.288659793814433 2.597938144329897 2.9690721649484537 2.195876288659794 2.195876288659794 1.268041237113402 1.7010309278350515 1.731958762886598 2.2577319587628866 3.0
32 80.4850939863723 1.690721649484536 1.9793814432989691 0.8247422680412371 1.2164948453608246 0.9484536082474226 0.9896907216494846 1.092783505154639 1.7938144329896908 2.0 0.8247422680412371 0.8247422680412371 0.9072164948453608 1.1134020618556701 1.3814432989690721 1.6288659793814433 1.6494845360824741 1.0309278350515463 1.2371134020618557 0.9896907216494846 1.2164948453608246 1.5257731958762886 1.731958762886598 1.9793814432989691 1.4639175257731958 1.4639175257731958 0.845360824742268 1.134020618556701 1.1546391752577319 1.5051546391752577 2.0
33 11.9844723383302 2.536082474226804 2.9690721649484537 1.2371134020618557 1.824742268041237 1.422680412371134 1.4845360824742269 1.6391752577319587 2.6907216494845363 3.0 1.2371134020618557 1.2371134020618557 1.3608247422680413 1.6701030927835052 2.0721649484536084 2.443298969072165 2.4742268041237114 1.5463917525773196 1.8556701030927836 1.4845360824742269 1.824742268041237 2.288659793814433 2.597938144329897 2.9690721649484537 2.195876288659794 2.195876288659794 1.268041237113402 1.7010309278350515 1.731958762886598 2.2577319587628866 3.0
34 56.59664806345552 2.536082474226804 2.9690721649484537 1.2371134020618557 1.824742268041237 1.422680412371134 1.4845360824742269 1.6391752577319587 2.6907216494845363 3.0 1.2371134020618557 1.2371134020618557 1.3608247422680413 1.6701030927835052 2.0721649484536084 2.443298969072165 2.4742268041237114 1.5463917525773196 1.8556701030927836 1.4845360824742269 1.824742268041237 2.288659793814433 2.597938144329897 2.9690721649484537 2.195876288659794 2.195876288659794 1.268041237113402 1.7010309278350515 1.731958762886598 2.2577319587628866 3.0
35 20.07711983478071 2.536082474226804 2.9690721649484537 1.2371134020618557 1.824742268041237 1.422680412371134 1.4845360824742269 1.6391752577319587 2.6907216494845363 3.0 1.2371134020618557 1.2371134020618557 1.3608247422680413 1.6701030927835052 2.0721649484536084 2.443298969072165 2.4742268041237114 1.5463917525773196 1.8556701030927836 1.4845360824742269 1.824742268041237 2.288659793814433 2.597938144329897 2.9690721649484537 2.195876288659794 2.195876288659794 1.268041237113402 1.7010309278350515 1.731958762886598 2.2577319587628866 3.0
36 142.78633920236007 1.690721649484536 1.9793814432989691 0.8247422680412371 1.2164948453608246 0.9484536082474226 0.9896907216494846 1.092783505154639 1.7938144329896908 2.0 0.8247422680412371 0.8247422680412371 0.9072164948453608 1.1134020618556701 1.3814432989690721 1.6288659793814433 1.6494845360824741 1.0309278350515463 1.2371134020618557 0.9896907216494846 1.2164948453608246 1.5257731958762886 1.731958762886598 1.9793814432989691 1.4639175257731958 1.4639175257731958 0.845360824742268 1.134020618556701 1.1546391752577319 1.5051546391752577 2.0
37 12.294411828850654 2.536082474226804 2.9690721649484537 1.2371134020618557 1.824742268041237 1.422680412371134 1.4845360824742269 1.6391752577319587 2.6907216494845363 3.0 1.2371134020618557 1.2371134020618557 1.3608247422680413 1.6701030927835052 2.0721649484536084 2.443298969072165 2.4742268041237114 1.5463917525773196 1.8556701030927836 1.4845360824742269 1.824742268041237 2.288659793814433 2.597938144329897 2.9690721649484537 2.195876288659794 2.195876288659794 1.268041237113402 1.7010309278350515 1.731958762886598 2.2577319587628866 3.0
38 13.26842423660558 1.690721649484536 1.9793814432989691 0.8247422680412371 1.2164948453608246 0.9484536082474226 0.9896907216494846 1.092783505154639 1.7938144329896908 2.0 0.8247422680412371 0.8247422680412371 0.9072164948453608 1.1134020618556701 1.3814432989690721 1.6288659793814433 1.6494845360824741 1.0309278350515463 1.2371134020618557 0.9896907216494846 1.2164948453608246 1.5257731958762886 1.731958762886598 1.9793814432989691 1.4639175257731958 1.4639175257731958 0.845360824742268 1.134020618556701 1.1546391752577319 1.5051546391752577 2.0
39 65.0800401422224 1.690721649484536 1.9793814432989691 0.8247422680412371 1.2164948453608246 0.9484536082474226 0.9896907216494846 1.092783505154639 1.7938144329896908 2.0 0.8247422680412371 0.8247422680412371 0.9072164948453608 1.1134020618556701 1.3814432989690721 1.6288659793814433 1.6494845360824741 1.0309278350515463 1.2371134020618557 0.9896907216494846 1.2164948453608246 1.5257731958762886 1.731958762886598 1.9793814432989691 1.4639175257731958 1.4639175257731958 0.845360824742268 1.134020618556701 1.1546391752577319 1.5051546391752577 2.0
40 1.8052036173974269 2.536082474226804 2.9690721649484537 1.2371134020618557 1.824742268041237 1.422680412371134 1.4845360824742269 1.6391752577319587 2.6907216494845363 3.0 1.2371134020618557 1.2371134020618557 1.3608247422680413 1.6701030927835052 2.0721649484536084 2.443298969072165 2.4742268041237114 1.5463917525773196 1.8556701030927836 1.4845360824742269 1.824742268041237 2.288659793814433 2.597938144329897 2.9690721649484537 2.195876288659794 2.195876288659794 1.268041237113402 1.7010309278350515 1.731958762886598 2.2577319587628866 3.0
41 137.574750684542 2.536082474226804 2.9690721649484537 1.2371134020618557 1.824742268041237 1.422680412371134 1.4845360824742269 1.6391752577319587 2.6907216494845363 3.0 1.2371134020618557 1.2371134020618557 1.3608247422680413 1.6701030927835052 2.0721649484536084 2.443298969072165 2.4742268041237114 1.5463917525773196 1.8556701030927836 1.4845360824742269 1.824742268041237 2.288659793814433 2.597938144329897 2.9690721649484537 2.195876288659794 2.195876288659794 1.268041237113402 1.7010309278350515 1.731958762886598 2.2577319587628866 3.0
42 68.0345891770441 1.690721649484536 1.9793814432989691 0.8247422680412371 1.2164948453608246 0.9484536082474226 0.9896907216494846 1.092783505154639 1.7938144329896908 2.0 0.8247422680412371 0.8247422680412371 0.9072164948453608 1.1134020618556701 1.3814432989690721 1.6288659793814433 1.6494845360824741 1.0309278350515463 1.2371134020618557 0.9896907216494846 1.2164948453608246 1.5257731958762886 1.731958762886598 1.9793814432989691 1.4639175257731958 1.4639175257731958 0.845360824742268 1.134020618556701 1.1546391752577319 1.5051546391752577 2.0
43 1.3845716317099197 2.536082474226804 2.9690721649484537 1.2371134020618557 1.824742268041237 1.422680412371134 1.4845360824742269 1.6391752577319587 2.6907216494845363 3.0 1.2371134020618557 1.2371134020618557 1.3608247422680413 1.6701030927835052 2.0721649484536084 2.443298969072165 2.4742268041237114 1.5463917525773196 1.8556701030927836 1.4845360824742269 1.824742268041237 2.288659793814433 2.597938144329897 2.9690721649484537 2.195876288659794 2.195876288659794 1.268041237113402 1.7010309278350515 1.731958762886598 2.2577319587628866 3.0
44 22.775278941057564 2.536082474226804 2.9690721649484537 1.2371134020618557 1.824742268041237 1.422680412371134 1.4845360824742269 1.6391752577319587 2.6907216494845363 3.0 1.2371134020618557 1.2371134020618557 1.3608247422680413 1.6701030927835052 2.0721649484536084 2.443298969072165 2.4742268041237114 1.5463917525773196 1.8556701030927836 1.4845360824742269 1.824742268041237 2.288659793814433 2.597938144329897 2.9690721649484537 2.195876288659794 2.195876288659794 1.268041237113402 1.7010309278350515 1.731958762886598 2.2577319587628866 3.0
45 27.84557271504828 2.536082474226804 2.9690721649484537 1.2371134020618557 1.824742268041237 1.422680412371134 1.4845360824742269 1.6391752577319587 2.6907216494845363 3.0 1.2371134020618557 1.2371134020618557 1.3608247422680413 1.6701030927835052 2.0721649484536084 2.443298969072165 2.4742268041237114 1.5463917525773196 1.8556701030927836 1.4845360824742269 1.824742268041237 2.288659793814433 2.597938144329897 2.9690721649484537 2.195876288659794 2.195876288659794 1.268041237113402 1.7010309278350515 1.731958762886598 2.2577319587628866 3.0
46 21.546926298206245 1.690721649484536 1.9793814432989691 0.8247422680412371 1.2164948453608246 0.9484536082474226 0.9896907216494846 1.092783505154639 1.7938144329896908 2.0 0.8247422680412371 0.8247422680412371 0.9072164948453608 1.1134020618556701 1.3814432989690721 1.6288659793814433 1.6494845360824741 1.0309278350515463 1.2371134020618557 0.9896907216494846 1.2164948453608246 1.5257731958762886 1.731958762886598 1.9793814432989691 1.4639175257731958 1.4639175257731958 0.845360824742268 1.134020618556701 1.1546391752577319 1.5051546391752577 2.0
47 119.98471397899146 2.536082474226804 2.9690721649484537 1.2371134020618557 1.824742268041237 1.422680412371134 1.4845360824742269 1.6391752577319587 2.6907216494845363 3.0 1.2371134020618557 1.2371134020618557 1.3608247422680413 1.6701030927835052 2.0721649484536084 2.443298969072165 2.4742268041237114 1.5463917525773196 1.8556701030927836 1.4845360824742269 1.824742268041237 2.288659793814433 2.597938144329897 2.9690721649484537 2.195876288659794 2.195876288659794 1.268041237113402 1.7010309278350515 1.731958762886598 2.2577319587628866 3.0
48 40.01289516307231 1.690721649484536 1.9793814432989691 0.8247422680412371 1.2164948453608246 0.9484536082474226 0.9896907216494846 1.092783505154639 1.7938144329896908 2.0 0.8247422680412371 0.8247422680412371 0.9072164948453608 1.1134020618556701 1.3814432989690721 1.6288659793814433 1.6494845360824741 1.0309278350515463 1.2371134020618557 0.9896907216494846 1.2164948453608246 1.5257731958762886 1.731958762886598 1.9793814432989691 1.4639175257731958 1.4639175257731958 0.845360824742268 1.134020618556701 1.1546391752577319 1.5051546391752577 2.0
49 18.49350163352936 2.536082474226804 2.9690721649484537 1.2371134020618557 1.824742268041237 1.422680412371134 1.4845360824742269 1.6391752577319587 2.6907216494845363 3.0 1.2371134020618557 1.2371134020618557 1.3608247422680413 1.6701030927835052 2.0721649484536084 2.443298969072165 2.4742268041237114 1.5463917525773196 1.8556701030927836 1.4845360824742269 1.824742268041237 2.288659793814433 2.597938144329897 2.9690721649484537 2.195876288659794 2.195876288659794 1.268041237113402 1.7010309278350515 1.731958762886598 2.2577319587628866 3.0
50 94.29124587780224 2.536082474226804 2.9690721649484537 1.2371134020618557 1.824742268041237 1.422680412371134 1.4845360824742269 1.6391752577319587 2.6907216494845363 3.0 1.2371134020618557 1.2371134020618557 1.3608247422680413 1.6701030927835052 2.0721649484536084 2.443298969072165 2.4742268041237114 1.5463917525773196 1.8556701030927836 1.4845360824742269 1.824742268041237 2.288659793814433 2.597938144329897 2.9690721649484537 2.195876288659794 2.195876288659794 1.268041237113402 1.7010309278350515 1.731958762886598 2.2577319587628866 3.0
51 109.88549395687689 1.690721649484536 1.9793814432989691 0.8247422680412371 1.2164948453608246 0.9484536082474226 0.9896907216494846 1.092783505154639 1.7938144329896908 2.0 0.8247422680412371 0.8247422680412371 0.9072164948453608 1.1134020618556701 1.3814432989690721 1.6288659793814433 1.6494845360824741 1.0309278350515463 1.2371134020618557 0.9896907216494846 1.2164948453608246 1.5257731958762886 1.731958762886598 1.9793814432989691 1.4639175257731958 1.4639175257731958 0.845360824742268 1.134020618556701 1.1546391752577319 1.5051546391752577 2.0
52 40.67039451415656 2.536082474226804 2.9690721649484537 1.2371134020618557 1.824742268041237 1.422680412371134 1.4845360824742269 1.6391752577319587 2.6907216494845363 3.0 1.2371134020618557 1.2371134020618557 1.3608247422680413 1.6701030927835052 2.0721649484536084 2.443298969072165 2.4742268041237114 1.5463917525773196 1.8556701030927836 1.4845360824742269 1.824742268041237 2.288659793814433 2.597938144329897 2.9690721649484537 2.195876288659794 2.195876288659794 1.268041237113402 1.7010309278350515 1.731958762886598 2.2577319587628866 3.0
53 33.64716299245935 2.536082474226804 2.9690721649484537 1.2371134020618557 1.824742268041237 1.422680412371134 1.4845360824742269 1.6391752577319587 2.6907216494845363 3.0 1.2371134020618557 1.2371134020618557 1.3608247422680413 1.6701030927835052 2.0721649484536084 2.443298969072165 2.4742268041237114 1.5463917525773196 1.8556701030927836 1.4845360824742269 1.824742268041237 2.288659793814433 2.597938144329897 2.9690721649484537 2.195876288659794 2.195876288659794 1.268041237113402 1.7010309278350515 1.731958762886598 2.2577319587628866 3.0
54 79.76851071391691 2.536082474226804 2.9690721649484537 1.2371134020618557 1.824742268041237 1.422680412371134 1.4845360824742269 1.6391752577319587 2.6907216494845363 3.0 1.2371134020618557 1.2371134020618557 1.3608247422680413 1.6701030927835052 2.0721649484536084 2.443298969072165 2.4742268041237114 1.5463917525773196 1.8556701030927836 1.4845360824742269 1.824742268041237 2.288659793814433 2.597938144329897 2.9690721649484537 2.195876288659794 2.195876288659794 1.268041237113402 1.7010309278350515 1.731958762886598 2.2577319587628866 3.0
55 34.15251049924512 2.536082474226804 2.9690721649484537 1.2371134020618557 1.824742268041237 1.422680412371134 1.4845360824742269 1.6391752577319587 2.6907216494845363 3.0 1.2371134020618557 1.2371134020618557 1.3608247422680413 1.6701030927835052 2.0721649484536084 2.443298969072165 2.4742268041237114 1.5463917525773196 1.8556701030927836 1.4845360824742269 1.824742268041237 2.288659793814433 2.597938144329897 2.9690721649484537 2.195876288659794 2.195876288659794 1.268041237113402 1.7010309278350515 1.731958762886598 2.2577319587628866 3.0
56 194.84229051162845 2.536082474226804 2.9690721649484537 1.2371134020618557 1.824742268041237 1.422680412371134 1.4845360824742269 1.6391752577319587 2.6907216494845363 3.0 1.2371134020618557 1.2371134020618557 1.3608247422680413 1.6701030927835052 2.0721649484536084 2.443298969072165 2.4742268041237114 1.5463917525773196 1.8556701030927836 1.4845360824742269 1.824742268041237 2.288659793814433 2.597938144329897 2.9690721649484537 2.195876288659794 2.195876288659794 1.268041237113402 1.7010309278350515 1.731958762886598 2.2577319587628866 3.0
57 54.0044928978365 2.536082474226804 2.9690721649484537 1.2371134020618557 1.824742268041237 1.422680412371134 1.4845360824742269 1.6391752577319587 2.6907216494845363 3.0 1.2371134020618557 1.2371134020618557 1.3608247422680413 1.6701030927835052 2.0721649484536084 2.443298969072165 2.4742268041237114 1.5463917525773196 1.8556701030927836 1.4845360824742269 1.824742268041237 2.288659793814433 2.597938144329897 2.9690721649484537 2.195876288659794 2.195876288659794 1.268041237113402 1.7010309278350515 1.731958762886598 2.2577319587628866 3.0
58 14.431165186657744 2.536082474226804 2.9690721649484537 1.2371134020618557 1.824742268041237 1.422680412371134 1.4845360824742269 1.6391752577319587 2.6907216494845363 3.0 1.2371134020618557 1.2371134020618557 1.3608247422680413 1.6701030927835052 2.0721649484536084 2.443298969072165 2.4742268041237114 1.5463917525773196 1.8556701030927836 1.4845360824742269 1.824742268041237 2.288659793814433 2.597938144329897 2.9690721649484537 2.195876288659794 2.195876288659794 1.268041237113402 1.7010309278350515 1.731958762886598 2.2577319587628866 3.0
59 64.66317718952342 1.690721649484536 1.9793814432989691 0.8247422680412371 1.2164948453608246 0.9484536082474226 0.9896907216494846 1.092783505154639 1.7938144329896908 2.0 0.8247422680412371 0.8247422680412371 0.9072164948453608 1.1134020618556701 1.3814432989690721 1.6288659793814433 1.6494845360824741 1.0309278350515463 1.2371134020618557 0.9896907216494846 1.2164948453608246 1.5257731958762886 1.731958762886598 1.9793814432989691 1.4639175257731958 1.4639175257731958 0.845360824742268 1.134020618556701 1.1546391752577319 1.5051546391752577 2.0
60 34.056691577583855 2.536082474226804 2.9690721649484537 1.2371134020618557 1.824742268041237 1.422680412371134 1.4845360824742269 1.6391752577319587 2.6907216494845363 3.0 1.2371134020618557 1.2371134020618557 1.3608247422680413 1.6701030927835052 2.0721649484536084 2.443298969072165 2.4742268041237114 1.5463917525773196 1.8556701030927836 1.4845360824742269 1.824742268041237 2.288659793814433 2.597938144329897 2.9690721649484537 2.195876288659794 2.195876288659794 1.268041237113402 1.7010309278350515 1.731958762886598 2.2577319587628866 3.0
61 4.583304385178544 1.690721649484536 1.9793814432989691 0.8247422680412371 1.2164948453608246 0.9484536082474226 0.9896907216494846 1.092783505154639 1.7938144329896908 2.0 0.8247422680412371 0.8247422680412371 0.9072164948453608 1.1134020618556701 1.3814432989690721 1.6288659793814433 1.6494845360824741 1.0309278350515463 1.2371134020618557 0.9896907216494846 1.2164948453608246 1.5257731958762886 1.731958762886598 1.9793814432989691 1.4639175257731958 1.4639175257731958 0.845360824742268 1.134020618556701 1.1546391752577319 1.5051546391752577 2.0
62 5.062200591022836 2.536082474226804 2.9690721649484537 1.2371134020618557 1.824742268041237 1.422680412371134 1.4845360824742269 1.6391752577319587 2.6907216494845363 3.0 1.2371134020618557 1.2371134020618557 1.3608247422680413 1.6701030927835052 2.0721649484536084 2.443298969072165 2.4742268041237114 1.5463917525773196 1.8556701030927836 1.4845360824742269 1.824742268041237 2.288659793814433 2.597938144329897 2.9690721649484537 2.195876288659794 2.195876288659794 1.268041237113402 1.7010309278350515 1.731958762886598 2.2577319587628866 3.0
63 21.222809626551378 1.690721649484536 1.9793814432989691 0.8247422680412371 1.2164948453608246 0.9484536082474226 0.9896907216494846 1.092783505154639 1.7938144329896908 2.0 0.8247422680412371 0.8247422680412371 0.9072164948453608 1.1134020618556701 1.3814432989690721 1.6288659793814433 1.6494845360824741 1.0309278350515463 1.2371134020618557 0.9896907216494846 1.2164948453608246 1.5257731958762886 1.731958762886598 1.9793814432989691 1.4639175257731958 1.4639175257731958 0.845360824742268 1.134020618556701 1.1546391752577319 1.5051546391752577 2.0
64 4.360831022006063 1.690721649484536 1.9793814432989691 0.8247422680412371 1.2164948453608246 0.9484536082474226 0.9896907216494846 1.092783505154639 1.7938144329896908 2.0 0.8247422680412371 0.8247422680412371 0.9072164948453608 1.1134020618556701 1.3814432989690721 1.6288659793814433 1.6494845360824741 1.0309278350515463 1.2371134020618557 0.9896907216494846 1.2164948453608246 1.5257731958762886 1.731958762886598 1.9793814432989691 1.4639175257731958 1.4639175257731958 0.845360824742268 1.134020618556701 1.1546391752577319 1.5051546391752577 2.0
65 34.368572784331 2.536082474226804 2.9690721649484537 1.2371134020618557 1.824742268041237 1.422680412371134 1.4845360824742269 1.6391752577319587 2.6907216494845363 3.0 1.2371134020618557 1.2371134020618557 1.3608247422680413 1.6701030927835052 2.0721649484536084 2.443298969072165 2.4742268041237114 1.5463917525773196 1.8556701030927836 1.4845360824742269 1.824742268041237 2.288659793814433 2.597938144329897 2.9690721649484537 2.195876288659794 2.195876288659794 1.268041237113402 1.7010309278350515 1.731958762886598 2.2577319587628866 3.0
66 125.25210816758661 1.690721649484536 1.9793814432989691 0.8247422680412371 1.2164948453608246 0.9484536082474226 0.9896907216494846 1.092783505154639 1.7938144329896908 2.0 0.8247422680412371 0.8247422680412371 0.9072164948453608 1.1134020618556701 1.3814432989690721 1.6288659793814433 1.6494845360824741 1.0309278350515463 1.2371134020618557 0.9896907216494846 1.2164948453608246 1.5257731958762886 1.731958762886598 1.9793814432989691 1.4639175257731958 1.4639175257731958 0.845360824742268 1.134020618556701 1.1546391752577319 1.5051546391752577 2.0
67 8.791397380147828 1.690721649484536 1.9793814432989691 0.8247422680412371 1.2164948453608246 0.9484536082474226 0.9896907216494846 1.092783505154639 1.7938144329896908 2.0 0.8247422680412371 0.8247422680412371 0.9072164948453608 1.1134020618556701 1.3814432989690721 1.6288659793814433 1.6494845360824741 1.0309278350515463 1.2371134020618557 0.9896907216494846 1.2164948453608246 1.5257731958762886 1.731958762886598 1.9793814432989691 1.4639175257731958 1.4639175257731958 0.845360824742268 1.134020618556701 1.1546391752577319 1.5051546391752577 2.0
68 88.42291916218076 1.690721649484536 1.9793814432989691 0.8247422680412371 1.2164948453608246 0.9484536082474226 0.9896907216494846 1.092783505154639 1.7938144329896908 2.0 0.8247422680412371 0.8247422680412371 0.9072164948453608 1.1134020618556701 1.3814432989690721 1.6288659793814433 1.6494845360824741 1.0309278350515463 1.2371134020618557 0.9896907216494846 1.2164948453608246 1.5257731958762886 1.731958762886598 1.9793814432989691 1.4639175257731958 1.4639175257731958 0.845360824742268 1.134020618556701 1.1546391752577319 1.5051546391752577 2.0
69 10.009237055948752 1.690721649484536 1.9793814432989691 0.8247422680412371 1.2164948453608246 0.9484536082474226 0.9896907216494846 1.092783505154639 1.7938144329896908 2.0 0.8247422680412371 0.8247422680412371 0.9072164948453608 1.1134020618556701 1.3814432989690721 1.6288659793814433 1.6494845360824741 1.0309278350515463 1.2371134020618557 0.9896907216494846 1.2164948453608246 1.5257731958762886 1.731958762886598 1.9793814432989691 1.4639175257731958 1.4639175257731958 0.845360824742268 1.134020618556701 1.1546391752577319 1.5051546391752577 2.0
