50 30
TREE NETWORK (nID nID Weight):
49 0 46
25 49 35
27 25 41
47 25 45
46 49 30
2 27 39
23 49 47
35 27 56
19 27 50
24 2 45
3 49 31
48 47 56
12 47 49
9 48 40
41 47 45
4 48 54
14 24 49
34 19 55
42 23 46
15 24 54
31 9 39
36 3 57
11 14 43
33 14 52
39 27 54
16 46 32
13 31 44
37 47 53
17 19 38
29 0 32
18 16 52
8 9 53
44 33 56
32 35 57
6 13 42
22 13 45
21 22 31
1 0 44
10 12 38
30 8 47
26 2 59
7 48 30
38 46 52
45 33 49
43 4 40
40 41 34
5 39 55
28 2 49
20 22 46
PROGRAMS ASSIGNED TO NODES (nID pID1 pID2 ...):
0 1 2 3 4 5 6 7 8 9 10 11 12 13 14 15 16 17 18 19 20 21 22 23 24 25 26 27 28 29 30
1 2 4 5 6 7 8 9 10 11 12 13 14 15 16 17 18 19 20 21 22 23 24 25 26 27 29 30
2 1 2 3 4 5 6 9 11 12 13 14 15 16 17 18 19 20 21 22 23 25 26 28 29 30
3 17 1 18 2 20 6 9 11 29 30 14 15
4 1 2 3 4 5 6 7 8 9 10 11 12 13 14 15 16 17 18 19 20 21 22 23 25 26 27 28 30
5 1 2 3 4 5 6 7 8 9 10 11 12 13 14 15 16 17 18 19 20 21 22 23 24 25 26 28 29 30
6 3 4 6 9 10 11 13 14 15 16 17 19 21 22 23 24 25 26 28 29 30
7 1 2 3 5 6 7 8 9 10 11 12 14 15 16 17 18 19 20 22 23 24 25 26 27 28 29 30
8 1 2 4 5 6 7 8 9 11 13 15 18 19 20 21 23 24 25 29
9 1 6
10 2 4 5 8 9 10 11 12 14 15 16 17 19 21 23 24 26 27 28
11 1 6 22 7 8 25 10 27
12 1 3 4 5 8 11 13 15 17 18 19 20 21 22 25 26 27 29
13 1 2 3 4 5 6 7 8 10 11 12 13 14 15 16 17 19 20 21 22 23 24 25 26 27 28 29 30
15 17 19 20 22 6 23 9 28 12 30
16 1 2 4 5 6 8 9 11 12 13 14 15 16 17 18 19 21 22 23 24 25 26 28 29
17 1 2 3 4 5 6 8 9 10 11 12 13 14 15 16 17 18 19 20 22 23 24 26 27 28 29 30
18 1 2 5 6 7 8 9 10 12 14 16 17 20 21 22 24 25 26 27 28 29
19 3 5 9 10 11 12 13 14 15 16 17 19 21 24 25 27 28 29
20 3 21
21 11
22 1 3 4 5 6 7 8 9 12 13 15 16 17 18 19 20 21 22 23 24 25 26 27 28 29 30
23 1 2 3 4 5 6 7 8 9 10 11 12 13 14 15 16 17 18 19 20 21 22 23 24 26 28 29 30
24 2 3 4 5 7 8 9 10 11 12 13 14 15 16 17 19 20 21 22 23 24 25 26 27 28 29 30
25 1 4 5 6 7 8 9 10 12 13 15 18 19 20 21 23 24 25 26 27 28 29 30
26 1 2 3 4 5 6 7 8 9 10 12 13 14 15 16 17 18 19 20 21 22 23 24 25 26 27 28 29 30
27 18 19 4 20 9
28 1 2 9
29 17 3 20 5 9 25 26 27 28
30 1 2 3 4 5 6 7 8 9 10 11 12 13 14 15 17 18 19 21 22 23 24 25 26 27 29 30
31 3 6 7 10 11 15 17 18 20 21 23 24 30
32 27
33 1 2 3 4 5 6 7 8 9 10 11 12 13 14 15 16 17 18 19 20 21 22 23 24 26 27 29 30
34 16 17 19 5 7 24 10 13
35 16 1 4 20 22 7 9 27 12 14 30 15
36 1 2 24 8 28 13
37 1 2 21 6 7 24 9 11 12 15
38 1 2 3 4 5 6 8 9 10 11 12 13 14 15 16 17 18 19 20 21 22 23 25 26 27 28 29
39 1 4 5 6 7 8 9 10 11 12 13 14 15 16 17 18 19 20 21 22 23 24 25 27 28 29 30
40 4 5 22 9 10 11 12
41 1 2 3 4 5 6 7 8 9 10 11 12 13 14 15 16 17 18 19 20 21 23 25 27 28 29 30
42 1 2 3 6 7 8 9 10 12 13 15 16 17 18 19 20 21 22 23 25 26 27 28 29 30
43 1 2 3 4 5 6 7 8 10 11 13 14 15 16 17 18 19 20 21 22 23 24 25 26 27 28 29 30
44 1 2 3 4 5 6 7 8 9 10 11 12 13 14 15 16 18 19 20 21 22 23 24 25 26 27 28 29 30
45 1 2 3 4 6 7 8 9 10 11 13 16 17 18 20 22 24 25 26 27 28 30
46 24 11
47 3 4 5 7 8 9 10 11 12 13 14 18 19 21 22 23 24 25 26 27 28 29 30
48 1 2 3 4 5 6 8 10 11 12 15 19 20 23 25 27 28 29 30
49 1 2 4 5 6 7 8 9 10 11 12 13 14 16 17 18 19 21 22 23 25 26 27 28 29 30
SIZE OF PROGRAMS (pID SIZE):
1 70.0
2 81.0
3 80.0
4 72.0
5 69.0
6 87.0
7 94.0
8 95.0
9 84.0
10 49.0
11 62.0
12 43.0
13 75.0
14 74.0
15 48.0
16 97.0
17 61.0
18 95.0
19 44.0
20 75.0
21 55.0
22 77.0
23 78.0
24 54.0
25 81.0
26 43.0
27 70.0
28 58.0
29 50.0
30 94.0
COST TO INSTALL SERVERS AND PROGRAMS ON NODES (COST_TO_INSTALL_SERVER COST_TO_INSTALL_pID1 ...):
0 7541.237113402063 2.1649484536082473 2.5051546391752577 2.4742268041237114 2.2268041237113403 2.134020618556701 2.6907216494845363 2.9072164948453607 2.9381443298969074 2.597938144329897 1.5154639175257731 1.9175257731958764 1.3298969072164948 2.3195876288659796 2.288659793814433 1.4845360824742269 3.0 1.8865979381443299 2.9381443298969074 1.3608247422680413 2.3195876288659796 1.7010309278350515 2.381443298969072 2.4123711340206184 1.6701030927835052 2.5051546391752577 1.3298969072164948 2.1649484536082473 1.7938144329896908 1.5463917525773196 2.9072164948453607
1 91.0 2.1649484536082473 2.5051546391752577 2.4742268041237114 2.2268041237113403 2.134020618556701 2.6907216494845363 2.9072164948453607 2.9381443298969074 2.597938144329897 1.5154639175257731 1.9175257731958764 1.3298969072164948 2.3195876288659796 2.288659793814433 1.4845360824742269 3.0 1.8865979381443299 2.9381443298969074 1.3608247422680413 2.3195876288659796 1.7010309278350515 2.381443298969072 2.4123711340206184 1.6701030927835052 2.5051546391752577 1.3298969072164948 2.1649484536082473 1.7938144329896908 1.5463917525773196 2.9072164948453607
2 72.45813298718448 2.1649484536082473 2.5051546391752577 2.4742268041237114 2.2268041237113403 2.134020618556701 2.6907216494845363 2.9072164948453607 2.9381443298969074 2.597938144329897 1.5154639175257731 1.9175257731958764 1.3298969072164948 2.3195876288659796 2.288659793814433 1.4845360824742269 3.0 1.8865979381443299 2.9381443298969074 1.3608247422680413 2.3195876288659796 1.7010309278350515 2.381443298969072 2.4123711340206184 1.6701030927835052 2.5051546391752577 1.3298969072164948 2.1649484536082473 1.7938144329896908 1.5463917525773196 2.9072164948453607
3 34.480722346919414 1.443298969072165 1.6701030927835052 1.6494845360824741 1.4845360824742269 1.422680412371134 1.7938144329896908 1.9381443298969072 1.958762886597938 1.731958762886598 1.0103092783505154 1.2783505154639174 0.8865979381443299 1.5463917525773196 1.5257731958762886 0.9896907216494846 2.0 1.2577319587628866 1.958762886597938 0.9072164948453608 1.5463917525773196 1.134020618556701 1.5876288659793814 1.6082474226804124 1.1134020618556701 1.6701030927835052 0.8865979381443299 1.443298969072165 1.1958762886597938 1.0309278350515463 1.9381443298969072
4 150.56420241141947 2.1649484536082473 2.5051546391752577 2.4742268041237114 2.2268041237113403 2.134020618556701 2.6907216494845363 2.9072164948453607 2.9381443298969074 2.597938144329897 1.5154639175257731 1.9175257731958764 1.3298969072164948 2.3195876288659796 2.288659793814433 1.4845360824742269 3.0 1.8865979381443299 2.9381443298969074 1.3608247422680413 2.3195876288659796 1.7010309278350515 2.381443298969072 2.4123711340206184 1.6701030927835052 2.5051546391752577 1.3298969072164948 2.1649484536082473 1.7938144329896908 1.5463917525773196 2.9072164948453607
5 123.76692136451325 1.443298969072165 1.6701030927835052 1.6494845360824741 1.4845360824742269 1.422680412371134 1.7938144329896908 1.9381443298969072 1.958762886597938 1.731958762886598 1.0103092783505154 1.2783505154639174 0.8865979381443299 1.5463917525773196 1.5257731958762886 0.9896907216494846 2.0 1.2577319587628866 1.958762886597938 0.9072164948453608 1.5463917525773196 1.134020618556701 1.5876288659793814 1.6082474226804124 1.1134020618556701 1.6701030927835052 0.8865979381443299 1.443298969072165 1.1958762886597938 1.0309278350515463 1.9381443298969072
6 147.9236121525088 2.1649484536082473 2.5051546391752577 2.4742268041237114 2.2268041237113403 2.134020618556701 2.6907216494845363 2.9072164948453607 2.9381443298969074 2.597938144329897 1.5154639175257731 1.9175257731958764 1.3298969072164948 2.3195876288659796 2.288659793814433 1.4845360824742269 3.0 1.8865979381443299 2.9381443298969074 1.3608247422680413 2.3195876288659796 1.7010309278350515 2.381443298969072 2.4123711340206184 1.6701030927835052 2.5051546391752577 1.3298969072164948 2.1649484536082473 1.7938144329896908 1.5463917525773196 2.9072164948453607
7 59.595208717657066 2.1649484536082473 2.5051546391752577 2.4742268041237114 2.2268041237113403 2.134020618556701 2.6907216494845363 2.9072164948453607 2.9381443298969074 2.597938144329897 1.5154639175257731 1.9175257731958764 1.3298969072164948 2.3195876288659796 2.288659793814433 1.4845360824742269 3.0 1.8865979381443299 2.9381443298969074 1.3608247422680413 2.3195876288659796 1.7010309278350515 2.381443298969072 2.4123711340206184 1.6701030927835052 2.5051546391752577 1.3298969072164948 2.1649484536082473 1.7938144329896908 1.5463917525773196 2.9072164948453607
8 151.30483928754674 1.443298969072165 1.6701030927835052 1.6494845360824741 1.4845360824742269 1.422680412371134 1.7938144329896908 1.9381443298969072 1.958762886597938 1.731958762886598 1.0103092783505154 1.2783505154639174 0.8865979381443299 1.5463917525773196 1.5257731958762886 0.9896907216494846 2.0 1.2577319587628866 1.958762886597938 0.9072164948453608 1.5463917525773196 1.134020618556701 1.5876288659793814 1.6082474226804124 1.1134020618556701 1.6701030927835052 0.8865979381443299 1.443298969072165 1.1958762886597938 1.0309278350515463 1.9381443298969072
9 151.5535958539804 2.1649484536082473 2.5051546391752577 2.4742268041237114 2.2268041237113403 2.134020618556701 2.6907216494845363 2.9072164948453607 2.9381443298969074 2.597938144329897 1.5154639175257731 1.9175257731958764 1.3298969072164948 2.3195876288659796 2.288659793814433 1.4845360824742269 3.0 1.8865979381443299 2.9381443298969074 1.3608247422680413 2.3195876288659796 1.7010309278350515 2.381443298969072 2.4123711340206184 1.6701030927835052 2.5051546391752577 1.3298969072164948 2.1649484536082473 1.7938144329896908 1.5463917525773196 2.9072164948453607
10 103.71311148674872 1.443298969072165 1.6701030927835052 1.6494845360824741 1.4845360824742269 1.422680412371134 1.7938144329896908 1.9381443298969072 1.958762886597938 1.731958762886598 1.0103092783505154 1.2783505154639174 0.8865979381443299 1.5463917525773196 1.5257731958762886 0.9896907216494846 2.0 1.2577319587628866 1.958762886597938 0.9072164948453608 1.5463917525773196 1.134020618556701 1.5876288659793814 1.6082474226804124 1.1134020618556701 1.6701030927835052 0.8865979381443299 1.443298969072165 1.1958762886597938 1.0309278350515463 1.9381443298969072
11 90.84806621672824 2.1649484536082473 2.5051546391752577 2.4742268041237114 2.2268041237113403 2.134020618556701 2.6907216494845363 2.9072164948453607 2.9381443298969074 2.597938144329897 1.5154639175257731 1.9175257731958764 1.3298969072164948 2.3195876288659796 2.288659793814433 1.4845360824742269 3.0 1.8865979381443299 2.9381443298969074 1.3608247422680413 2.3195876288659796 1.7010309278350515 2.381443298969072 2.4123711340206184 1.6701030927835052 2.5051546391752577 1.3298969072164948 2.1649484536082473 1.7938144329896908 1.5463917525773196 2.9072164948453607
12 62.757266755499444 2.1649484536082473 2.5051546391752577 2.4742268041237114 2.2268041237113403 2.134020618556701 2.6907216494845363 2.9072164948453607 2.9381443298969074 2.597938144329897 1.5154639175257731 1.9175257731958764 1.3298969072164948 2.3195876288659796 2.288659793814433 1.4845360824742269 3.0 1.8865979381443299 2.9381443298969074 1.3608247422680413 2.3195876288659796 1.7010309278350515 2.381443298969072 2.4123711340206184 1.6701030927835052 2.5051546391752577 1.3298969072164948 2.1649484536082473 1.7938144329896908 1.5463917525773196 2.9072164948453607
13 227.54358575700843 1.443298969072165 1.6701030927835052 1.6494845360824741 1.4845360824742269 1.422680412371134 1.7938144329896908 1.9381443298969072 1.958762886597938 1.731958762886598 1.0103092783505154 1.2783505154639174 0.8865979381443299 1.5463917525773196 1.5257731958762886 0.9896907216494846 2.0 1.2577319587628866 1.958762886597938 0.9072164948453608 1.5463917525773196 1.134020618556701 1.5876288659793814 1.6082474226804124 1.1134020618556701 1.6701030927835052 0.8865979381443299 1.443298969072165 1.1958762886597938 1.0309278350515463 1.9381443298969072
14 246.91147510373298 2.1649484536082473 2.5051546391752577 2.4742268041237114 2.2268041237113403 2.134020618556701 2.6907216494845363 2.9072164948453607 2.9381443298969074 2.597938144329897 1.5154639175257731 1.9175257731958764 1.3298969072164948 2.3195876288659796 2.288659793814433 1.4845360824742269 3.0 1.8865979381443299 2.9381443298969074 1.3608247422680413 2.3195876288659796 1.7010309278350515 2.381443298969072 2.4123711340206184 1.6701030927835052 2.5051546391752577 1.3298969072164948 2.1649484536082473 1.7938144329896908 1.5463917525773196 2.9072164948453607
15 86.34428772980095 2.1649484536082473 2.5051546391752577 2.4742268041237114 2.2268041237113403 2.134020618556701 2.6907216494845363 2.9072164948453607 2.9381443298969074 2.597938144329897 1.5154639175257731 1.9175257731958764 1.3298969072164948 2.3195876288659796 2.288659793814433 1.4845360824742269 3.0 1.8865979381443299 2.9381443298969074 1.3608247422680413 2.3195876288659796 1.7010309278350515 2.381443298969072 2.4123711340206184 1.6701030927835052 2.5051546391752577 1.3298969072164948 2.1649484536082473 1.7938144329896908 1.5463917525773196 2.9072164948453607
16 87.87058937348336 2.1649484536082473 2.5051546391752577 2.4742268041237114 2.2268041237113403 2.134020618556701 2.6907216494845363 2.9072164948453607 2.9381443298969074 2.597938144329897 1.5154639175257731 1.9175257731958764 1.3298969072164948 2.3195876288659796 2.288659793814433 1.4845360824742269 3.0 1.8865979381443299 2.9381443298969074 1.3608247422680413 2.3195876288659796 1.7010309278350515 2.381443298969072 2.4123711340206184 1.6701030927835052 2.5051546391752577 1.3298969072164948 2.1649484536082473 1.7938144329896908 1.5463917525773196 2.9072164948453607
17 166.17836526349532 2.1649484536082473 2.5051546391752577 2.4742268041237114 2.2268041237113403 2.134020618556701 2.6907216494845363 2.9072164948453607 2.9381443298969074 2.597938144329897 1.5154639175257731 1.9175257731958764 1.3298969072164948 2.3195876288659796 2.288659793814433 1.4845360824742269 3.0 1.8865979381443299 2.9381443298969074 1.3608247422680413 2.3195876288659796 1.7010309278350515 2.381443298969072 2.4123711340206184 1.6701030927835052 2.5051546391752577 1.3298969072164948 2.1649484536082473 1.7938144329896908 1.5463917525773196 2.9072164948453607
18 99.67933610316175 1.443298969072165 1.6701030927835052 1.6494845360824741 1.4845360824742269 1.422680412371134 1.7938144329896908 1.9381443298969072 1.958762886597938 1.731958762886598 1.0103092783505154 1.2783505154639174 0.8865979381443299 1.5463917525773196 1.5257731958762886 0.9896907216494846 2.0 1.2577319587628866 1.958762886597938 0.9072164948453608 1.5463917525773196 1.134020618556701 1.5876288659793814 1.6082474226804124 1.1134020618556701 1.6701030927835052 0.8865979381443299 1.443298969072165 1.1958762886597938 1.0309278350515463 1.9381443298969072
19 75.27164540024191 2.1649484536082473 2.5051546391752577 2.4742268041237114 2.2268041237113403 2.134020618556701 2.6907216494845363 2.9072164948453607 2.9381443298969074 2.597938144329897 1.5154639175257731 1.9175257731958764 1.3298969072164948 2.3195876288659796 2.288659793814433 1.4845360824742269 3.0 1.8865979381443299 2.9381443298969074 1.3608247422680413 2.3195876288659796 1.7010309278350515 2.381443298969072 2.4123711340206184 1.6701030927835052 2.5051546391752577 1.3298969072164948 2.1649484536082473 1.7938144329896908 1.5463917525773196 2.9072164948453607
20 15.115693775072977 2.1649484536082473 2.5051546391752577 2.4742268041237114 2.2268041237113403 2.134020618556701 2.6907216494845363 2.9072164948453607 2.9381443298969074 2.597938144329897 1.5154639175257731 1.9175257731958764 1.3298969072164948 2.3195876288659796 2.288659793814433 1.4845360824742269 3.0 1.8865979381443299 2.9381443298969074 1.3608247422680413 2.3195876288659796 1.7010309278350515 2.381443298969072 2.4123711340206184 1.6701030927835052 2.5051546391752577 1.3298969072164948 2.1649484536082473 1.7938144329896908 1.5463917525773196 2.9072164948453607
21 3.675731116336225 1.443298969072165 1.6701030927835052 1.6494845360824741 1.4845360824742269 1.422680412371134 1.7938144329896908 1.9381443298969072 1.958762886597938 1.731958762886598 1.0103092783505154 1.2783505154639174 0.8865979381443299 1.5463917525773196 1.5257731958762886 0.9896907216494846 2.0 1.2577319587628866 1.958762886597938 0.9072164948453608 1.5463917525773196 1.134020618556701 1.5876288659793814 1.6082474226804124 1.1134020618556701 1.6701030927835052 0.8865979381443299 1.443298969072165 1.1958762886597938 1.0309278350515463 1.9381443298969072
22 117.37386808470178 1.443298969072165 1.6701030927835052 1.6494845360824741 1.4845360824742269 1.422680412371134 1.7938144329896908 1.9381443298969072 1.958762886597938 1.731958762886598 1.0103092783505154 1.2783505154639174 0.8865979381443299 1.5463917525773196 1.5257731958762886 0.9896907216494846 2.0 1.2577319587628866 1.958762886597938 0.9072164948453608 1.5463917525773196 1.134020618556701 1.5876288659793814 1.6082474226804124 1.1134020618556701 1.6701030927835052 0.8865979381443299 1.443298969072165 1.1958762886597938 1.0309278350515463 1.9381443298969072
23 27.46271381269788 2.1649484536082473 2.5051546391752577 2.4742268041237114 2.2268041237113403 2.134020618556701 2.6907216494845363 2.9072164948453607 2.9381443298969074 2.597938144329897 1.5154639175257731 1.9175257731958764 1.3298969072164948 2.3195876288659796 2.288659793814433 1.4845360824742269 3.0 1.8865979381443299 2.9381443298969074 1.3608247422680413 2.3195876288659796 1.7010309278350515 2.381443298969072 2.4123711340206184 1.6701030927835052 2.5051546391752577 1.3298969072164948 2.1649484536082473 1.7938144329896908 1.5463917525773196 2.9072164948453607
24 239.4498656877169 2.1649484536082473 2.5051546391752577 2.4742268041237114 2.2268041237113403 2.134020618556701 2.6907216494845363 2.9072164948453607 2.9381443298969074 2.597938144329897 1.5154639175257731 1.9175257731958764 1.3298969072164948 2.3195876288659796 2.288659793814433 1.4845360824742269 3.0 1.8865979381443299 2.9381443298969074 1.3608247422680413 2.3195876288659796 1.7010309278350515 2.381443298969072 2.4123711340206184 1.6701030927835052 2.5051546391752577 1.3298969072164948 2.1649484536082473 1.7938144329896908 1.5463917525773196 2.9072164948453607
25 39.09718348697757 1.443298969072165 1.6701030927835052 1.6494845360824741 1.4845360824742269 1.422680412371134 1.7938144329896908 1.9381443298969072 1.958762886597938 1.731958762886598 1.0103092783505154 1.2783505154639174 0.8865979381443299 1.5463917525773196 1.5257731958762886 0.9896907216494846 2.0 1.2577319587628866 1.958762886597938 0.9072164948453608 1.5463917525773196 1.134020618556701 1.5876288659793814 1.6082474226804124 1.1134020618556701 1.6701030927835052 0.8865979381443299 1.443298969072165 1.1958762886597938 1.0309278350515463 1.9381443298969072
26 224.58448250679157 2.1649484536082473 2.5051546391752577 2.4742268041237114 2.2268041237113403 2.134020618556701 2.6907216494845363 2.9072164948453607 2.9381443298969074 2.597938144329897 1.5154639175257731 1.9175257731958764 1.3298969072164948 2.3195876288659796 2.288659793814433 1.4845360824742269 3.0 1.8865979381443299 2.9381443298969074 1.3608247422680413 2.3195876288659796 1.7010309278350515 2.381443298969072 2.4123711340206184 1.6701030927835052 2.5051546391752577 1.3298969072164948 2.1649484536082473 1.7938144329896908 1.5463917525773196 2.9072164948453607
27 97.04186787663602 1.443298969072165 1.6701030927835052 1.6494845360824741 1.4845360824742269 1.422680412371134 1.7938144329896908 1.9381443298969072 1.958762886597938 1.731958762886598 1.0103092783505154 1.2783505154639174 0.8865979381443299 1.5463917525773196 1.5257731958762886 0.9896907216494846 2.0 1.2577319587628866 1.958762886597938 0.9072164948453608 1.5463917525773196 1.134020618556701 1.5876288659793814 1.6082474226804124 1.1134020618556701 1.6701030927835052 0.8865979381443299 1.443298969072165 1.1958762886597938 1.0309278350515463 1.9381443298969072
28 24.707431614367415 1.443298969072165 1.6701030927835052 1.6494845360824741 1.4845360824742269 1.422680412371134 1.7938144329896908 1.9381443298969072 1.958762886597938 1.731958762886598 1.0103092783505154 1.2783505154639174 0.8865979381443299 1.5463917525773196 1.5257731958762886 0.9896907216494846 2.0 1.2577319587628866 1.958762886597938 0.9072164948453608 1.5463917525773196 1.134020618556701 1.5876288659793814 1.6082474226804124 1.1134020618556701 1.6701030927835052 0.8865979381443299 1.443298969072165 1.1958762886597938 1.0309278350515463 1.9381443298969072
29 7.922551546391752 1.443298969072165 1.6701030927835052 1.6494845360824741 1.4845360824742269 1.422680412371134 1.7938144329896908 1.9381443298969072 1.958762886597938 1.731958762886598 1.0103092783505154 1.2783505154639174 0.8865979381443299 1.5463917525773196 1.5257731958762886 0.9896907216494846 2.0 1.2577319587628866 1.958762886597938 0.9072164948453608 1.5463917525773196 1.134020618556701 1.5876288659793814 1.6082474226804124 1.1134020618556701 1.6701030927835052 0.8865979381443299 1.443298969072165 1.1958762886597938 1.0309278350515463 1.9381443298969072
30 204.684156730955 2.1649484536082473 2.5051546391752577 2.4742268041237114 2.2268041237113403 2.134020618556701 2.6907216494845363 2.9072164948453607 2.9381443298969074 2.597938144329897 1.5154639175257731 1.9175257731958764 1.3298969072164948 2.3195876288659796 2.288659793814433 1.4845360824742269 3.0 1.8865979381443299 2.9381443298969074 1.3608247422680413 2.3195876288659796 1.7010309278350515 2.381443298969072 2.4123711340206184 1.6701030927835052 2.5051546391752577 1.3298969072164948 2.1649484536082473 1.7938144329896908 1.5463917525773196 2.9072164948453607
31 152.49103796826358 2.1649484536082473 2.5051546391752577 2.4742268041237114 2.2268041237113403 2.134020618556701 2.6907216494845363 2.9072164948453607 2.9381443298969074 2.597938144329897 1.5154639175257731 1.9175257731958764 1.3298969072164948 2.3195876288659796 2.288659793814433 1.4845360824742269 3.0 1.8865979381443299 2.9381443298969074 1.3608247422680413 2.3195876288659796 1.7010309278350515 2.381443298969072 2.4123711340206184 1.6701030927835052 2.5051546391752577 1.3298969072164948 2.1649484536082473 1.7938144329896908 1.5463917525773196 2.9072164948453607
32 1.662653377630759 2.1649484536082473 2.5051546391752577 2.4742268041237114 2.2268041237113403 2.134020618556701 2.6907216494845363 2.9072164948453607 2.9381443298969074 2.597938144329897 1.5154639175257731 1.9175257731958764 1.3298969072164948 2.3195876288659796 2.288659793814433 1.4845360824742269 3.0 1.8865979381443299 2.9381443298969074 1.3608247422680413 2.3195876288659796 1.7010309278350515 2.381443298969072 2.4123711340206184 1.6701030927835052 2.5051546391752577 1.3298969072164948 2.1649484536082473 1.7938144329896908 1.5463917525773196 2.9072164948453607
33 110.16314010568517 2.1649484536082473 2.5051546391752577 2.4742268041237114 2.2268041237113403 2.134020618556701 2.6907216494845363 2.9072164948453607 2.9381443298969074 2.597938144329897 1.5154639175257731 1.9175257731958764 1.3298969072164948 2.3195876288659796 2.288659793814433 1.4845360824742269 3.0 1.8865979381443299 2.9381443298969074 1.3608247422680413 2.3195876288659796 1.7010309278350515 2.381443298969072 2.4123711340206184 1.6701030927835052 2.5051546391752577 1.3298969072164948 2.1649484536082473 1.7938144329896908 1.5463917525773196 2.9072164948453607
34 53.996005949511776 1.443298969072165 1.6701030927835052 1.6494845360824741 1.4845360824742269 1.422680412371134 1.7938144329896908 1.9381443298969072 1.958762886597938 1.731958762886598 1.0103092783505154 1.2783505154639174 0.8865979381443299 1.5463917525773196 1.5257731958762886 0.9896907216494846 2.0 1.2577319587628866 1.958762886597938 0.9072164948453608 1.5463917525773196 1.134020618556701 1.5876288659793814 1.6082474226804124 1.1134020618556701 1.6701030927835052 0.8865979381443299 1.443298969072165 1.1958762886597938 1.0309278350515463 1.9381443298969072
35 42.14646232859967 2.1649484536082473 2.5051546391752577 2.4742268041237114 2.2268041237113403 2.134020618556701 2.6907216494845363 2.9072164948453607 2.9381443298969074 2.597938144329897 1.5154639175257731 1.9175257731958764 1.3298969072164948 2.3195876288659796 2.288659793814433 1.4845360824742269 3.0 1.8865979381443299 2.9381443298969074 1.3608247422680413 2.3195876288659796 1.7010309278350515 2.381443298969072 2.4123711340206184 1.6701030927835052 2.5051546391752577 1.3298969072164948 2.1649484536082473 1.7938144329896908 1.5463917525773196 2.9072164948453607
36 12.914672931442988 1.443298969072165 1.6701030927835052 1.6494845360824741 1.4845360824742269 1.422680412371134 1.7938144329896908 1.9381443298969072 1.958762886597938 1.731958762886598 1.0103092783505154 1.2783505154639174 0.8865979381443299 1.5463917525773196 1.5257731958762886 0.9896907216494846 2.0 1.2577319587628866 1.958762886597938 0.9072164948453608 1.5463917525773196 1.134020618556701 1.5876288659793814 1.6082474226804124 1.1134020618556701 1.6701030927835052 0.8865979381443299 1.443298969072165 1.1958762886597938 1.0309278350515463 1.9381443298969072
37 18.75984339609095 1.443298969072165 1.6701030927835052 1.6494845360824741 1.4845360824742269 1.422680412371134 1.7938144329896908 1.9381443298969072 1.958762886597938 1.731958762886598 1.0103092783505154 1.2783505154639174 0.8865979381443299 1.5463917525773196 1.5257731958762886 0.9896907216494846 2.0 1.2577319587628866 1.958762886597938 0.9072164948453608 1.5463917525773196 1.134020618556701 1.5876288659793814 1.6082474226804124 1.1134020618556701 1.6701030927835052 0.8865979381443299 1.443298969072165 1.1958762886597938 1.0309278350515463 1.9381443298969072
38 112.76121140588076 1.443298969072165 1.6701030927835052 1.6494845360824741 1.4845360824742269 1.422680412371134 1.7938144329896908 1.9381443298969072 1.958762886597938 1.731958762886598 1.0103092783505154 1.2783505154639174 0.8865979381443299 1.5463917525773196 1.5257731958762886 0.9896907216494846 2.0 1.2577319587628866 1.958762886597938 0.9072164948453608 1.5463917525773196 1.134020618556701 1.5876288659793814 1.6082474226804124 1.1134020618556701 1.6701030927835052 0.8865979381443299 1.443298969072165 1.1958762886597938 1.0309278350515463 1.9381443298969072
39 145.7711204314946 2.1649484536082473 2.5051546391752577 2.4742268041237114 2.2268041237113403 2.134020618556701 2.6907216494845363 2.9072164948453607 2.9381443298969074 2.597938144329897 1.5154639175257731 1.9175257731958764 1.3298969072164948 2.3195876288659796 2.288659793814433 1.4845360824742269 3.0 1.8865979381443299 2.9381443298969074 1.3608247422680413 2.3195876288659796 1.7010309278350515 2.381443298969072 2.4123711340206184 1.6701030927835052 2.5051546391752577 1.3298969072164948 2.1649484536082473 1.7938144329896908 1.5463917525773196 2.9072164948453607
40 34.01356279670094 2.1649484536082473 2.5051546391752577 2.4742268041237114 2.2268041237113403 2.134020618556701 2.6907216494845363 2.9072164948453607 2.9381443298969074 2.597938144329897 1.5154639175257731 1.9175257731958764 1.3298969072164948 2.3195876288659796 2.288659793814433 1.4845360824742269 3.0 1.8865979381443299 2.9381443298969074 1.3608247422680413 2.3195876288659796 1.7010309278350515 2.381443298969072 2.4123711340206184 1.6701030927835052 2.5051546391752577 1.3298969072164948 2.1649484536082473 1.7938144329896908 1.5463917525773196 2.9072164948453607
41 106.78869432735765 1.443298969072165 1.6701030927835052 1.6494845360824741 1.4845360824742269 1.422680412371134 1.7938144329896908 1.9381443298969072 1.958762886597938 1.731958762886598 1.0103092783505154 1.2783505154639174 0.8865979381443299 1.5463917525773196 1.5257731958762886 0.9896907216494846 2.0 1.2577319587628866 1.958762886597938 0.9072164948453608 1.5463917525773196 1.134020618556701 1.5876288659793814 1.6082474226804124 1.1134020618556701 1.6701030927835052 0.8865979381443299 1.443298969072165 1.1958762886597938 1.0309278350515463 1.9381443298969072
42 22.746330130191957 2.1649484536082473 2.5051546391752577 2.4742268041237114 2.2268041237113403 2.134020618556701 2.6907216494845363 2.9072164948453607 2.9381443298969074 2.597938144329897 1.5154639175257731 1.9175257731958764 1.3298969072164948 2.3195876288659796 2.288659793814433 1.4845360824742269 3.0 1.8865979381443299 2.9381443298969074 1.3608247422680413 2.3195876288659796 1.7010309278350515 2.381443298969072 2.4123711340206184 1.6701030927835052 2.5051546391752577 1.3298969072164948 2.1649484536082473 1.7938144329896908 1.5463917525773196 2.9072164948453607
43 67.56608795258722 1.443298969072165 1.6701030927835052 1.6494845360824741 1.4845360824742269 1.422680412371134 1.7938144329896908 1.9381443298969072 1.958762886597938 1.731958762886598 1.0103092783505154 1.2783505154639174 0.8865979381443299 1.5463917525773196 1.5257731958762886 0.9896907216494846 2.0 1.2577319587628866 1.958762886597938 0.9072164948453608 1.5463917525773196 1.134020618556701 1.5876288659793814 1.6082474226804124 1.1134020618556701 1.6701030927835052 0.8865979381443299 1.443298969072165 1.1958762886597938 1.0309278350515463 1.9381443298969072
44 382.0751475299167 1.443298969072165 1.6701030927835052 1.6494845360824741 1.4845360824742269 1.422680412371134 1.7938144329896908 1.9381443298969072 1.958762886597938 1.731958762886598 1.0103092783505154 1.2783505154639174 0.8865979381443299 1.5463917525773196 1.5257731958762886 0.9896907216494846 2.0 1.2577319587628866 1.958762886597938 0.9072164948453608 1.5463917525773196 1.134020618556701 1.5876288659793814 1.6082474226804124 1.1134020618556701 1.6701030927835052 0.8865979381443299 1.443298969072165 1.1958762886597938 1.0309278350515463 1.9381443298969072
45 255.1214254112004 1.443298969072165 1.6701030927835052 1.6494845360824741 1.4845360824742269 1.422680412371134 1.7938144329896908 1.9381443298969072 1.958762886597938 1.731958762886598 1.0103092783505154 1.2783505154639174 0.8865979381443299 1.5463917525773196 1.5257731958762886 0.9896907216494846 2.0 1.2577319587628866 1.958762886597938 0.9072164948453608 1.5463917525773196 1.134020618556701 1.5876288659793814 1.6082474226804124 1.1134020618556701 1.6701030927835052 0.8865979381443299 1.443298969072165 1.1958762886597938 1.0309278350515463 1.9381443298969072
46 64.98925643707355 1.443298969072165 1.6701030927835052 1.6494845360824741 1.4845360824742269 1.422680412371134 1.7938144329896908 1.9381443298969072 1.958762886597938 1.731958762886598 1.0103092783505154 1.2783505154639174 0.8865979381443299 1.5463917525773196 1.5257731958762886 0.9896907216494846 2.0 1.2577319587628866 1.958762886597938 0.9072164948453608 1.5463917525773196 1.134020618556701 1.5876288659793814 1.6082474226804124 1.1134020618556701 1.6701030927835052 0.8865979381443299 1.443298969072165 1.1958762886597938 1.0309278350515463 1.9381443298969072
47 125.02871116463237 1.443298969072165 1.6701030927835052 1.6494845360824741 1.4845360824742269 1.422680412371134 1.7938144329896908 1.9381443298969072 1.958762886597938 1.731958762886598 1.0103092783505154 1.2783505154639174 0.8865979381443299 1.5463917525773196 1.5257731958762886 0.9896907216494846 2.0 1.2577319587628866 1.958762886597938 0.9072164948453608 1.5463917525773196 1.134020618556701 1.5876288659793814 1.6082474226804124 1.1134020618556701 1.6701030927835052 0.8865979381443299 1.443298969072165 1.1958762886597938 1.0309278350515463 1.9381443298969072
48 126.9793730002664 2.1649484536082473 2.5051546391752577 2.4742268041237114 2.2268041237113403 2.134020618556701 2.6907216494845363 2.9072164948453607 2.9381443298969074 2.597938144329897 1.5154639175257731 1.9175257731958764 1.3298969072164948 2.3195876288659796 2.288659793814433 1.4845360824742269 3.0 1.8865979381443299 2.9381443298969074 1.3608247422680413 2.3195876288659796 1.7010309278350515 2.381443298969072 2.4123711340206184 1.6701030927835052 2.5051546391752577 1.3298969072164948 2.1649484536082473 1.7938144329896908 1.5463917525773196 2.9072164948453607
49 11.967803386301519 2.1649484536082473 2.5051546391752577 2.4742268041237114 2.2268041237113403 2.134020618556701 2.6907216494845363 2.9072164948453607 2.9381443298969074 2.597938144329897 1.5154639175257731 1.9175257731958764 1.3298969072164948 2.3195876288659796 2.288659793814433 1.4845360824742269 3.0 1.8865979381443299 2.9381443298969074 1.3608247422680413 2.3195876288659796 1.7010309278350515 2.381443298969072 2.4123711340206184 1.6701030927835052 2.5051546391752577 1.3298969072164948 2.1649484536082473 1.7938144329896908 1.5463917525773196 2.9072164948453607
