90 40
TREE NETWORK (nID nID Weight):
46 0 30
37 0 50
56 0 53
57 46 38
81 56 47
84 46 35
29 37 48
28 56 52
34 84 34
64 81 55
52 81 35
60 37 49
38 52 47
35 64 50
89 37 46
25 52 39
16 81 50
17 16 55
39 38 56
47 56 55
18 29 33
65 18 47
61 18 38
68 84 58
53 57 43
36 18 31
2 37 53
10 17 56
42 64 44
30 57 58
72 56 53
63 47 48
44 18 46
66 17 41
5 56 55
21 37 52
27 37 33
69 28 46
33 38 53
41 37 36
51 52 42
58 28 42
79 56 59
77 51 42
59 57 31
73 27 54
31 69 49
13 39 39
62 39 43
45 37 49
26 60 36
20 41 35
70 18 43
12 52 37
50 36 57
88 2 58
55 20 54
14 25 43
49 46 38
78 61 35
48 12 51
7 70 58
9 16 39
22 69 36
74 0 58
83 62 31
32 46 49
71 66 35
87 89 49
4 81 54
11 63 41
23 30 31
43 39 55
15 65 42
24 47 52
86 61 51
19 24 45
76 86 45
67 83 41
54 48 48
6 7 50
75 79 34
82 15 38
40 34 38
1 4 53
85 59 42
80 78 53
3 15 58
8 87 43
PROGRAMS ASSIGNED TO NODES (nID pID1 pID2 ...):
0 1 2 3 4 5 6 7 8 9 10 11 12 13 14 15 16 17 18 19 20 21 22 23 24 25 26 27 28 29 30 31 32 33 34 35 36 37 38 39 40
1 32 1 33 2 3 5 7 40 10 15 16 19 21 23 24 25 26 27 28 29 30
2 3 4 6 7 9 10 11 12 13 14 15 16 18 20 21 24 25 27 28 30 33 34 36 37 39 40
3 32 33 35 36 5 7 39 8 9 10 11 12 13 18 20 21 24 26
4 1 2 3 4 6 7 8 9 10 11 12 13 14 15 16 17 18 19 20 21 22 23 24 25 26 27 28 29 30 31 32 33 34 35 36 37 38 39 40
5 33 2 34 3 4 36 37 7 10 11 13 14 18 25 26 28 29 30 31
7 34 23 8 25 28
8 1 2 3 5 6 7 10 11 12 13 14 16 17 18 19 21 22 23 24 25 28 30 32 33 34 35 36 37 38 39
9 32 1 3 35 4 37 5 38 6 39 8 11 13 15 16 18 19 22 23 24 25 26 28 31
10 1 34 3 35 5 37 6 8 40 12 13 17 18 22 23 27 28 29 30
11 34 3 35 36 5 6 7 39 10 12 19 20 24 25 26 31
13 1 2 3 4 5 8 9 10 11 12 13 15 16 17 18 19 20 21 23 25 26 27 29 30 33 34 35 36 37 38 39 40
14 1 34 2 3 4 36 6 39 8 40 10 13 14 15 17 19 21 22 24 26 28 30 31
15 32 1 34 2 35 5 6 11 14 16 17 18 23 29 31
16 32 33 34 2 3 35 39 7 8 40 9 10 11 14 15 17 18 19 21 24 26 28 29 31
18 32 1 34 2 35 36 4 37 38 6 8 40 12 15 18 19 24 26 28 30
19 32 33 1 34 4 5 37 38 39 7 8 11 12 13 16 17 18 19 21 22 24 31
20 3 4 7 8 9 10 11 14 15 16 17 18 19 20 21 22 24 25 26 27 28 29 30 32 33 35 36 37 39 40
21 19 21 37 5 9 11 30
22 1 2 3 4 5 8 9 10 11 12 13 14 15 16 17 18 19 20 21 22 23 24 25 26 27 28 29 30 31 32 34 35 36 37 38 39 40
23 17 36 5 21 40 27 29 30
24 33 18 19 35 36 7 9 27
25 2 9 11
26 34 2 19 38 7 24 11
27 34 35 37 6 39 10 11 13 17 19 23 24 25 26 27 28 30 31
28 1 2 36 4 37 5 7 39 40 8 9 15 16 17 20 21 23 26 27 30
29 32 2 35 3 4 36 38 8 40 13 15 16 17 19 20 21 24 27
30 1 3 4 5 7 8 9 12 13 14 15 16 18 19 20 21 22 23 25 26 27 28 29 30 31 32 33 34 35 36 37 38 39 40
31 1 3 4 5 6 7 8 9 10 11 12 13 14 15 16 17 18 19 20 21 22 23 24 25 26 27 28 29 30 31 32 33 34 35 36 37 38 39 40
33 32 1 21 8 12 30
34 2 3 4 5 6 7 8 9 10 11 12 13 14 15 16 17 19 20 21 22 23 25 26 27 28 29 31 32 35 36 37 38 40
35 1 2 3 6 8 9 10 11 12 13 14 15 17 18 19 20 21 22 23 25 26 27 29 30 34 35 36 37 38
36 35 3 20 6 22 24 30
37 2 3 4 5 7 8 10 11 14 17 19 20 22 24 26 27 29 30 31 32 34 35 36 37 38 39 40
38 1 2 3 4 5 6 7 8 9 10 11 12 13 15 16 18 19 20 21 22 24 26 27 28 29 30 31 32 33 34 35 36 37 38 39
39 33 34 2 36 6 39 7 10 11 15 17 20 22 23 24 28 31
40 17 18 23 7 28 12 15
41 2 3 4 5 6 8 9 10 11 12 13 14 15 16 17 18 19 21 22 23 24 25 26 27 29 30 32 33 34 35 36 37 38 39
42 1 2 5 6 7 9 10 12 13 14 15 17 19 20 21 22 23 24 26 28 29 30 36 37 38 39
43 33 2 35 36 6 40 11 12 14 22 26 27 30
45 17 7 10 11 27 12 29
47 1 2 3 36 4 5 38 39 40 8 11 12 17 18 19 20 22 24 25 26 27 29
48 34 35 4 5 38 7 8 40 9 10 11 15 16 17 22 23 30 31
49 1 2 3 4 7 8 9 10 11 12 13 16 17 18 19 20 21 23 24 25 26 27 29 30 31 32 34 35 36 37 38 39 40
50 16 6 23 26 11 29 30 15
51 2 8 9 10 11 12 13 14 16 17 19 20 21 22 23 24 25 27 28 29 31 32 33 35 36 37 38 39 40
52 32 33 2 3 36 5 38 39 40 10 11 12 18 20 22 23 25 26 28 31
53 39 24 11 29
54 1 3 6 7 8 9 10 11 12 13 15 17 18 19 21 22 24 26 28 29 30 31 32 33 35 37 38 39 40
55 1 2 3 4 5 6 7 9 12 13 14 15 17 18 19 20 21 22 23 24 25 26 27 29 31 33 34 35 39
56 34 26 28
57 2 3 4 5 7 8 9 11 12 13 14 15 16 17 18 19 21 22 23 27 28 31 32 33 34 35 36 37 38 39 40
58 1 18 34 36 5 38 23 28
59 33 2 34 35 4 40 8 12 13 14 15 17 18 21 23 24 26 27 28 30
60 33 34 35 7 39 9 17 23 25 27 29 30 31
61 32 33 36 37 5 22 7 25 28 13 29 14
62 1 3 4 6 7 8 10 11 12 15 16 17 18 19 20 23 24 25 27 28 31 32 34 35 36 37 38 39 40
63 1 2 3 4 5 6 7 8 10 11 12 13 14 15 16 17 18 19 20 22 23 24 25 26 27 28 29 30 31 32 33 34 35 36 37 38 40
64 33 1 35 4 36 38 6 9 13 15 16 18 20 21 22 23 24 26 28 29 30 31
65 1 2 3 4 6 7 8 9 10 12 13 14 15 16 17 20 21 24 25 26 28 29 30 34 35 36 37 38 39 40
66 8
67 1 2 3 4 5 6 7 9 10 11 13 14 15 16 17 19 20 21 22 23 24 25 26 28 29 31 32 33 34 35 36 38 39
68 1 2 3 4 5 6 7 8 10 12 13 15 16 17 18 19 20 21 23 24 26 27 28 30 31 33 34 36 37 38 39 40
69 33 2 3 36 5 38 6 39 8 40 10 11 14 15 16 17 18 19 20 22 23 26 28 29
71 1 33 2 34 36 5 38 39 8 40 11 15 16 19 21 23 24 26 27 28 29 31
72 2 3 4 5 6 7 8 9 10 11 12 13 14 15 16 17 18 19 20 21 22 23 24 25 26 27 28 29 30 31 32 33 34 35 36 37 38 39 40
73 1 2 3 5 6 7 8 9 10 11 12 13 14 15 16 17 18 19 20 21 22 23 24 25 26 27 28 29 30 31 32 33 34 35 36 37 38 39 40
74 1 2 34 3 7 8 40 10 11 14 17 19 22 24 25
75 33 1 34 3 36 5 37 6 39 8 40 12 13 14 20 21 23 24 27 29 30
76 1 2 3 4 5 6 7 8 9 10 11 13 14 15 16 17 18 19 20 22 23 24 25 26 27 28 29 30 31 32 33 34 35 37 38 39 40
77 17 1 38 39 13
78 16 18 3 27 14 15
79 32 6 7 8 9 27 11 12 15
80 17 3 20 22 38 39 8 12 31
81 19
82 4
83 33 3 35 4 36 37 6 7 39 40 9 10 12 14 18 19 20 23 25 26 28 30
84 1 2 3 6 38 39 40 9 11 12 13 14 15 17 21 24 26
85 1 2 4 5 6 7 8 9 11 12 13 14 15 16 17 18 20 21 22 23 24 25 26 27 28 29 30 31 32 33 34 35 37 38 40
86 20 37 5 39 29
87 1 5 6 8 10 12 13 14 15 16 17 18 20 21 23 24 27 28 29 30 31 35 37 38 39
88 1 2 3 5 6 8 9 10 11 12 14 15 16 17 19 20 22 23 24 25 26 27 28 29 30 32 33 34 36 37 38
89 33 1 2 34 35 36 4 38 6 39 7 8 40 10 13 14 15 16 17 20 25 28 30 31
SIZE OF PROGRAMS (pID SIZE):
1 44.0
2 74.0
3 61.0
4 60.0
5 97.0
6 43.0
7 96.0
8 93.0
9 71.0
10 63.0
11 69.0
12 83.0
13 70.0
14 70.0
15 89.0
16 92.0
17 91.0
18 77.0
19 80.0
20 56.0
21 64.0
22 59.0
23 83.0
24 80.0
25 99.0
26 80.0
27 70.0
28 91.0
29 79.0
30 54.0
31 60.0
32 68.0
33 97.0
34 84.0
35 64.0
36 55.0
37 47.0
38 68.0
39 70.0
40 55.0
COST TO INSTALL SERVERS AND PROGRAMS ON NODES (COST_TO_INSTALL_SERVER COST_TO_INSTALL_pID1 ...):
0 6870.707070707072 0.8888888888888888 1.494949494949495 1.2323232323232323 1.2121212121212122 1.9595959595959596 0.8686868686868687 1.9393939393939394 1.878787878787879 1.4343434343434343 1.2727272727272727 1.393939393939394 1.6767676767676767 1.4141414141414141 1.4141414141414141 1.797979797979798 1.8585858585858586 1.8383838383838385 1.5555555555555556 1.6161616161616161 1.1313131313131313 1.292929292929293 1.1919191919191918 1.6767676767676767 1.6161616161616161 2.0 1.6161616161616161 1.4141414141414141 1.8383838383838385 1.595959595959596 1.0909090909090908 1.2121212121212122 1.3737373737373737 1.9595959595959596 1.696969696969697 1.292929292929293 1.1111111111111112 0.9494949494949495 1.3737373737373737 1.4141414141414141 1.1111111111111112
1 95.74733532913162 1.3333333333333333 2.242424242424242 1.8484848484848484 1.8181818181818181 2.9393939393939394 1.303030303030303 2.909090909090909 2.8181818181818183 2.1515151515151514 1.9090909090909092 2.090909090909091 2.515151515151515 2.121212121212121 2.121212121212121 2.696969696969697 2.787878787878788 2.757575757575758 2.3333333333333335 2.4242424242424243 1.696969696969697 1.9393939393939394 1.7878787878787878 2.515151515151515 2.4242424242424243 3.0 2.4242424242424243 2.121212121212121 2.757575757575758 2.393939393939394 1.6363636363636365 1.8181818181818181 2.0606060606060606 2.9393939393939394 2.5454545454545454 1.9393939393939394 1.6666666666666667 1.4242424242424243 2.0606060606060606 2.121212121212121 1.6666666666666667
2 64.84410723588077 0.8888888888888888 1.494949494949495 1.2323232323232323 1.2121212121212122 1.9595959595959596 0.8686868686868687 1.9393939393939394 1.878787878787879 1.4343434343434343 1.2727272727272727 1.393939393939394 1.6767676767676767 1.4141414141414141 1.4141414141414141 1.797979797979798 1.8585858585858586 1.8383838383838385 1.5555555555555556 1.6161616161616161 1.1313131313131313 1.292929292929293 1.1919191919191918 1.6767676767676767 1.6161616161616161 2.0 1.6161616161616161 1.4141414141414141 1.8383838383838385 1.595959595959596 1.0909090909090908 1.2121212121212122 1.3737373737373737 1.9595959595959596 1.696969696969697 1.292929292929293 1.1111111111111112 0.9494949494949495 1.3737373737373737 1.4141414141414141 1.1111111111111112
3 41.87298178912063 1.3333333333333333 2.242424242424242 1.8484848484848484 1.8181818181818181 2.9393939393939394 1.303030303030303 2.909090909090909 2.8181818181818183 2.1515151515151514 1.9090909090909092 2.090909090909091 2.515151515151515 2.121212121212121 2.121212121212121 2.696969696969697 2.787878787878788 2.757575757575758 2.3333333333333335 2.4242424242424243 1.696969696969697 1.9393939393939394 1.7878787878787878 2.515151515151515 2.4242424242424243 3.0 2.4242424242424243 2.121212121212121 2.757575757575758 2.393939393939394 1.6363636363636365 1.8181818181818181 2.0606060606060606 2.9393939393939394 2.5454545454545454 1.9393939393939394 1.6666666666666667 1.4242424242424243 2.0606060606060606 2.121212121212121 1.6666666666666667
4 109.85949065481923 0.8888888888888888 1.494949494949495 1.2323232323232323 1.2121212121212122 1.9595959595959596 0.8686868686868687 1.9393939393939394 1.878787878787879 1.4343434343434343 1.2727272727272727 1.393939393939394 1.6767676767676767 1.4141414141414141 1.4141414141414141 1.797979797979798 1.8585858585858586 1.8383838383838385 1.5555555555555556 1.6161616161616161 1.1313131313131313 1.292929292929293 1.1919191919191918 1.6767676767676767 1.6161616161616161 2.0 1.6161616161616161 1.4141414141414141 1.8383838383838385 1.595959595959596 1.0909090909090908 1.2121212121212122 1.3737373737373737 1.9595959595959596 1.696969696969697 1.292929292929293 1.1111111111111112 0.9494949494949495 1.3737373737373737 1.4141414141414141 1.1111111111111112
5 8.172830188679246 0.8888888888888888 1.494949494949495 1.2323232323232323 1.2121212121212122 1.9595959595959596 0.8686868686868687 1.9393939393939394 1.878787878787879 1.4343434343434343 1.2727272727272727 1.393939393939394 1.6767676767676767 1.4141414141414141 1.4141414141414141 1.797979797979798 1.8585858585858586 1.8383838383838385 1.5555555555555556 1.6161616161616161 1.1313131313131313 1.292929292929293 1.1919191919191918 1.6767676767676767 1.6161616161616161 2.0 1.6161616161616161 1.4141414141414141 1.8383838383838385 1.595959595959596 1.0909090909090908 1.2121212121212122 1.3737373737373737 1.9595959595959596 1.696969696969697 1.292929292929293 1.1111111111111112 0.9494949494949495 1.3737373737373737 1.4141414141414141 1.1111111111111112
6 92.0 1.3333333333333333 2.242424242424242 1.8484848484848484 1.8181818181818181 2.9393939393939394 1.303030303030303 2.909090909090909 2.8181818181818183 2.1515151515151514 1.9090909090909092 2.090909090909091 2.515151515151515 2.121212121212121 2.121212121212121 2.696969696969697 2.787878787878788 2.757575757575758 2.3333333333333335 2.4242424242424243 1.696969696969697 1.9393939393939394 1.7878787878787878 2.515151515151515 2.4242424242424243 3.0 2.4242424242424243 2.121212121212121 2.757575757575758 2.393939393939394 1.6363636363636365 1.8181818181818181 2.0606060606060606 2.9393939393939394 2.5454545454545454 1.9393939393939394 1.6666666666666667 1.4242424242424243 2.0606060606060606 2.121212121212121 1.6666666666666667
7 12.343257454253843 0.8888888888888888 1.494949494949495 1.2323232323232323 1.2121212121212122 1.9595959595959596 0.8686868686868687 1.9393939393939394 1.878787878787879 1.4343434343434343 1.2727272727272727 1.393939393939394 1.6767676767676767 1.4141414141414141 1.4141414141414141 1.797979797979798 1.8585858585858586 1.8383838383838385 1.5555555555555556 1.6161616161616161 1.1313131313131313 1.292929292929293 1.1919191919191918 1.6767676767676767 1.6161616161616161 2.0 1.6161616161616161 1.4141414141414141 1.8383838383838385 1.595959595959596 1.0909090909090908 1.2121212121212122 1.3737373737373737 1.9595959595959596 1.696969696969697 1.292929292929293 1.1111111111111112 0.9494949494949495 1.3737373737373737 1.4141414141414141 1.1111111111111112
8 71.33131594272285 1.3333333333333333 2.242424242424242 1.8484848484848484 1.8181818181818181 2.9393939393939394 1.303030303030303 2.909090909090909 2.8181818181818183 2.1515151515151514 1.9090909090909092 2.090909090909091 2.515151515151515 2.121212121212121 2.121212121212121 2.696969696969697 2.787878787878788 2.757575757575758 2.3333333333333335 2.4242424242424243 1.696969696969697 1.9393939393939394 1.7878787878787878 2.515151515151515 2.4242424242424243 3.0 2.4242424242424243 2.121212121212121 2.757575757575758 2.393939393939394 1.6363636363636365 1.8181818181818181 2.0606060606060606 2.9393939393939394 2.5454545454545454 1.9393939393939394 1.6666666666666667 1.4242424242424243 2.0606060606060606 2.121212121212121 1.6666666666666667
9 94.82627708103482 1.3333333333333333 2.242424242424242 1.8484848484848484 1.8181818181818181 2.9393939393939394 1.303030303030303 2.909090909090909 2.8181818181818183 2.1515151515151514 1.9090909090909092 2.090909090909091 2.515151515151515 2.121212121212121 2.121212121212121 2.696969696969697 2.787878787878788 2.757575757575758 2.3333333333333335 2.4242424242424243 1.696969696969697 1.9393939393939394 1.7878787878787878 2.515151515151515 2.4242424242424243 3.0 2.4242424242424243 2.121212121212121 2.757575757575758 2.393939393939394 1.6363636363636365 1.8181818181818181 2.0606060606060606 2.9393939393939394 2.5454545454545454 1.9393939393939394 1.6666666666666667 1.4242424242424243 2.0606060606060606 2.121212121212121 1.6666666666666667
10 86.86580541392011 0.8888888888888888 1.494949494949495 1.2323232323232323 1.2121212121212122 1.9595959595959596 0.8686868686868687 1.9393939393939394 1.878787878787879 1.4343434343434343 1.2727272727272727 1.393939393939394 1.6767676767676767 1.4141414141414141 1.4141414141414141 1.797979797979798 1.8585858585858586 1.8383838383838385 1.5555555555555556 1.6161616161616161 1.1313131313131313 1.292929292929293 1.1919191919191918 1.6767676767676767 1.6161616161616161 2.0 1.6161616161616161 1.4141414141414141 1.8383838383838385 1.595959595959596 1.0909090909090908 1.2121212121212122 1.3737373737373737 1.9595959595959596 1.696969696969697 1.292929292929293 1.1111111111111112 0.9494949494949495 1.3737373737373737 1.4141414141414141 1.1111111111111112
11 39.73617775334625 1.3333333333333333 2.242424242424242 1.8484848484848484 1.8181818181818181 2.9393939393939394 1.303030303030303 2.909090909090909 2.8181818181818183 2.1515151515151514 1.9090909090909092 2.090909090909091 2.515151515151515 2.121212121212121 2.121212121212121 2.696969696969697 2.787878787878788 2.757575757575758 2.3333333333333335 2.4242424242424243 1.696969696969697 1.9393939393939394 1.7878787878787878 2.515151515151515 2.4242424242424243 3.0 2.4242424242424243 2.121212121212121 2.757575757575758 2.393939393939394 1.6363636363636365 1.8181818181818181 2.0606060606060606 2.9393939393939394 2.5454545454545454 1.9393939393939394 1.6666666666666667 1.4242424242424243 2.0606060606060606 2.121212121212121 1.6666666666666667
12 141.53912341354447 1.3333333333333333 2.242424242424242 1.8484848484848484 1.8181818181818181 2.9393939393939394 1.303030303030303 2.909090909090909 2.8181818181818183 2.1515151515151514 1.9090909090909092 2.090909090909091 2.515151515151515 2.121212121212121 2.121212121212121 2.696969696969697 2.787878787878788 2.757575757575758 2.3333333333333335 2.4242424242424243 1.696969696969697 1.9393939393939394 1.7878787878787878 2.515151515151515 2.4242424242424243 3.0 2.4242424242424243 2.121212121212121 2.757575757575758 2.393939393939394 1.6363636363636365 1.8181818181818181 2.0606060606060606 2.9393939393939394 2.5454545454545454 1.9393939393939394 1.6666666666666667 1.4242424242424243 2.0606060606060606 2.121212121212121 1.6666666666666667
13 304.32810229576023 0.8888888888888888 1.494949494949495 1.2323232323232323 1.2121212121212122 1.9595959595959596 0.8686868686868687 1.9393939393939394 1.878787878787879 1.4343434343434343 1.2727272727272727 1.393939393939394 1.6767676767676767 1.4141414141414141 1.4141414141414141 1.797979797979798 1.8585858585858586 1.8383838383838385 1.5555555555555556 1.6161616161616161 1.1313131313131313 1.292929292929293 1.1919191919191918 1.6767676767676767 1.6161616161616161 2.0 1.6161616161616161 1.4141414141414141 1.8383838383838385 1.595959595959596 1.0909090909090908 1.2121212121212122 1.3737373737373737 1.9595959595959596 1.696969696969697 1.292929292929293 1.1111111111111112 0.9494949494949495 1.3737373737373737 1.4141414141414141 1.1111111111111112
14 99.4894693958524 1.3333333333333333 2.242424242424242 1.8484848484848484 1.8181818181818181 2.9393939393939394 1.303030303030303 2.909090909090909 2.8181818181818183 2.1515151515151514 1.9090909090909092 2.090909090909091 2.515151515151515 2.121212121212121 2.121212121212121 2.696969696969697 2.787878787878788 2.757575757575758 2.3333333333333335 2.4242424242424243 1.696969696969697 1.9393939393939394 1.7878787878787878 2.515151515151515 2.4242424242424243 3.0 2.4242424242424243 2.121212121212121 2.757575757575758 2.393939393939394 1.6363636363636365 1.8181818181818181 2.0606060606060606 2.9393939393939394 2.5454545454545454 1.9393939393939394 1.6666666666666667 1.4242424242424243 2.0606060606060606 2.121212121212121 1.6666666666666667
15 232.13717781155006 1.3333333333333333 2.242424242424242 1.8484848484848484 1.8181818181818181 2.9393939393939394 1.303030303030303 2.909090909090909 2.8181818181818183 2.1515151515151514 1.9090909090909092 2.090909090909091 2.515151515151515 2.121212121212121 2.121212121212121 2.696969696969697 2.787878787878788 2.757575757575758 2.3333333333333335 2.4242424242424243 1.696969696969697 1.9393939393939394 1.7878787878787878 2.515151515151515 2.4242424242424243 3.0 2.4242424242424243 2.121212121212121 2.757575757575758 2.393939393939394 1.6363636363636365 1.8181818181818181 2.0606060606060606 2.9393939393939394 2.5454545454545454 1.9393939393939394 1.6666666666666667 1.4242424242424243 2.0606060606060606 2.121212121212121 1.6666666666666667
16 71.14757825140201 0.8888888888888888 1.494949494949495 1.2323232323232323 1.2121212121212122 1.9595959595959596 0.8686868686868687 1.9393939393939394 1.878787878787879 1.4343434343434343 1.2727272727272727 1.393939393939394 1.6767676767676767 1.4141414141414141 1.4141414141414141 1.797979797979798 1.8585858585858586 1.8383838383838385 1.5555555555555556 1.6161616161616161 1.1313131313131313 1.292929292929293 1.1919191919191918 1.6767676767676767 1.6161616161616161 2.0 1.6161616161616161 1.4141414141414141 1.8383838383838385 1.595959595959596 1.0909090909090908 1.2121212121212122 1.3737373737373737 1.9595959595959596 1.696969696969697 1.292929292929293 1.1111111111111112 0.9494949494949495 1.3737373737373737 1.4141414141414141 1.1111111111111112
17 50.37019266863003 1.3333333333333333 2.242424242424242 1.8484848484848484 1.8181818181818181 2.9393939393939394 1.303030303030303 2.909090909090909 2.8181818181818183 2.1515151515151514 1.9090909090909092 2.090909090909091 2.515151515151515 2.121212121212121 2.121212121212121 2.696969696969697 2.787878787878788 2.757575757575758 2.3333333333333335 2.4242424242424243 1.696969696969697 1.9393939393939394 1.7878787878787878 2.515151515151515 2.4242424242424243 3.0 2.4242424242424243 2.121212121212121 2.757575757575758 2.393939393939394 1.6363636363636365 1.8181818181818181 2.0606060606060606 2.9393939393939394 2.5454545454545454 1.9393939393939394 1.6666666666666667 1.4242424242424243 2.0606060606060606 2.121212121212121 1.6666666666666667
18 66.0653218773097 0.8888888888888888 1.494949494949495 1.2323232323232323 1.2121212121212122 1.9595959595959596 0.8686868686868687 1.9393939393939394 1.878787878787879 1.4343434343434343 1.2727272727272727 1.393939393939394 1.6767676767676767 1.4141414141414141 1.4141414141414141 1.797979797979798 1.8585858585858586 1.8383838383838385 1.5555555555555556 1.6161616161616161 1.1313131313131313 1.292929292929293 1.1919191919191918 1.6767676767676767 1.6161616161616161 2.0 1.6161616161616161 1.4141414141414141 1.8383838383838385 1.595959595959596 1.0909090909090908 1.2121212121212122 1.3737373737373737 1.9595959595959596 1.696969696969697 1.292929292929293 1.1111111111111112 0.9494949494949495 1.3737373737373737 1.4141414141414141 1.1111111111111112
19 33.02127090619707 0.8888888888888888 1.494949494949495 1.2323232323232323 1.2121212121212122 1.9595959595959596 0.8686868686868687 1.9393939393939394 1.878787878787879 1.4343434343434343 1.2727272727272727 1.393939393939394 1.6767676767676767 1.4141414141414141 1.4141414141414141 1.797979797979798 1.8585858585858586 1.8383838383838385 1.5555555555555556 1.6161616161616161 1.1313131313131313 1.292929292929293 1.1919191919191918 1.6767676767676767 1.6161616161616161 2.0 1.6161616161616161 1.4141414141414141 1.8383838383838385 1.595959595959596 1.0909090909090908 1.2121212121212122 1.3737373737373737 1.9595959595959596 1.696969696969697 1.292929292929293 1.1111111111111112 0.9494949494949495 1.3737373737373737 1.4141414141414141 1.1111111111111112
20 179.26392857142852 0.8888888888888888 1.494949494949495 1.2323232323232323 1.2121212121212122 1.9595959595959596 0.8686868686868687 1.9393939393939394 1.878787878787879 1.4343434343434343 1.2727272727272727 1.393939393939394 1.6767676767676767 1.4141414141414141 1.4141414141414141 1.797979797979798 1.8585858585858586 1.8383838383838385 1.5555555555555556 1.6161616161616161 1.1313131313131313 1.292929292929293 1.1919191919191918 1.6767676767676767 1.6161616161616161 2.0 1.6161616161616161 1.4141414141414141 1.8383838383838385 1.595959595959596 1.0909090909090908 1.2121212121212122 1.3737373737373737 1.9595959595959596 1.696969696969697 1.292929292929293 1.1111111111111112 0.9494949494949495 1.3737373737373737 1.4141414141414141 1.1111111111111112
21 3.9804324009323997 1.3333333333333333 2.242424242424242 1.8484848484848484 1.8181818181818181 2.9393939393939394 1.303030303030303 2.909090909090909 2.8181818181818183 2.1515151515151514 1.9090909090909092 2.090909090909091 2.515151515151515 2.121212121212121 2.121212121212121 2.696969696969697 2.787878787878788 2.757575757575758 2.3333333333333335 2.4242424242424243 1.696969696969697 1.9393939393939394 1.7878787878787878 2.515151515151515 2.4242424242424243 3.0 2.4242424242424243 2.121212121212121 2.757575757575758 2.393939393939394 1.6363636363636365 1.8181818181818181 2.0606060606060606 2.9393939393939394 2.5454545454545454 1.9393939393939394 1.6666666666666667 1.4242424242424243 2.0606060606060606 2.121212121212121 1.6666666666666667
22 196.09901320129723 0.8888888888888888 1.494949494949495 1.2323232323232323 1.2121212121212122 1.9595959595959596 0.8686868686868687 1.9393939393939394 1.878787878787879 1.4343434343434343 1.2727272727272727 1.393939393939394 1.6767676767676767 1.4141414141414141 1.4141414141414141 1.797979797979798 1.8585858585858586 1.8383838383838385 1.5555555555555556 1.6161616161616161 1.1313131313131313 1.292929292929293 1.1919191919191918 1.6767676767676767 1.6161616161616161 2.0 1.6161616161616161 1.4141414141414141 1.8383838383838385 1.595959595959596 1.0909090909090908 1.2121212121212122 1.3737373737373737 1.9595959595959596 1.696969696969697 1.292929292929293 1.1111111111111112 0.9494949494949495 1.3737373737373737 1.4141414141414141 1.1111111111111112
23 48.01255131767689 1.3333333333333333 2.242424242424242 1.8484848484848484 1.8181818181818181 2.9393939393939394 1.303030303030303 2.909090909090909 2.8181818181818183 2.1515151515151514 1.9090909090909092 2.090909090909091 2.515151515151515 2.121212121212121 2.121212121212121 2.696969696969697 2.787878787878788 2.757575757575758 2.3333333333333335 2.4242424242424243 1.696969696969697 1.9393939393939394 1.7878787878787878 2.515151515151515 2.4242424242424243 3.0 2.4242424242424243 2.121212121212121 2.757575757575758 2.393939393939394 1.6363636363636365 1.8181818181818181 2.0606060606060606 2.9393939393939394 2.5454545454545454 1.9393939393939394 1.6666666666666667 1.4242424242424243 2.0606060606060606 2.121212121212121 1.6666666666666667
24 71.67981201848076 0.8888888888888888 1.494949494949495 1.2323232323232323 1.2121212121212122 1.9595959595959596 0.8686868686868687 1.9393939393939394 1.878787878787879 1.4343434343434343 1.2727272727272727 1.393939393939394 1.6767676767676767 1.4141414141414141 1.4141414141414141 1.797979797979798 1.8585858585858586 1.8383838383838385 1.5555555555555556 1.6161616161616161 1.1313131313131313 1.292929292929293 1.1919191919191918 1.6767676767676767 1.6161616161616161 2.0 1.6161616161616161 1.4141414141414141 1.8383838383838385 1.595959595959596 1.0909090909090908 1.2121212121212122 1.3737373737373737 1.9595959595959596 1.696969696969697 1.292929292929293 1.1111111111111112 0.9494949494949495 1.3737373737373737 1.4141414141414141 1.1111111111111112
25 122.74706595939341 1.3333333333333333 2.242424242424242 1.8484848484848484 1.8181818181818181 2.9393939393939394 1.303030303030303 2.909090909090909 2.8181818181818183 2.1515151515151514 1.9090909090909092 2.090909090909091 2.515151515151515 2.121212121212121 2.121212121212121 2.696969696969697 2.787878787878788 2.757575757575758 2.3333333333333335 2.4242424242424243 1.696969696969697 1.9393939393939394 1.7878787878787878 2.515151515151515 2.4242424242424243 3.0 2.4242424242424243 2.121212121212121 2.757575757575758 2.393939393939394 1.6363636363636365 1.8181818181818181 2.0606060606060606 2.9393939393939394 2.5454545454545454 1.9393939393939394 1.6666666666666667 1.4242424242424243 2.0606060606060606 2.121212121212121 1.6666666666666667
26 24.52634348587921 1.3333333333333333 2.242424242424242 1.8484848484848484 1.8181818181818181 2.9393939393939394 1.303030303030303 2.909090909090909 2.8181818181818183 2.1515151515151514 1.9090909090909092 2.090909090909091 2.515151515151515 2.121212121212121 2.121212121212121 2.696969696969697 2.787878787878788 2.757575757575758 2.3333333333333335 2.4242424242424243 1.696969696969697 1.9393939393939394 1.7878787878787878 2.515151515151515 2.4242424242424243 3.0 2.4242424242424243 2.121212121212121 2.757575757575758 2.393939393939394 1.6363636363636365 1.8181818181818181 2.0606060606060606 2.9393939393939394 2.5454545454545454 1.9393939393939394 1.6666666666666667 1.4242424242424243 2.0606060606060606 2.121212121212121 1.6666666666666667
27 102.80096969696974 0.8888888888888888 1.494949494949495 1.2323232323232323 1.2121212121212122 1.9595959595959596 0.8686868686868687 1.9393939393939394 1.878787878787879 1.4343434343434343 1.2727272727272727 1.393939393939394 1.6767676767676767 1.4141414141414141 1.4141414141414141 1.797979797979798 1.8585858585858586 1.8383838383838385 1.5555555555555556 1.6161616161616161 1.1313131313131313 1.292929292929293 1.1919191919191918 1.6767676767676767 1.6161616161616161 2.0 1.6161616161616161 1.4141414141414141 1.8383838383838385 1.595959595959596 1.0909090909090908 1.2121212121212122 1.3737373737373737 1.9595959595959596 1.696969696969697 1.292929292929293 1.1111111111111112 0.9494949494949495 1.3737373737373737 1.4141414141414141 1.1111111111111112
28 59.9991655555162 0.8888888888888888 1.494949494949495 1.2323232323232323 1.2121212121212122 1.9595959595959596 0.8686868686868687 1.9393939393939394 1.878787878787879 1.4343434343434343 1.2727272727272727 1.393939393939394 1.6767676767676767 1.4141414141414141 1.4141414141414141 1.797979797979798 1.8585858585858586 1.8383838383838385 1.5555555555555556 1.6161616161616161 1.1313131313131313 1.292929292929293 1.1919191919191918 1.6767676767676767 1.6161616161616161 2.0 1.6161616161616161 1.4141414141414141 1.8383838383838385 1.595959595959596 1.0909090909090908 1.2121212121212122 1.3737373737373737 1.9595959595959596 1.696969696969697 1.292929292929293 1.1111111111111112 0.9494949494949495 1.3737373737373737 1.4141414141414141 1.1111111111111112
29 14.404889504804135 1.3333333333333333 2.242424242424242 1.8484848484848484 1.8181818181818181 2.9393939393939394 1.303030303030303 2.909090909090909 2.8181818181818183 2.1515151515151514 1.9090909090909092 2.090909090909091 2.515151515151515 2.121212121212121 2.121212121212121 2.696969696969697 2.787878787878788 2.757575757575758 2.3333333333333335 2.4242424242424243 1.696969696969697 1.9393939393939394 1.7878787878787878 2.515151515151515 2.4242424242424243 3.0 2.4242424242424243 2.121212121212121 2.757575757575758 2.393939393939394 1.6363636363636365 1.8181818181818181 2.0606060606060606 2.9393939393939394 2.5454545454545454 1.9393939393939394 1.6666666666666667 1.4242424242424243 2.0606060606060606 2.121212121212121 1.6666666666666667
30 173.6802812761616 0.8888888888888888 1.494949494949495 1.2323232323232323 1.2121212121212122 1.9595959595959596 0.8686868686868687 1.9393939393939394 1.878787878787879 1.4343434343434343 1.2727272727272727 1.393939393939394 1.6767676767676767 1.4141414141414141 1.4141414141414141 1.797979797979798 1.8585858585858586 1.8383838383838385 1.5555555555555556 1.6161616161616161 1.1313131313131313 1.292929292929293 1.1919191919191918 1.6767676767676767 1.6161616161616161 2.0 1.6161616161616161 1.4141414141414141 1.8383838383838385 1.595959595959596 1.0909090909090908 1.2121212121212122 1.3737373737373737 1.9595959595959596 1.696969696969697 1.292929292929293 1.1111111111111112 0.9494949494949495 1.3737373737373737 1.4141414141414141 1.1111111111111112
31 159.11826149942874 1.3333333333333333 2.242424242424242 1.8484848484848484 1.8181818181818181 2.9393939393939394 1.303030303030303 2.909090909090909 2.8181818181818183 2.1515151515151514 1.9090909090909092 2.090909090909091 2.515151515151515 2.121212121212121 2.121212121212121 2.696969696969697 2.787878787878788 2.757575757575758 2.3333333333333335 2.4242424242424243 1.696969696969697 1.9393939393939394 1.7878787878787878 2.515151515151515 2.4242424242424243 3.0 2.4242424242424243 2.121212121212121 2.757575757575758 2.393939393939394 1.6363636363636365 1.8181818181818181 2.0606060606060606 2.9393939393939394 2.5454545454545454 1.9393939393939394 1.6666666666666667 1.4242424242424243 2.0606060606060606 2.121212121212121 1.6666666666666667
32 107.0 0.8888888888888888 1.494949494949495 1.2323232323232323 1.2121212121212122 1.9595959595959596 0.8686868686868687 1.9393939393939394 1.878787878787879 1.4343434343434343 1.2727272727272727 1.393939393939394 1.6767676767676767 1.4141414141414141 1.4141414141414141 1.797979797979798 1.8585858585858586 1.8383838383838385 1.5555555555555556 1.6161616161616161 1.1313131313131313 1.292929292929293 1.1919191919191918 1.6767676767676767 1.6161616161616161 2.0 1.6161616161616161 1.4141414141414141 1.8383838383838385 1.595959595959596 1.0909090909090908 1.2121212121212122 1.3737373737373737 1.9595959595959596 1.696969696969697 1.292929292929293 1.1111111111111112 0.9494949494949495 1.3737373737373737 1.4141414141414141 1.1111111111111112
33 26.225169189167584 0.8888888888888888 1.494949494949495 1.2323232323232323 1.2121212121212122 1.9595959595959596 0.8686868686868687 1.9393939393939394 1.878787878787879 1.4343434343434343 1.2727272727272727 1.393939393939394 1.6767676767676767 1.4141414141414141 1.4141414141414141 1.797979797979798 1.8585858585858586 1.8383838383838385 1.5555555555555556 1.6161616161616161 1.1313131313131313 1.292929292929293 1.1919191919191918 1.6767676767676767 1.6161616161616161 2.0 1.6161616161616161 1.4141414141414141 1.8383838383838385 1.595959595959596 1.0909090909090908 1.2121212121212122 1.3737373737373737 1.9595959595959596 1.696969696969697 1.292929292929293 1.1111111111111112 0.9494949494949495 1.3737373737373737 1.4141414141414141 1.1111111111111112
34 88.5192520644622 1.3333333333333333 2.242424242424242 1.8484848484848484 1.8181818181818181 2.9393939393939394 1.303030303030303 2.909090909090909 2.8181818181818183 2.1515151515151514 1.9090909090909092 2.090909090909091 2.515151515151515 2.121212121212121 2.121212121212121 2.696969696969697 2.787878787878788 2.757575757575758 2.3333333333333335 2.4242424242424243 1.696969696969697 1.9393939393939394 1.7878787878787878 2.515151515151515 2.4242424242424243 3.0 2.4242424242424243 2.121212121212121 2.757575757575758 2.393939393939394 1.6363636363636365 1.8181818181818181 2.0606060606060606 2.9393939393939394 2.5454545454545454 1.9393939393939394 1.6666666666666667 1.4242424242424243 2.0606060606060606 2.121212121212121 1.6666666666666667
35 97.96754862961207 1.3333333333333333 2.242424242424242 1.8484848484848484 1.8181818181818181 2.9393939393939394 1.303030303030303 2.909090909090909 2.8181818181818183 2.1515151515151514 1.9090909090909092 2.090909090909091 2.515151515151515 2.121212121212121 2.121212121212121 2.696969696969697 2.787878787878788 2.757575757575758 2.3333333333333335 2.4242424242424243 1.696969696969697 1.9393939393939394 1.7878787878787878 2.515151515151515 2.4242424242424243 3.0 2.4242424242424243 2.121212121212121 2.757575757575758 2.393939393939394 1.6363636363636365 1.8181818181818181 2.0606060606060606 2.9393939393939394 2.5454545454545454 1.9393939393939394 1.6666666666666667 1.4242424242424243 2.0606060606060606 2.121212121212121 1.6666666666666667
36 49.69439065772938 0.8888888888888888 1.494949494949495 1.2323232323232323 1.2121212121212122 1.9595959595959596 0.8686868686868687 1.9393939393939394 1.878787878787879 1.4343434343434343 1.2727272727272727 1.393939393939394 1.6767676767676767 1.4141414141414141 1.4141414141414141 1.797979797979798 1.8585858585858586 1.8383838383838385 1.5555555555555556 1.6161616161616161 1.1313131313131313 1.292929292929293 1.1919191919191918 1.6767676767676767 1.6161616161616161 2.0 1.6161616161616161 1.4141414141414141 1.8383838383838385 1.595959595959596 1.0909090909090908 1.2121212121212122 1.3737373737373737 1.9595959595959596 1.696969696969697 1.292929292929293 1.1111111111111112 0.9494949494949495 1.3737373737373737 1.4141414141414141 1.1111111111111112
37 101.0 1.3333333333333333 2.242424242424242 1.8484848484848484 1.8181818181818181 2.9393939393939394 1.303030303030303 2.909090909090909 2.8181818181818183 2.1515151515151514 1.9090909090909092 2.090909090909091 2.515151515151515 2.121212121212121 2.121212121212121 2.696969696969697 2.787878787878788 2.757575757575758 2.3333333333333335 2.4242424242424243 1.696969696969697 1.9393939393939394 1.7878787878787878 2.515151515151515 2.4242424242424243 3.0 2.4242424242424243 2.121212121212121 2.757575757575758 2.393939393939394 1.6363636363636365 1.8181818181818181 2.0606060606060606 2.9393939393939394 2.5454545454545454 1.9393939393939394 1.6666666666666667 1.4242424242424243 2.0606060606060606 2.121212121212121 1.6666666666666667
38 149.34287357536445 1.3333333333333333 2.242424242424242 1.8484848484848484 1.8181818181818181 2.9393939393939394 1.303030303030303 2.909090909090909 2.8181818181818183 2.1515151515151514 1.9090909090909092 2.090909090909091 2.515151515151515 2.121212121212121 2.121212121212121 2.696969696969697 2.787878787878788 2.757575757575758 2.3333333333333335 2.4242424242424243 1.696969696969697 1.9393939393939394 1.7878787878787878 2.515151515151515 2.4242424242424243 3.0 2.4242424242424243 2.121212121212121 2.757575757575758 2.393939393939394 1.6363636363636365 1.8181818181818181 2.0606060606060606 2.9393939393939394 2.5454545454545454 1.9393939393939394 1.6666666666666667 1.4242424242424243 2.0606060606060606 2.121212121212121 1.6666666666666667
39 275.20469660531194 0.8888888888888888 1.494949494949495 1.2323232323232323 1.2121212121212122 1.9595959595959596 0.8686868686868687 1.9393939393939394 1.878787878787879 1.4343434343434343 1.2727272727272727 1.393939393939394 1.6767676767676767 1.4141414141414141 1.4141414141414141 1.797979797979798 1.8585858585858586 1.8383838383838385 1.5555555555555556 1.6161616161616161 1.1313131313131313 1.292929292929293 1.1919191919191918 1.6767676767676767 1.6161616161616161 2.0 1.6161616161616161 1.4141414141414141 1.8383838383838385 1.595959595959596 1.0909090909090908 1.2121212121212122 1.3737373737373737 1.9595959595959596 1.696969696969697 1.292929292929293 1.1111111111111112 0.9494949494949495 1.3737373737373737 1.4141414141414141 1.1111111111111112
40 42.616691461273525 1.3333333333333333 2.242424242424242 1.8484848484848484 1.8181818181818181 2.9393939393939394 1.303030303030303 2.909090909090909 2.8181818181818183 2.1515151515151514 1.9090909090909092 2.090909090909091 2.515151515151515 2.121212121212121 2.121212121212121 2.696969696969697 2.787878787878788 2.757575757575758 2.3333333333333335 2.4242424242424243 1.696969696969697 1.9393939393939394 1.7878787878787878 2.515151515151515 2.4242424242424243 3.0 2.4242424242424243 2.121212121212121 2.757575757575758 2.393939393939394 1.6363636363636365 1.8181818181818181 2.0606060606060606 2.9393939393939394 2.5454545454545454 1.9393939393939394 1.6666666666666667 1.4242424242424243 2.0606060606060606 2.121212121212121 1.6666666666666667
41 88.53956984478934 0.8888888888888888 1.494949494949495 1.2323232323232323 1.2121212121212122 1.9595959595959596 0.8686868686868687 1.9393939393939394 1.878787878787879 1.4343434343434343 1.2727272727272727 1.393939393939394 1.6767676767676767 1.4141414141414141 1.4141414141414141 1.797979797979798 1.8585858585858586 1.8383838383838385 1.5555555555555556 1.6161616161616161 1.1313131313131313 1.292929292929293 1.1919191919191918 1.6767676767676767 1.6161616161616161 2.0 1.6161616161616161 1.4141414141414141 1.8383838383838385 1.595959595959596 1.0909090909090908 1.2121212121212122 1.3737373737373737 1.9595959595959596 1.696969696969697 1.292929292929293 1.1111111111111112 0.9494949494949495 1.3737373737373737 1.4141414141414141 1.1111111111111112
42 119.02646512630652 1.3333333333333333 2.242424242424242 1.8484848484848484 1.8181818181818181 2.9393939393939394 1.303030303030303 2.909090909090909 2.8181818181818183 2.1515151515151514 1.9090909090909092 2.090909090909091 2.515151515151515 2.121212121212121 2.121212121212121 2.696969696969697 2.787878787878788 2.757575757575758 2.3333333333333335 2.4242424242424243 1.696969696969697 1.9393939393939394 1.7878787878787878 2.515151515151515 2.4242424242424243 3.0 2.4242424242424243 2.121212121212121 2.757575757575758 2.393939393939394 1.6363636363636365 1.8181818181818181 2.0606060606060606 2.9393939393939394 2.5454545454545454 1.9393939393939394 1.6666666666666667 1.4242424242424243 2.0606060606060606 2.121212121212121 1.6666666666666667
43 78.79547558967381 1.3333333333333333 2.242424242424242 1.8484848484848484 1.8181818181818181 2.9393939393939394 1.303030303030303 2.909090909090909 2.8181818181818183 2.1515151515151514 1.9090909090909092 2.090909090909091 2.515151515151515 2.121212121212121 2.121212121212121 2.696969696969697 2.787878787878788 2.757575757575758 2.3333333333333335 2.4242424242424243 1.696969696969697 1.9393939393939394 1.7878787878787878 2.515151515151515 2.4242424242424243 3.0 2.4242424242424243 2.121212121212121 2.757575757575758 2.393939393939394 1.6363636363636365 1.8181818181818181 2.0606060606060606 2.9393939393939394 2.5454545454545454 1.9393939393939394 1.6666666666666667 1.4242424242424243 2.0606060606060606 2.121212121212121 1.6666666666666667
44 77.0 0.8888888888888888 1.494949494949495 1.2323232323232323 1.2121212121212122 1.9595959595959596 0.8686868686868687 1.9393939393939394 1.878787878787879 1.4343434343434343 1.2727272727272727 1.393939393939394 1.6767676767676767 1.4141414141414141 1.4141414141414141 1.797979797979798 1.8585858585858586 1.8383838383838385 1.5555555555555556 1.6161616161616161 1.1313131313131313 1.292929292929293 1.1919191919191918 1.6767676767676767 1.6161616161616161 2.0 1.6161616161616161 1.4141414141414141 1.8383838383838385 1.595959595959596 1.0909090909090908 1.2121212121212122 1.3737373737373737 1.9595959595959596 1.696969696969697 1.292929292929293 1.1111111111111112 0.9494949494949495 1.3737373737373737 1.4141414141414141 1.1111111111111112
45 5.84632467532467 1.3333333333333333 2.242424242424242 1.8484848484848484 1.8181818181818181 2.9393939393939394 1.303030303030303 2.909090909090909 2.8181818181818183 2.1515151515151514 1.9090909090909092 2.090909090909091 2.515151515151515 2.121212121212121 2.121212121212121 2.696969696969697 2.787878787878788 2.757575757575758 2.3333333333333335 2.4242424242424243 1.696969696969697 1.9393939393939394 1.7878787878787878 2.515151515151515 2.4242424242424243 3.0 2.4242424242424243 2.121212121212121 2.757575757575758 2.393939393939394 1.6363636363636365 1.8181818181818181 2.0606060606060606 2.9393939393939394 2.5454545454545454 1.9393939393939394 1.6666666666666667 1.4242424242424243 2.0606060606060606 2.121212121212121 1.6666666666666667
46 11.018314855875785 1.3333333333333333 2.242424242424242 1.8484848484848484 1.8181818181818181 2.9393939393939394 1.303030303030303 2.909090909090909 2.8181818181818183 2.1515151515151514 1.9090909090909092 2.090909090909091 2.515151515151515 2.121212121212121 2.121212121212121 2.696969696969697 2.787878787878788 2.757575757575758 2.3333333333333335 2.4242424242424243 1.696969696969697 1.9393939393939394 1.7878787878787878 2.515151515151515 2.4242424242424243 3.0 2.4242424242424243 2.121212121212121 2.757575757575758 2.393939393939394 1.6363636363636365 1.8181818181818181 2.0606060606060606 2.9393939393939394 2.5454545454545454 1.9393939393939394 1.6666666666666667 1.4242424242424243 2.0606060606060606 2.121212121212121 1.6666666666666667
47 29.017448855792143 0.8888888888888888 1.494949494949495 1.2323232323232323 1.2121212121212122 1.9595959595959596 0.8686868686868687 1.9393939393939394 1.878787878787879 1.4343434343434343 1.2727272727272727 1.393939393939394 1.6767676767676767 1.4141414141414141 1.4141414141414141 1.797979797979798 1.8585858585858586 1.8383838383838385 1.5555555555555556 1.6161616161616161 1.1313131313131313 1.292929292929293 1.1919191919191918 1.6767676767676767 1.6161616161616161 2.0 1.6161616161616161 1.4141414141414141 1.8383838383838385 1.595959595959596 1.0909090909090908 1.2121212121212122 1.3737373737373737 1.9595959595959596 1.696969696969697 1.292929292929293 1.1111111111111112 0.9494949494949495 1.3737373737373737 1.4141414141414141 1.1111111111111112
48 69.3576866578782 1.3333333333333333 2.242424242424242 1.8484848484848484 1.8181818181818181 2.9393939393939394 1.303030303030303 2.909090909090909 2.8181818181818183 2.1515151515151514 1.9090909090909092 2.090909090909091 2.515151515151515 2.121212121212121 2.121212121212121 2.696969696969697 2.787878787878788 2.757575757575758 2.3333333333333335 2.4242424242424243 1.696969696969697 1.9393939393939394 1.7878787878787878 2.515151515151515 2.4242424242424243 3.0 2.4242424242424243 2.121212121212121 2.757575757575758 2.393939393939394 1.6363636363636365 1.8181818181818181 2.0606060606060606 2.9393939393939394 2.5454545454545454 1.9393939393939394 1.6666666666666667 1.4242424242424243 2.0606060606060606 2.121212121212121 1.6666666666666667
49 96.38087375301001 0.8888888888888888 1.494949494949495 1.2323232323232323 1.2121212121212122 1.9595959595959596 0.8686868686868687 1.9393939393939394 1.878787878787879 1.4343434343434343 1.2727272727272727 1.393939393939394 1.6767676767676767 1.4141414141414141 1.4141414141414141 1.797979797979798 1.8585858585858586 1.8383838383838385 1.5555555555555556 1.6161616161616161 1.1313131313131313 1.292929292929293 1.1919191919191918 1.6767676767676767 1.6161616161616161 2.0 1.6161616161616161 1.4141414141414141 1.8383838383838385 1.595959595959596 1.0909090909090908 1.2121212121212122 1.3737373737373737 1.9595959595959596 1.696969696969697 1.292929292929293 1.1111111111111112 0.9494949494949495 1.3737373737373737 1.4141414141414141 1.1111111111111112
50 63.94850196408527 0.8888888888888888 1.494949494949495 1.2323232323232323 1.2121212121212122 1.9595959595959596 0.8686868686868687 1.9393939393939394 1.878787878787879 1.4343434343434343 1.2727272727272727 1.393939393939394 1.6767676767676767 1.4141414141414141 1.4141414141414141 1.797979797979798 1.8585858585858586 1.8383838383838385 1.5555555555555556 1.6161616161616161 1.1313131313131313 1.292929292929293 1.1919191919191918 1.6767676767676767 1.6161616161616161 2.0 1.6161616161616161 1.4141414141414141 1.8383838383838385 1.595959595959596 1.0909090909090908 1.2121212121212122 1.3737373737373737 1.9595959595959596 1.696969696969697 1.292929292929293 1.1111111111111112 0.9494949494949495 1.3737373737373737 1.4141414141414141 1.1111111111111112
51 62.127012163492516 0.8888888888888888 1.494949494949495 1.2323232323232323 1.2121212121212122 1.9595959595959596 0.8686868686868687 1.9393939393939394 1.878787878787879 1.4343434343434343 1.2727272727272727 1.393939393939394 1.6767676767676767 1.4141414141414141 1.4141414141414141 1.797979797979798 1.8585858585858586 1.8383838383838385 1.5555555555555556 1.6161616161616161 1.1313131313131313 1.292929292929293 1.1919191919191918 1.6767676767676767 1.6161616161616161 2.0 1.6161616161616161 1.4141414141414141 1.8383838383838385 1.595959595959596 1.0909090909090908 1.2121212121212122 1.3737373737373737 1.9595959595959596 1.696969696969697 1.292929292929293 1.1111111111111112 0.9494949494949495 1.3737373737373737 1.4141414141414141 1.1111111111111112
52 131.50316009474466 1.3333333333333333 2.242424242424242 1.8484848484848484 1.8181818181818181 2.9393939393939394 1.303030303030303 2.909090909090909 2.8181818181818183 2.1515151515151514 1.9090909090909092 2.090909090909091 2.515151515151515 2.121212121212121 2.121212121212121 2.696969696969697 2.787878787878788 2.757575757575758 2.3333333333333335 2.4242424242424243 1.696969696969697 1.9393939393939394 1.7878787878787878 2.515151515151515 2.4242424242424243 3.0 2.4242424242424243 2.121212121212121 2.757575757575758 2.393939393939394 1.6363636363636365 1.8181818181818181 2.0606060606060606 2.9393939393939394 2.5454545454545454 1.9393939393939394 1.6666666666666667 1.4242424242424243 2.0606060606060606 2.121212121212121 1.6666666666666667
53 4.70261043729832 1.3333333333333333 2.242424242424242 1.8484848484848484 1.8181818181818181 2.9393939393939394 1.303030303030303 2.909090909090909 2.8181818181818183 2.1515151515151514 1.9090909090909092 2.090909090909091 2.515151515151515 2.121212121212121 2.121212121212121 2.696969696969697 2.787878787878788 2.757575757575758 2.3333333333333335 2.4242424242424243 1.696969696969697 1.9393939393939394 1.7878787878787878 2.515151515151515 2.4242424242424243 3.0 2.4242424242424243 2.121212121212121 2.757575757575758 2.393939393939394 1.6363636363636365 1.8181818181818181 2.0606060606060606 2.9393939393939394 2.5454545454545454 1.9393939393939394 1.6666666666666667 1.4242424242424243 2.0606060606060606 2.121212121212121 1.6666666666666667
54 111.82223966725142 0.8888888888888888 1.494949494949495 1.2323232323232323 1.2121212121212122 1.9595959595959596 0.8686868686868687 1.9393939393939394 1.878787878787879 1.4343434343434343 1.2727272727272727 1.393939393939394 1.6767676767676767 1.4141414141414141 1.4141414141414141 1.797979797979798 1.8585858585858586 1.8383838383838385 1.5555555555555556 1.6161616161616161 1.1313131313131313 1.292929292929293 1.1919191919191918 1.6767676767676767 1.6161616161616161 2.0 1.6161616161616161 1.4141414141414141 1.8383838383838385 1.595959595959596 1.0909090909090908 1.2121212121212122 1.3737373737373737 1.9595959595959596 1.696969696969697 1.292929292929293 1.1111111111111112 0.9494949494949495 1.3737373737373737 1.4141414141414141 1.1111111111111112
55 175.91296681096682 1.3333333333333333 2.242424242424242 1.8484848484848484 1.8181818181818181 2.9393939393939394 1.303030303030303 2.909090909090909 2.8181818181818183 2.1515151515151514 1.9090909090909092 2.090909090909091 2.515151515151515 2.121212121212121 2.121212121212121 2.696969696969697 2.787878787878788 2.757575757575758 2.3333333333333335 2.4242424242424243 1.696969696969697 1.9393939393939394 1.7878787878787878 2.515151515151515 2.4242424242424243 3.0 2.4242424242424243 2.121212121212121 2.757575757575758 2.393939393939394 1.6363636363636365 1.8181818181818181 2.0606060606060606 2.9393939393939394 2.5454545454545454 1.9393939393939394 1.6666666666666667 1.4242424242424243 2.0606060606060606 2.121212121212121 1.6666666666666667
56 63.0 1.3333333333333333 2.242424242424242 1.8484848484848484 1.8181818181818181 2.9393939393939394 1.303030303030303 2.909090909090909 2.8181818181818183 2.1515151515151514 1.9090909090909092 2.090909090909091 2.515151515151515 2.121212121212121 2.121212121212121 2.696969696969697 2.787878787878788 2.757575757575758 2.3333333333333335 2.4242424242424243 1.696969696969697 1.9393939393939394 1.7878787878787878 2.515151515151515 2.4242424242424243 3.0 2.4242424242424243 2.121212121212121 2.757575757575758 2.393939393939394 1.6363636363636365 1.8181818181818181 2.0606060606060606 2.9393939393939394 2.5454545454545454 1.9393939393939394 1.6666666666666667 1.4242424242424243 2.0606060606060606 2.121212121212121 1.6666666666666667
57 81.34516746411488 1.3333333333333333 2.242424242424242 1.8484848484848484 1.8181818181818181 2.9393939393939394 1.303030303030303 2.909090909090909 2.8181818181818183 2.1515151515151514 1.9090909090909092 2.090909090909091 2.515151515151515 2.121212121212121 2.121212121212121 2.696969696969697 2.787878787878788 2.757575757575758 2.3333333333333335 2.4242424242424243 1.696969696969697 1.9393939393939394 1.7878787878787878 2.515151515151515 2.4242424242424243 3.0 2.4242424242424243 2.121212121212121 2.757575757575758 2.393939393939394 1.6363636363636365 1.8181818181818181 2.0606060606060606 2.9393939393939394 2.5454545454545454 1.9393939393939394 1.6666666666666667 1.4242424242424243 2.0606060606060606 2.121212121212121 1.6666666666666667
58 22.507458526798143 1.3333333333333333 2.242424242424242 1.8484848484848484 1.8181818181818181 2.9393939393939394 1.303030303030303 2.909090909090909 2.8181818181818183 2.1515151515151514 1.9090909090909092 2.090909090909091 2.515151515151515 2.121212121212121 2.121212121212121 2.696969696969697 2.787878787878788 2.757575757575758 2.3333333333333335 2.4242424242424243 1.696969696969697 1.9393939393939394 1.7878787878787878 2.515151515151515 2.4242424242424243 3.0 2.4242424242424243 2.121212121212121 2.757575757575758 2.393939393939394 1.6363636363636365 1.8181818181818181 2.0606060606060606 2.9393939393939394 2.5454545454545454 1.9393939393939394 1.6666666666666667 1.4242424242424243 2.0606060606060606 2.121212121212121 1.6666666666666667
59 104.95397557922176 1.3333333333333333 2.242424242424242 1.8484848484848484 1.8181818181818181 2.9393939393939394 1.303030303030303 2.909090909090909 2.8181818181818183 2.1515151515151514 1.9090909090909092 2.090909090909091 2.515151515151515 2.121212121212121 2.121212121212121 2.696969696969697 2.787878787878788 2.757575757575758 2.3333333333333335 2.4242424242424243 1.696969696969697 1.9393939393939394 1.7878787878787878 2.515151515151515 2.4242424242424243 3.0 2.4242424242424243 2.121212121212121 2.757575757575758 2.393939393939394 1.6363636363636365 1.8181818181818181 2.0606060606060606 2.9393939393939394 2.5454545454545454 1.9393939393939394 1.6666666666666667 1.4242424242424243 2.0606060606060606 2.121212121212121 1.6666666666666667
60 11.598192949907226 1.3333333333333333 2.242424242424242 1.8484848484848484 1.8181818181818181 2.9393939393939394 1.303030303030303 2.909090909090909 2.8181818181818183 2.1515151515151514 1.9090909090909092 2.090909090909091 2.515151515151515 2.121212121212121 2.121212121212121 2.696969696969697 2.787878787878788 2.757575757575758 2.3333333333333335 2.4242424242424243 1.696969696969697 1.9393939393939394 1.7878787878787878 2.515151515151515 2.4242424242424243 3.0 2.4242424242424243 2.121212121212121 2.757575757575758 2.393939393939394 1.6363636363636365 1.8181818181818181 2.0606060606060606 2.9393939393939394 2.5454545454545454 1.9393939393939394 1.6666666666666667 1.4242424242424243 2.0606060606060606 2.121212121212121 1.6666666666666667
61 133.58646491228063 1.3333333333333333 2.242424242424242 1.8484848484848484 1.8181818181818181 2.9393939393939394 1.303030303030303 2.909090909090909 2.8181818181818183 2.1515151515151514 1.9090909090909092 2.090909090909091 2.515151515151515 2.121212121212121 2.121212121212121 2.696969696969697 2.787878787878788 2.757575757575758 2.3333333333333335 2.4242424242424243 1.696969696969697 1.9393939393939394 1.7878787878787878 2.515151515151515 2.4242424242424243 3.0 2.4242424242424243 2.121212121212121 2.757575757575758 2.393939393939394 1.6363636363636365 1.8181818181818181 2.0606060606060606 2.9393939393939394 2.5454545454545454 1.9393939393939394 1.6666666666666667 1.4242424242424243 2.0606060606060606 2.121212121212121 1.6666666666666667
62 252.20729096455477 1.3333333333333333 2.242424242424242 1.8484848484848484 1.8181818181818181 2.9393939393939394 1.303030303030303 2.909090909090909 2.8181818181818183 2.1515151515151514 1.9090909090909092 2.090909090909091 2.515151515151515 2.121212121212121 2.121212121212121 2.696969696969697 2.787878787878788 2.757575757575758 2.3333333333333335 2.4242424242424243 1.696969696969697 1.9393939393939394 1.7878787878787878 2.515151515151515 2.4242424242424243 3.0 2.4242424242424243 2.121212121212121 2.757575757575758 2.393939393939394 1.6363636363636365 1.8181818181818181 2.0606060606060606 2.9393939393939394 2.5454545454545454 1.9393939393939394 1.6666666666666667 1.4242424242424243 2.0606060606060606 2.121212121212121 1.6666666666666667
63 87.54729557915881 0.8888888888888888 1.494949494949495 1.2323232323232323 1.2121212121212122 1.9595959595959596 0.8686868686868687 1.9393939393939394 1.878787878787879 1.4343434343434343 1.2727272727272727 1.393939393939394 1.6767676767676767 1.4141414141414141 1.4141414141414141 1.797979797979798 1.8585858585858586 1.8383838383838385 1.5555555555555556 1.6161616161616161 1.1313131313131313 1.292929292929293 1.1919191919191918 1.6767676767676767 1.6161616161616161 2.0 1.6161616161616161 1.4141414141414141 1.8383838383838385 1.595959595959596 1.0909090909090908 1.2121212121212122 1.3737373737373737 1.9595959595959596 1.696969696969697 1.292929292929293 1.1111111111111112 0.9494949494949495 1.3737373737373737 1.4141414141414141 1.1111111111111112
64 57.391806949462506 1.3333333333333333 2.242424242424242 1.8484848484848484 1.8181818181818181 2.9393939393939394 1.303030303030303 2.909090909090909 2.8181818181818183 2.1515151515151514 1.9090909090909092 2.090909090909091 2.515151515151515 2.121212121212121 2.121212121212121 2.696969696969697 2.787878787878788 2.757575757575758 2.3333333333333335 2.4242424242424243 1.696969696969697 1.9393939393939394 1.7878787878787878 2.515151515151515 2.4242424242424243 3.0 2.4242424242424243 2.121212121212121 2.757575757575758 2.393939393939394 1.6363636363636365 1.8181818181818181 2.0606060606060606 2.9393939393939394 2.5454545454545454 1.9393939393939394 1.6666666666666667 1.4242424242424243 2.0606060606060606 2.121212121212121 1.6666666666666667
65 59.06948460246359 1.3333333333333333 2.242424242424242 1.8484848484848484 1.8181818181818181 2.9393939393939394 1.303030303030303 2.909090909090909 2.8181818181818183 2.1515151515151514 1.9090909090909092 2.090909090909091 2.515151515151515 2.121212121212121 2.121212121212121 2.696969696969697 2.787878787878788 2.757575757575758 2.3333333333333335 2.4242424242424243 1.696969696969697 1.9393939393939394 1.7878787878787878 2.515151515151515 2.4242424242424243 3.0 2.4242424242424243 2.121212121212121 2.757575757575758 2.393939393939394 1.6363636363636365 1.8181818181818181 2.0606060606060606 2.9393939393939394 2.5454545454545454 1.9393939393939394 1.6666666666666667 1.4242424242424243 2.0606060606060606 2.121212121212121 1.6666666666666667
66 113.50631418278844 0.8888888888888888 1.494949494949495 1.2323232323232323 1.2121212121212122 1.9595959595959596 0.8686868686868687 1.9393939393939394 1.878787878787879 1.4343434343434343 1.2727272727272727 1.393939393939394 1.6767676767676767 1.4141414141414141 1.4141414141414141 1.797979797979798 1.8585858585858586 1.8383838383838385 1.5555555555555556 1.6161616161616161 1.1313131313131313 1.292929292929293 1.1919191919191918 1.6767676767676767 1.6161616161616161 2.0 1.6161616161616161 1.4141414141414141 1.8383838383838385 1.595959595959596 1.0909090909090908 1.2121212121212122 1.3737373737373737 1.9595959595959596 1.696969696969697 1.292929292929293 1.1111111111111112 0.9494949494949495 1.3737373737373737 1.4141414141414141 1.1111111111111112
67 227.03198370727867 1.3333333333333333 2.242424242424242 1.8484848484848484 1.8181818181818181 2.9393939393939394 1.303030303030303 2.909090909090909 2.8181818181818183 2.1515151515151514 1.9090909090909092 2.090909090909091 2.515151515151515 2.121212121212121 2.121212121212121 2.696969696969697 2.787878787878788 2.757575757575758 2.3333333333333335 2.4242424242424243 1.696969696969697 1.9393939393939394 1.7878787878787878 2.515151515151515 2.4242424242424243 3.0 2.4242424242424243 2.121212121212121 2.757575757575758 2.393939393939394 1.6363636363636365 1.8181818181818181 2.0606060606060606 2.9393939393939394 2.5454545454545454 1.9393939393939394 1.6666666666666667 1.4242424242424243 2.0606060606060606 2.121212121212121 1.6666666666666667
68 99.33924161754885 0.8888888888888888 1.494949494949495 1.2323232323232323 1.2121212121212122 1.9595959595959596 0.8686868686868687 1.9393939393939394 1.878787878787879 1.4343434343434343 1.2727272727272727 1.393939393939394 1.6767676767676767 1.4141414141414141 1.4141414141414141 1.797979797979798 1.8585858585858586 1.8383838383838385 1.5555555555555556 1.6161616161616161 1.1313131313131313 1.292929292929293 1.1919191919191918 1.6767676767676767 1.6161616161616161 2.0 1.6161616161616161 1.4141414141414141 1.8383838383838385 1.595959595959596 1.0909090909090908 1.2121212121212122 1.3737373737373737 1.9595959595959596 1.696969696969697 1.292929292929293 1.1111111111111112 0.9494949494949495 1.3737373737373737 1.4141414141414141 1.1111111111111112
69 105.29643867440639 1.3333333333333333 2.242424242424242 1.8484848484848484 1.8181818181818181 2.9393939393939394 1.303030303030303 2.909090909090909 2.8181818181818183 2.1515151515151514 1.9090909090909092 2.090909090909091 2.515151515151515 2.121212121212121 2.121212121212121 2.696969696969697 2.787878787878788 2.757575757575758 2.3333333333333335 2.4242424242424243 1.696969696969697 1.9393939393939394 1.7878787878787878 2.515151515151515 2.4242424242424243 3.0 2.4242424242424243 2.121212121212121 2.757575757575758 2.393939393939394 1.6363636363636365 1.8181818181818181 2.0606060606060606 2.9393939393939394 2.5454545454545454 1.9393939393939394 1.6666666666666667 1.4242424242424243 2.0606060606060606 2.121212121212121 1.6666666666666667
70 23.072093023255814 1.3333333333333333 2.242424242424242 1.8484848484848484 1.8181818181818181 2.9393939393939394 1.303030303030303 2.909090909090909 2.8181818181818183 2.1515151515151514 1.9090909090909092 2.090909090909091 2.515151515151515 2.121212121212121 2.121212121212121 2.696969696969697 2.787878787878788 2.757575757575758 2.3333333333333335 2.4242424242424243 1.696969696969697 1.9393939393939394 1.7878787878787878 2.515151515151515 2.4242424242424243 3.0 2.4242424242424243 2.121212121212121 2.757575757575758 2.393939393939394 1.6363636363636365 1.8181818181818181 2.0606060606060606 2.9393939393939394 2.5454545454545454 1.9393939393939394 1.6666666666666667 1.4242424242424243 2.0606060606060606 2.121212121212121 1.6666666666666667
71 109.51425990230628 1.3333333333333333 2.242424242424242 1.8484848484848484 1.8181818181818181 2.9393939393939394 1.303030303030303 2.909090909090909 2.8181818181818183 2.1515151515151514 1.9090909090909092 2.090909090909091 2.515151515151515 2.121212121212121 2.121212121212121 2.696969696969697 2.787878787878788 2.757575757575758 2.3333333333333335 2.4242424242424243 1.696969696969697 1.9393939393939394 1.7878787878787878 2.515151515151515 2.4242424242424243 3.0 2.4242424242424243 2.121212121212121 2.757575757575758 2.393939393939394 1.6363636363636365 1.8181818181818181 2.0606060606060606 2.9393939393939394 2.5454545454545454 1.9393939393939394 1.6666666666666667 1.4242424242424243 2.0606060606060606 2.121212121212121 1.6666666666666667
72 56.45454545454541 0.8888888888888888 1.494949494949495 1.2323232323232323 1.2121212121212122 1.9595959595959596 0.8686868686868687 1.9393939393939394 1.878787878787879 1.4343434343434343 1.2727272727272727 1.393939393939394 1.6767676767676767 1.4141414141414141 1.4141414141414141 1.797979797979798 1.8585858585858586 1.8383838383838385 1.5555555555555556 1.6161616161616161 1.1313131313131313 1.292929292929293 1.1919191919191918 1.6767676767676767 1.6161616161616161 2.0 1.6161616161616161 1.4141414141414141 1.8383838383838385 1.595959595959596 1.0909090909090908 1.2121212121212122 1.3737373737373737 1.9595959595959596 1.696969696969697 1.292929292929293 1.1111111111111112 0.9494949494949495 1.3737373737373737 1.4141414141414141 1.1111111111111112
73 89.94126599326594 0.8888888888888888 1.494949494949495 1.2323232323232323 1.2121212121212122 1.9595959595959596 0.8686868686868687 1.9393939393939394 1.878787878787879 1.4343434343434343 1.2727272727272727 1.393939393939394 1.6767676767676767 1.4141414141414141 1.4141414141414141 1.797979797979798 1.8585858585858586 1.8383838383838385 1.5555555555555556 1.6161616161616161 1.1313131313131313 1.292929292929293 1.1919191919191918 1.6767676767676767 1.6161616161616161 2.0 1.6161616161616161 1.4141414141414141 1.8383838383838385 1.595959595959596 1.0909090909090908 1.2121212121212122 1.3737373737373737 1.9595959595959596 1.696969696969697 1.292929292929293 1.1111111111111112 0.9494949494949495 1.3737373737373737 1.4141414141414141 1.1111111111111112
74 14.0 1.3333333333333333 2.242424242424242 1.8484848484848484 1.8181818181818181 2.9393939393939394 1.303030303030303 2.909090909090909 2.8181818181818183 2.1515151515151514 1.9090909090909092 2.090909090909091 2.515151515151515 2.121212121212121 2.121212121212121 2.696969696969697 2.787878787878788 2.757575757575758 2.3333333333333335 2.4242424242424243 1.696969696969697 1.9393939393939394 1.7878787878787878 2.515151515151515 2.4242424242424243 3.0 2.4242424242424243 2.121212121212121 2.757575757575758 2.393939393939394 1.6363636363636365 1.8181818181818181 2.0606060606060606 2.9393939393939394 2.5454545454545454 1.9393939393939394 1.6666666666666667 1.4242424242424243 2.0606060606060606 2.121212121212121 1.6666666666666667
75 25.610028107371825 0.8888888888888888 1.494949494949495 1.2323232323232323 1.2121212121212122 1.9595959595959596 0.8686868686868687 1.9393939393939394 1.878787878787879 1.4343434343434343 1.2727272727272727 1.393939393939394 1.6767676767676767 1.4141414141414141 1.4141414141414141 1.797979797979798 1.8585858585858586 1.8383838383838385 1.5555555555555556 1.6161616161616161 1.1313131313131313 1.292929292929293 1.1919191919191918 1.6767676767676767 1.6161616161616161 2.0 1.6161616161616161 1.4141414141414141 1.8383838383838385 1.595959595959596 1.0909090909090908 1.2121212121212122 1.3737373737373737 1.9595959595959596 1.696969696969697 1.292929292929293 1.1111111111111112 0.9494949494949495 1.3737373737373737 1.4141414141414141 1.1111111111111112
76 257.5942848922664 0.8888888888888888 1.494949494949495 1.2323232323232323 1.2121212121212122 1.9595959595959596 0.8686868686868687 1.9393939393939394 1.878787878787879 1.4343434343434343 1.2727272727272727 1.393939393939394 1.6767676767676767 1.4141414141414141 1.4141414141414141 1.797979797979798 1.8585858585858586 1.8383838383838385 1.5555555555555556 1.6161616161616161 1.1313131313131313 1.292929292929293 1.1919191919191918 1.6767676767676767 1.6161616161616161 2.0 1.6161616161616161 1.4141414141414141 1.8383838383838385 1.595959595959596 1.0909090909090908 1.2121212121212122 1.3737373737373737 1.9595959595959596 1.696969696969697 1.292929292929293 1.1111111111111112 0.9494949494949495 1.3737373737373737 1.4141414141414141 1.1111111111111112
77 37.37009230536329 0.8888888888888888 1.494949494949495 1.2323232323232323 1.2121212121212122 1.9595959595959596 0.8686868686868687 1.9393939393939394 1.878787878787879 1.4343434343434343 1.2727272727272727 1.393939393939394 1.6767676767676767 1.4141414141414141 1.4141414141414141 1.797979797979798 1.8585858585858586 1.8383838383838385 1.5555555555555556 1.6161616161616161 1.1313131313131313 1.292929292929293 1.1919191919191918 1.6767676767676767 1.6161616161616161 2.0 1.6161616161616161 1.4141414141414141 1.8383838383838385 1.595959595959596 1.0909090909090908 1.2121212121212122 1.3737373737373737 1.9595959595959596 1.696969696969697 1.292929292929293 1.1111111111111112 0.9494949494949495 1.3737373737373737 1.4141414141414141 1.1111111111111112
78 36.466339390142025 1.3333333333333333 2.242424242424242 1.8484848484848484 1.8181818181818181 2.9393939393939394 1.303030303030303 2.909090909090909 2.8181818181818183 2.1515151515151514 1.9090909090909092 2.090909090909091 2.515151515151515 2.121212121212121 2.121212121212121 2.696969696969697 2.787878787878788 2.757575757575758 2.3333333333333335 2.4242424242424243 1.696969696969697 1.9393939393939394 1.7878787878787878 2.515151515151515 2.4242424242424243 3.0 2.4242424242424243 2.121212121212121 2.757575757575758 2.393939393939394 1.6363636363636365 1.8181818181818181 2.0606060606060606 2.9393939393939394 2.5454545454545454 1.9393939393939394 1.6666666666666667 1.4242424242424243 2.0606060606060606 2.121212121212121 1.6666666666666667
79 4.566610998590537 1.3333333333333333 2.242424242424242 1.8484848484848484 1.8181818181818181 2.9393939393939394 1.303030303030303 2.909090909090909 2.8181818181818183 2.1515151515151514 1.9090909090909092 2.090909090909091 2.515151515151515 2.121212121212121 2.121212121212121 2.696969696969697 2.787878787878788 2.757575757575758 2.3333333333333335 2.4242424242424243 1.696969696969697 1.9393939393939394 1.7878787878787878 2.515151515151515 2.4242424242424243 3.0 2.4242424242424243 2.121212121212121 2.757575757575758 2.393939393939394 1.6363636363636365 1.8181818181818181 2.0606060606060606 2.9393939393939394 2.5454545454545454 1.9393939393939394 1.6666666666666667 1.4242424242424243 2.0606060606060606 2.121212121212121 1.6666666666666667
80 36.72560652811274 1.3333333333333333 2.242424242424242 1.8484848484848484 1.8181818181818181 2.9393939393939394 1.303030303030303 2.909090909090909 2.8181818181818183 2.1515151515151514 1.9090909090909092 2.090909090909091 2.515151515151515 2.121212121212121 2.121212121212121 2.696969696969697 2.787878787878788 2.757575757575758 2.3333333333333335 2.4242424242424243 1.696969696969697 1.9393939393939394 1.7878787878787878 2.515151515151515 2.4242424242424243 3.0 2.4242424242424243 2.121212121212121 2.757575757575758 2.393939393939394 1.6363636363636365 1.8181818181818181 2.0606060606060606 2.9393939393939394 2.5454545454545454 1.9393939393939394 1.6666666666666667 1.4242424242424243 2.0606060606060606 2.121212121212121 1.6666666666666667
81 28.11108792836768 1.3333333333333333 2.242424242424242 1.8484848484848484 1.8181818181818181 2.9393939393939394 1.303030303030303 2.909090909090909 2.8181818181818183 2.1515151515151514 1.9090909090909092 2.090909090909091 2.515151515151515 2.121212121212121 2.121212121212121 2.696969696969697 2.787878787878788 2.757575757575758 2.3333333333333335 2.4242424242424243 1.696969696969697 1.9393939393939394 1.7878787878787878 2.515151515151515 2.4242424242424243 3.0 2.4242424242424243 2.121212121212121 2.757575757575758 2.393939393939394 1.6363636363636365 1.8181818181818181 2.0606060606060606 2.9393939393939394 2.5454545454545454 1.9393939393939394 1.6666666666666667 1.4242424242424243 2.0606060606060606 2.121212121212121 1.6666666666666667
82 5.387291633338666 1.3333333333333333 2.242424242424242 1.8484848484848484 1.8181818181818181 2.9393939393939394 1.303030303030303 2.909090909090909 2.8181818181818183 2.1515151515151514 1.9090909090909092 2.090909090909091 2.515151515151515 2.121212121212121 2.121212121212121 2.696969696969697 2.787878787878788 2.757575757575758 2.3333333333333335 2.4242424242424243 1.696969696969697 1.9393939393939394 1.7878787878787878 2.515151515151515 2.4242424242424243 3.0 2.4242424242424243 2.121212121212121 2.757575757575758 2.393939393939394 1.6363636363636365 1.8181818181818181 2.0606060606060606 2.9393939393939394 2.5454545454545454 1.9393939393939394 1.6666666666666667 1.4242424242424243 2.0606060606060606 2.121212121212121 1.6666666666666667
83 450.08558356971696 0.8888888888888888 1.494949494949495 1.2323232323232323 1.2121212121212122 1.9595959595959596 0.8686868686868687 1.9393939393939394 1.878787878787879 1.4343434343434343 1.2727272727272727 1.393939393939394 1.6767676767676767 1.4141414141414141 1.4141414141414141 1.797979797979798 1.8585858585858586 1.8383838383838385 1.5555555555555556 1.6161616161616161 1.1313131313131313 1.292929292929293 1.1919191919191918 1.6767676767676767 1.6161616161616161 2.0 1.6161616161616161 1.4141414141414141 1.8383838383838385 1.595959595959596 1.0909090909090908 1.2121212121212122 1.3737373737373737 1.9595959595959596 1.696969696969697 1.292929292929293 1.1111111111111112 0.9494949494949495 1.3737373737373737 1.4141414141414141 1.1111111111111112
84 151.6329996832436 0.8888888888888888 1.494949494949495 1.2323232323232323 1.2121212121212122 1.9595959595959596 0.8686868686868687 1.9393939393939394 1.878787878787879 1.4343434343434343 1.2727272727272727 1.393939393939394 1.6767676767676767 1.4141414141414141 1.4141414141414141 1.797979797979798 1.8585858585858586 1.8383838383838385 1.5555555555555556 1.6161616161616161 1.1313131313131313 1.292929292929293 1.1919191919191918 1.6767676767676767 1.6161616161616161 2.0 1.6161616161616161 1.4141414141414141 1.8383838383838385 1.595959595959596 1.0909090909090908 1.2121212121212122 1.3737373737373737 1.9595959595959596 1.696969696969697 1.292929292929293 1.1111111111111112 0.9494949494949495 1.3737373737373737 1.4141414141414141 1.1111111111111112
85 280.0301761613221 1.3333333333333333 2.242424242424242 1.8484848484848484 1.8181818181818181 2.9393939393939394 1.303030303030303 2.909090909090909 2.8181818181818183 2.1515151515151514 1.9090909090909092 2.090909090909091 2.515151515151515 2.121212121212121 2.121212121212121 2.696969696969697 2.787878787878788 2.757575757575758 2.3333333333333335 2.4242424242424243 1.696969696969697 1.9393939393939394 1.7878787878787878 2.515151515151515 2.4242424242424243 3.0 2.4242424242424243 2.121212121212121 2.757575757575758 2.393939393939394 1.6363636363636365 1.8181818181818181 2.0606060606060606 2.9393939393939394 2.5454545454545454 1.9393939393939394 1.6666666666666667 1.4242424242424243 2.0606060606060606 2.121212121212121 1.6666666666666667
86 181.4992256802998 1.3333333333333333 2.242424242424242 1.8484848484848484 1.8181818181818181 2.9393939393939394 1.303030303030303 2.909090909090909 2.8181818181818183 2.1515151515151514 1.9090909090909092 2.090909090909091 2.515151515151515 2.121212121212121 2.121212121212121 2.696969696969697 2.787878787878788 2.757575757575758 2.3333333333333335 2.4242424242424243 1.696969696969697 1.9393939393939394 1.7878787878787878 2.515151515151515 2.4242424242424243 3.0 2.4242424242424243 2.121212121212121 2.757575757575758 2.393939393939394 1.6363636363636365 1.8181818181818181 2.0606060606060606 2.9393939393939394 2.5454545454545454 1.9393939393939394 1.6666666666666667 1.4242424242424243 2.0606060606060606 2.121212121212121 1.6666666666666667
87 57.16347218558401 0.8888888888888888 1.494949494949495 1.2323232323232323 1.2121212121212122 1.9595959595959596 0.8686868686868687 1.9393939393939394 1.878787878787879 1.4343434343434343 1.2727272727272727 1.393939393939394 1.6767676767676767 1.4141414141414141 1.4141414141414141 1.797979797979798 1.8585858585858586 1.8383838383838385 1.5555555555555556 1.6161616161616161 1.1313131313131313 1.292929292929293 1.1919191919191918 1.6767676767676767 1.6161616161616161 2.0 1.6161616161616161 1.4141414141414141 1.8383838383838385 1.595959595959596 1.0909090909090908 1.2121212121212122 1.3737373737373737 1.9595959595959596 1.696969696969697 1.292929292929293 1.1111111111111112 0.9494949494949495 1.3737373737373737 1.4141414141414141 1.1111111111111112
88 73.49098857803801 0.8888888888888888 1.494949494949495 1.2323232323232323 1.2121212121212122 1.9595959595959596 0.8686868686868687 1.9393939393939394 1.878787878787879 1.4343434343434343 1.2727272727272727 1.393939393939394 1.6767676767676767 1.4141414141414141 1.4141414141414141 1.797979797979798 1.8585858585858586 1.8383838383838385 1.5555555555555556 1.6161616161616161 1.1313131313131313 1.292929292929293 1.1919191919191918 1.6767676767676767 1.6161616161616161 2.0 1.6161616161616161 1.4141414141414141 1.8383838383838385 1.595959595959596 1.0909090909090908 1.2121212121212122 1.3737373737373737 1.9595959595959596 1.696969696969697 1.292929292929293 1.1111111111111112 0.9494949494949495 1.3737373737373737 1.4141414141414141 1.1111111111111112
89 27.224809296983214 1.3333333333333333 2.242424242424242 1.8484848484848484 1.8181818181818181 2.9393939393939394 1.303030303030303 2.909090909090909 2.8181818181818183 2.1515151515151514 1.9090909090909092 2.090909090909091 2.515151515151515 2.121212121212121 2.121212121212121 2.696969696969697 2.787878787878788 2.757575757575758 2.3333333333333335 2.4242424242424243 1.696969696969697 1.9393939393939394 1.7878787878787878 2.515151515151515 2.4242424242424243 3.0 2.4242424242424243 2.121212121212121 2.757575757575758 2.393939393939394 1.6363636363636365 1.8181818181818181 2.0606060606060606 2.9393939393939394 2.5454545454545454 1.9393939393939394 1.6666666666666667 1.4242424242424243 2.0606060606060606 2.121212121212121 1.6666666666666667
