10 10
TREE NETWORK (nID nID Weight):
5 0 59
6 0 51
7 5 53
4 7 39
3 5 43
9 4 35
8 6 53
1 7 35
2 1 39
PROGRAMS ASSIGNED TO NODES (nID pID1 pID2 ...):
0 1 2 3 4 5 6 7 8 9 10
1 2 8 10
2 1 5 6 7 8 9 10
3 7 9
4 1 2 4 6 7 10
5 5
6 1 2 3 5 6 7
7 2 4 5 7 8 10
8 2 3 8
SIZE OF PROGRAMS (pID SIZE):
1 64.0
2 41.0
3 45.0
4 82.0
5 59.0
6 54.0
7 71.0
8 68.0
9 61.0
10 51.0
COST TO INSTALL SERVERS AND PROGRAMS ON NODES (COST_TO_INSTALL_SERVER COST_TO_INSTALL_pID1 ...):
0 3180.487804878049 2.341463414634146 1.5 1.646341463414634 3.0 2.158536585365854 1.975609756097561 2.597560975609756 2.4878048780487805 2.231707317073171 1.8658536585365855
1 22.302586320906375 1.5609756097560976 1.0 1.0975609756097562 2.0 1.4390243902439024 1.3170731707317074 1.7317073170731707 1.6585365853658536 1.4878048780487805 1.2439024390243902
2 12.580756542097346 2.341463414634146 1.5 1.646341463414634 3.0 2.158536585365854 1.975609756097561 2.597560975609756 2.4878048780487805 2.231707317073171 1.8658536585365855
3 0.46186104194506544 2.341463414634146 1.5 1.646341463414634 3.0 2.158536585365854 1.975609756097561 2.597560975609756 2.4878048780487805 2.231707317073171 1.8658536585365855
4 6.5781282493275635 2.341463414634146 1.5 1.646341463414634 3.0 2.158536585365854 1.975609756097561 2.597560975609756 2.4878048780487805 2.231707317073171 1.8658536585365855
5 69.0 2.341463414634146 1.5 1.646341463414634 3.0 2.158536585365854 1.975609756097561 2.597560975609756 2.4878048780487805 2.231707317073171 1.8658536585365855
6 36.0 2.341463414634146 1.5 1.646341463414634 3.0 2.158536585365854 1.975609756097561 2.597560975609756 2.4878048780487805 2.231707317073171 1.8658536585365855
7 7.682420226664691 2.341463414634146 1.5 1.646341463414634 3.0 2.158536585365854 1.975609756097561 2.597560975609756 2.4878048780487805 2.231707317073171 1.8658536585365855
8 2.277629192496142 1.5609756097560976 1.0 1.0975609756097562 2.0 1.4390243902439024 1.3170731707317074 1.7317073170731707 1.6585365853658536 1.4878048780487805 1.2439024390243902
9 33.0 1.5609756097560976 1.0 1.0975609756097562 2.0 1.4390243902439024 1.3170731707317074 1.7317073170731707 1.6585365853658536 1.4878048780487805 1.2439024390243902
