50 20
TREE NETWORK (nID nID Weight):
41 0 49
47 41 53
45 0 49
48 45 46
25 0 31
20 41 45
22 41 32
11 45 34
5 11 40
39 20 58
24 11 35
17 48 33
8 47 56
33 25 47
10 25 47
4 20 56
38 48 45
19 33 46
30 48 52
26 11 56
44 22 59
29 48 35
32 26 50
40 5 39
21 10 57
42 40 33
35 32 57
13 30 49
34 11 55
9 38 49
28 41 39
23 20 49
46 39 55
14 23 56
15 33 56
27 34 53
49 29 43
2 38 54
36 26 54
1 22 37
37 24 54
7 40 57
3 49 59
31 2 39
12 24 32
43 0 58
16 4 33
6 22 31
18 21 41
PROGRAMS ASSIGNED TO NODES (nID pID1 pID2 ...):
0 1 2 3 4 5 6 7 8 9 10 11 12 13 14 15 16 17 18 19 20
1 1 4 5 6 8 9 10 12 13 14 15 17 18 19 20
2 19 20 5 10 14
3 16 2 3 4 5 8
4 1 2 3 4 5 8 9 10 12 13 14 15 16 17 18 19 20
5 16 18 19 20 5 6 7 8 10 13 14 15
6 1 3 4 6 7 10 11 12 13 14 16 17 19
7 5 9
8 1 3 19 20 5 8 9
9 2 3 4 6 7 9 11 12 13 14 15 16 17 18 20
10 16 17 1 18 2 3 4 20 6 7 11 12
11 1 2 3 4 5 6 7 8 10 12 13 14 15 16 17 20
13 1 2 3 5 6 8 9 10 11 12 13 14 15 16 17 18 19
14 1 2 3 4 5 6 7 8 9 10 12 14 15 16 17 19 20
15 2 4 11 13 14
16 3 4 5 6 7 8 9 10 11 12 13 14 15 16 17 18 19 20
17 19 4
18 1 2 3 4 5 6 7 8 9 10 11 12 13 15 16 17 18 19 20
19 2 15
20 1 2 3 4 5 6 7 8 9 10 12 13 14 15 17 18 19 20
21 1 2 3 4 5 6 7 8 9 10 11 12 13 14 15 16 17 18 19
22 1 7 11 13 14 15
23 1 2 3 4 5 6 7 8 13 14 16 17 18 20
24 16 1 2 19 20 7 13 14 15
25 1 2 3 4 5 6 7 8 9 10 11 12 13 15 16 17 18 19 20
26 16 19 4 5 6 11
27 1 2 4 5 6 7 8 9 10 11 12 13 14 15 16 17 18 19 20
28 2 3 4 5 7 8 9 10 11 12 13 14 15 16 17 19 20
29 16 18 2 19 6 9 10 11 12
31 1 18 3 20 4 8 9 10 11 13 14 15
32 2 19 5 7 8
33 1 2 3 7 8 9 10 12 14 16 17 19 20
34 1 2 3 5 6 7 9 10 12 13 14 15 16 17 18 19 20
35 16 18 7 8 9 10 12
36 3 5
37 17 1 2 19 3 20 5 10 13 14 15
38 1 2 3 4 5 6 7 8 10 11 12 13 14 15 16 19 20
39 1 2 18 3 19 4 5 8 9 13 14 15
40 1 17 4 5 6 9 11 12 13 14
41 16 3
42 17 18 4 8 9 12
43 1 3 4 5 6 7 9 10 11 12 13 14 15 16 17 18 19 20
45 17 2 18 4 20 6 9 11 12 13 14 15
46 3 4 5 7 8 12 13 14 15 16 17 18 20
47 17 1 18 19 3 5 11 12 14 15
48 16 17 2 3 19 6 7 8 10 13
49 2 19 20 8 9 11 14
SIZE OF PROGRAMS (pID SIZE):
1 96.0
2 71.0
3 41.0
4 96.0
5 80.0
6 44.0
7 96.0
8 61.0
9 53.0
10 76.0
11 51.0
12 68.0
13 66.0
14 43.0
15 43.0
16 55.0
17 87.0
18 56.0
19 40.0
20 78.0
COST TO INSTALL SERVERS AND PROGRAMS ON NODES (COST_TO_INSTALL_SERVER COST_TO_INSTALL_pID1 ...):
0 5065.625 3.0 2.21875 1.28125 3.0 2.5 1.375 3.0 1.90625 1.65625 2.375 1.59375 2.125 2.0625 1.34375 1.34375 1.71875 2.71875 1.75 1.25 2.4375
1 52.085617760617744 3.0 2.21875 1.28125 3.0 2.5 1.375 3.0 1.90625 1.65625 2.375 1.59375 2.125 2.0625 1.34375 1.34375 1.71875 2.71875 1.75 1.25 2.4375
2 13.63244109237898 3.0 2.21875 1.28125 3.0 2.5 1.375 3.0 1.90625 1.65625 2.375 1.59375 2.125 2.0625 1.34375 1.34375 1.71875 2.71875 1.75 1.25 2.4375
3 10.918951078606282 2.0 1.4791666666666667 0.8541666666666666 2.0 1.6666666666666667 0.9166666666666666 2.0 1.2708333333333333 1.1041666666666667 1.5833333333333333 1.0625 1.4166666666666667 1.375 0.8958333333333334 0.8958333333333334 1.1458333333333333 1.8125 1.1666666666666667 0.8333333333333334 1.625
4 32.67373488284202 2.0 1.4791666666666667 0.8541666666666666 2.0 1.6666666666666667 0.9166666666666666 2.0 1.2708333333333333 1.1041666666666667 1.5833333333333333 1.0625 1.4166666666666667 1.375 0.8958333333333334 0.8958333333333334 1.1458333333333333 1.8125 1.1666666666666667 0.8333333333333334 1.625
5 36.149139629536 2.0 1.4791666666666667 0.8541666666666666 2.0 1.6666666666666667 0.9166666666666666 2.0 1.2708333333333333 1.1041666666666667 1.5833333333333333 1.0625 1.4166666666666667 1.375 0.8958333333333334 0.8958333333333334 1.1458333333333333 1.8125 1.1666666666666667 0.8333333333333334 1.625
6 55.5809273017963 3.0 2.21875 1.28125 3.0 2.5 1.375 3.0 1.90625 1.65625 2.375 1.59375 2.125 2.0625 1.34375 1.34375 1.71875 2.71875 1.75 1.25 2.4375
7 7.30764710371328 3.0 2.21875 1.28125 3.0 2.5 1.375 3.0 1.90625 1.65625 2.375 1.59375 2.125 2.0625 1.34375 1.34375 1.71875 2.71875 1.75 1.25 2.4375
8 12.202649090296498 3.0 2.21875 1.28125 3.0 2.5 1.375 3.0 1.90625 1.65625 2.375 1.59375 2.125 2.0625 1.34375 1.34375 1.71875 2.71875 1.75 1.25 2.4375
9 40.595391895888774 3.0 2.21875 1.28125 3.0 2.5 1.375 3.0 1.90625 1.65625 2.375 1.59375 2.125 2.0625 1.34375 1.34375 1.71875 2.71875 1.75 1.25 2.4375
10 33.54828261349154 3.0 2.21875 1.28125 3.0 2.5 1.375 3.0 1.90625 1.65625 2.375 1.59375 2.125 2.0625 1.34375 1.34375 1.71875 2.71875 1.75 1.25 2.4375
11 25.679776315288034 2.0 1.4791666666666667 0.8541666666666666 2.0 1.6666666666666667 0.9166666666666666 2.0 1.2708333333333333 1.1041666666666667 1.5833333333333333 1.0625 1.4166666666666667 1.375 0.8958333333333334 0.8958333333333334 1.1458333333333333 1.8125 1.1666666666666667 0.8333333333333334 1.625
12 28.0 3.0 2.21875 1.28125 3.0 2.5 1.375 3.0 1.90625 1.65625 2.375 1.59375 2.125 2.0625 1.34375 1.34375 1.71875 2.71875 1.75 1.25 2.4375
13 25.83522226709338 2.0 1.4791666666666667 0.8541666666666666 2.0 1.6666666666666667 0.9166666666666666 2.0 1.2708333333333333 1.1041666666666667 1.5833333333333333 1.0625 1.4166666666666667 1.375 0.8958333333333334 0.8958333333333334 1.1458333333333333 1.8125 1.1666666666666667 0.8333333333333334 1.625
14 57.24479213907779 3.0 2.21875 1.28125 3.0 2.5 1.375 3.0 1.90625 1.65625 2.375 1.59375 2.125 2.0625 1.34375 1.34375 1.71875 2.71875 1.75 1.25 2.4375
15 18.736968902179953 2.0 1.4791666666666667 0.8541666666666666 2.0 1.6666666666666667 0.9166666666666666 2.0 1.2708333333333333 1.1041666666666667 1.5833333333333333 1.0625 1.4166666666666667 1.375 0.8958333333333334 0.8958333333333334 1.1458333333333333 1.8125 1.1666666666666667 0.8333333333333334 1.625
16 69.72820745044427 2.0 1.4791666666666667 0.8541666666666666 2.0 1.6666666666666667 0.9166666666666666 2.0 1.2708333333333333 1.1041666666666667 1.5833333333333333 1.0625 1.4166666666666667 1.375 0.8958333333333334 0.8958333333333334 1.1458333333333333 1.8125 1.1666666666666667 0.8333333333333334 1.625
17 3.548721240801986 3.0 2.21875 1.28125 3.0 2.5 1.375 3.0 1.90625 1.65625 2.375 1.59375 2.125 2.0625 1.34375 1.34375 1.71875 2.71875 1.75 1.25 2.4375
18 51.64025434844666 2.0 1.4791666666666667 0.8541666666666666 2.0 1.6666666666666667 0.9166666666666666 2.0 1.2708333333333333 1.1041666666666667 1.5833333333333333 1.0625 1.4166666666666667 1.375 0.8958333333333334 0.8958333333333334 1.1458333333333333 1.8125 1.1666666666666667 0.8333333333333334 1.625
19 3.1785176882217785 3.0 2.21875 1.28125 3.0 2.5 1.375 3.0 1.90625 1.65625 2.375 1.59375 2.125 2.0625 1.34375 1.34375 1.71875 2.71875 1.75 1.25 2.4375
20 18.542603997948397 3.0 2.21875 1.28125 3.0 2.5 1.375 3.0 1.90625 1.65625 2.375 1.59375 2.125 2.0625 1.34375 1.34375 1.71875 2.71875 1.75 1.25 2.4375
21 27.882429511994925 3.0 2.21875 1.28125 3.0 2.5 1.375 3.0 1.90625 1.65625 2.375 1.59375 2.125 2.0625 1.34375 1.34375 1.71875 2.71875 1.75 1.25 2.4375
22 27.6122448979592 3.0 2.21875 1.28125 3.0 2.5 1.375 3.0 1.90625 1.65625 2.375 1.59375 2.125 2.0625 1.34375 1.34375 1.71875 2.71875 1.75 1.25 2.4375
23 39.73568594104307 3.0 2.21875 1.28125 3.0 2.5 1.375 3.0 1.90625 1.65625 2.375 1.59375 2.125 2.0625 1.34375 1.34375 1.71875 2.71875 1.75 1.25 2.4375
24 29.949577259475202 3.0 2.21875 1.28125 3.0 2.5 1.375 3.0 1.90625 1.65625 2.375 1.59375 2.125 2.0625 1.34375 1.34375 1.71875 2.71875 1.75 1.25 2.4375
25 1.64248751920123 3.0 2.21875 1.28125 3.0 2.5 1.375 3.0 1.90625 1.65625 2.375 1.59375 2.125 2.0625 1.34375 1.34375 1.71875 2.71875 1.75 1.25 2.4375
26 35.58196278511406 3.0 2.21875 1.28125 3.0 2.5 1.375 3.0 1.90625 1.65625 2.375 1.59375 2.125 2.0625 1.34375 1.34375 1.71875 2.71875 1.75 1.25 2.4375
27 52.560588793836544 3.0 2.21875 1.28125 3.0 2.5 1.375 3.0 1.90625 1.65625 2.375 1.59375 2.125 2.0625 1.34375 1.34375 1.71875 2.71875 1.75 1.25 2.4375
28 4.9059311224489806 3.0 2.21875 1.28125 3.0 2.5 1.375 3.0 1.90625 1.65625 2.375 1.59375 2.125 2.0625 1.34375 1.34375 1.71875 2.71875 1.75 1.25 2.4375
29 53.51579811816032 2.0 1.4791666666666667 0.8541666666666666 2.0 1.6666666666666667 0.9166666666666666 2.0 1.2708333333333333 1.1041666666666667 1.5833333333333333 1.0625 1.4166666666666667 1.375 0.8958333333333334 0.8958333333333334 1.1458333333333333 1.8125 1.1666666666666667 0.8333333333333334 1.625
30 28.300963292228815 3.0 2.21875 1.28125 3.0 2.5 1.375 3.0 1.90625 1.65625 2.375 1.59375 2.125 2.0625 1.34375 1.34375 1.71875 2.71875 1.75 1.25 2.4375
31 53.76244764463829 3.0 2.21875 1.28125 3.0 2.5 1.375 3.0 1.90625 1.65625 2.375 1.59375 2.125 2.0625 1.34375 1.34375 1.71875 2.71875 1.75 1.25 2.4375
32 37.07275215540763 2.0 1.4791666666666667 0.8541666666666666 2.0 1.6666666666666667 0.9166666666666666 2.0 1.2708333333333333 1.1041666666666667 1.5833333333333333 1.0625 1.4166666666666667 1.375 0.8958333333333334 0.8958333333333334 1.1458333333333333 1.8125 1.1666666666666667 0.8333333333333334 1.625
33 31.087596278502257 3.0 2.21875 1.28125 3.0 2.5 1.375 3.0 1.90625 1.65625 2.375 1.59375 2.125 2.0625 1.34375 1.34375 1.71875 2.71875 1.75 1.25 2.4375
34 41.787395362907056 2.0 1.4791666666666667 0.8541666666666666 2.0 1.6666666666666667 0.9166666666666666 2.0 1.2708333333333333 1.1041666666666667 1.5833333333333333 1.0625 1.4166666666666667 1.375 0.8958333333333334 0.8958333333333334 1.1458333333333333 1.8125 1.1666666666666667 0.8333333333333334 1.625
35 36.11630680561701 3.0 2.21875 1.28125 3.0 2.5 1.375 3.0 1.90625 1.65625 2.375 1.59375 2.125 2.0625 1.34375 1.34375 1.71875 2.71875 1.75 1.25 2.4375
36 1.9945248932906496 3.0 2.21875 1.28125 3.0 2.5 1.375 3.0 1.90625 1.65625 2.375 1.59375 2.125 2.0625 1.34375 1.34375 1.71875 2.71875 1.75 1.25 2.4375
37 29.982487615416535 3.0 2.21875 1.28125 3.0 2.5 1.375 3.0 1.90625 1.65625 2.375 1.59375 2.125 2.0625 1.34375 1.34375 1.71875 2.71875 1.75 1.25 2.4375
38 53.963204412027046 3.0 2.21875 1.28125 3.0 2.5 1.375 3.0 1.90625 1.65625 2.375 1.59375 2.125 2.0625 1.34375 1.34375 1.71875 2.71875 1.75 1.25 2.4375
39 38.451750907898266 3.0 2.21875 1.28125 3.0 2.5 1.375 3.0 1.90625 1.65625 2.375 1.59375 2.125 2.0625 1.34375 1.34375 1.71875 2.71875 1.75 1.25 2.4375
40 43.665949400470225 2.0 1.4791666666666667 0.8541666666666666 2.0 1.6666666666666667 0.9166666666666666 2.0 1.2708333333333333 1.1041666666666667 1.5833333333333333 1.0625 1.4166666666666667 1.375 0.8958333333333334 0.8958333333333334 1.1458333333333333 1.8125 1.1666666666666667 0.8333333333333334 1.625
41 26.0 2.0 1.4791666666666667 0.8541666666666666 2.0 1.6666666666666667 0.9166666666666666 2.0 1.2708333333333333 1.1041666666666667 1.5833333333333333 1.0625 1.4166666666666667 1.375 0.8958333333333334 0.8958333333333334 1.1458333333333333 1.8125 1.1666666666666667 0.8333333333333334 1.625
42 24.538726805157633 3.0 2.21875 1.28125 3.0 2.5 1.375 3.0 1.90625 1.65625 2.375 1.59375 2.125 2.0625 1.34375 1.34375 1.71875 2.71875 1.75 1.25 2.4375
43 55.0 3.0 2.21875 1.28125 3.0 2.5 1.375 3.0 1.90625 1.65625 2.375 1.59375 2.125 2.0625 1.34375 1.34375 1.71875 2.71875 1.75 1.25 2.4375
44 17.0 2.0 1.4791666666666667 0.8541666666666666 2.0 1.6666666666666667 0.9166666666666666 2.0 1.2708333333333333 1.1041666666666667 1.5833333333333333 1.0625 1.4166666666666667 1.375 0.8958333333333334 0.8958333333333334 1.1458333333333333 1.8125 1.1666666666666667 0.8333333333333334 1.625
45 17.534736394557818 2.0 1.4791666666666667 0.8541666666666666 2.0 1.6666666666666667 0.9166666666666666 2.0 1.2708333333333333 1.1041666666666667 1.5833333333333333 1.0625 1.4166666666666667 1.375 0.8958333333333334 0.8958333333333334 1.1458333333333333 1.8125 1.1666666666666667 0.8333333333333334 1.625
46 61.16027255057866 2.0 1.4791666666666667 0.8541666666666666 2.0 1.6666666666666667 0.9166666666666666 2.0 1.2708333333333333 1.1041666666666667 1.5833333333333333 1.0625 1.4166666666666667 1.375 0.8958333333333334 0.8958333333333334 1.1458333333333333 1.8125 1.1666666666666667 0.8333333333333334 1.625
47 3.2897787282028723 3.0 2.21875 1.28125 3.0 2.5 1.375 3.0 1.90625 1.65625 2.375 1.59375 2.125 2.0625 1.34375 1.34375 1.71875 2.71875 1.75 1.25 2.4375
48 11.679459928381297 3.0 2.21875 1.28125 3.0 2.5 1.375 3.0 1.90625 1.65625 2.375 1.59375 2.125 2.0625 1.34375 1.34375 1.71875 2.71875 1.75 1.25 2.4375
49 51.05463626034337 3.0 2.21875 1.28125 3.0 2.5 1.375 3.0 1.90625 1.65625 2.375 1.59375 2.125 2.0625 1.34375 1.34375 1.71875 2.71875 1.75 1.25 2.4375
