30 20
TREE NETWORK (nID nID Weight):
21 0 56
6 0 45
19 21 33
17 0 43
3 21 30
28 3 47
7 17 59
23 3 57
16 3 53
26 3 56
11 26 43
9 7 39
15 6 56
25 3 33
27 7 35
20 9 57
22 25 43
1 0 56
10 15 32
13 21 47
8 6 55
5 25 49
18 23 55
2 5 37
12 15 38
29 16 49
14 21 57
24 7 57
4 29 49
PROGRAMS ASSIGNED TO NODES (nID pID1 pID2 ...):
0 1 2 3 4 5 6 7 8 9 10 11 12 13 14 15 16 17 18 19 20
1 16 8 9 10 11
2 13
3 1 3 20 4 13 14
4 1 2 3 5 6 7 8 9 10 13 15 16 17 18
5 1 2 3 4 5 6 7 8 9 10 11 12 13 14 16 17 18 19
6 1 17 2 5 8 9 12 14
7 2 10
8 2 3 4 5 7 8 9 10 11 14 15 16 20
9 1 2 3 4 5 7 8 9 10 11 12 13 14 15 17 18 20
10 20 5 6 7 8 9 11 12 13 14 15
11 6 8
12 16 17 2 4 5 8 9 10 11 15
13 16 11 15
14 3 4 5 7 8 9 10 11 12 13 14 15 16 17 18 19 20
15 17 1 2 18 19 5 7 11 12 14 15
16 1 4 5 6 7 8 9 10 11 12 13 14 15 17 18 19
17 1 2 3 4 5 6 7 8 9 10 11 12 13 14 15 16 18 19 20
18 17 18 2 19 3 20 4 6 8 11 13 14
19 16 17 1 3 20 7 9 10 11 13 14 15
20 1 2 4 5 6 7 8 9 11 12 13 15 16 17 19
21 1 17 19 4 9 15
22 1 18 2 3 6 9 12 14 15
23 1 2 5 6 7 8 9 10 11 12 14 17 20
24 6 7
25 1 2 3 4 5 6 7 8 9 10 12 13 14 15 16 17 18 19
26 1 2 4 5 6 7 8 10 11 13 14 15 17 18 20
27 1 3 19 10 11
28 17 18 3 19 4 7 9 10 11 12 13
29 1 2 3 4 5 6 7 8 10 12 14 15 17 19 20
SIZE OF PROGRAMS (pID SIZE):
1 57.0
2 83.0
3 70.0
4 69.0
5 87.0
6 51.0
7 85.0
8 44.0
9 91.0
10 64.0
11 64.0
12 55.0
13 41.0
14 89.0
15 82.0
16 79.0
17 70.0
18 48.0
19 60.0
20 49.0
COST TO INSTALL SERVERS AND PROGRAMS ON NODES (COST_TO_INSTALL_SERVER COST_TO_INSTALL_pID1 ...):
0 3940.659340659341 1.2527472527472527 1.8241758241758241 1.5384615384615385 1.5164835164835164 1.9120879120879122 1.120879120879121 1.8681318681318682 0.967032967032967 2.0 1.4065934065934067 1.4065934065934067 1.2087912087912087 0.9010989010989011 1.956043956043956 1.8021978021978022 1.7362637362637363 1.5384615384615385 1.054945054945055 1.3186813186813187 1.0769230769230769
1 48.0 1.879120879120879 2.7362637362637363 2.3076923076923075 2.2747252747252746 2.868131868131868 1.6813186813186813 2.802197802197802 1.4505494505494505 3.0 2.10989010989011 2.10989010989011 1.8131868131868132 1.3516483516483517 2.934065934065934 2.7032967032967035 2.6043956043956045 2.3076923076923075 1.5824175824175823 1.978021978021978 1.6153846153846154
2 1.1803284649713222 1.879120879120879 2.7362637362637363 2.3076923076923075 2.2747252747252746 2.868131868131868 1.6813186813186813 2.802197802197802 1.4505494505494505 3.0 2.10989010989011 2.10989010989011 1.8131868131868132 1.3516483516483517 2.934065934065934 2.7032967032967035 2.6043956043956045 2.3076923076923075 1.5824175824175823 1.978021978021978 1.6153846153846154
3 24.7546336996337 1.2527472527472527 1.8241758241758241 1.5384615384615385 1.5164835164835164 1.9120879120879122 1.120879120879121 1.8681318681318682 0.967032967032967 2.0 1.4065934065934067 1.4065934065934067 1.2087912087912087 0.9010989010989011 1.956043956043956 1.8021978021978022 1.7362637362637363 1.5384615384615385 1.054945054945055 1.3186813186813187 1.0769230769230769
4 71.69585412491074 1.879120879120879 2.7362637362637363 2.3076923076923075 2.2747252747252746 2.868131868131868 1.6813186813186813 2.802197802197802 1.4505494505494505 3.0 2.10989010989011 2.10989010989011 1.8131868131868132 1.3516483516483517 2.934065934065934 2.7032967032967035 2.6043956043956045 2.3076923076923075 1.5824175824175823 1.978021978021978 1.6153846153846154
5 49.24937241330099 1.2527472527472527 1.8241758241758241 1.5384615384615385 1.5164835164835164 1.9120879120879122 1.120879120879121 1.8681318681318682 0.967032967032967 2.0 1.4065934065934067 1.4065934065934067 1.2087912087912087 0.9010989010989011 1.956043956043956 1.8021978021978022 1.7362637362637363 1.5384615384615385 1.054945054945055 1.3186813186813187 1.0769230769230769
6 10.0 1.879120879120879 2.7362637362637363 2.3076923076923075 2.2747252747252746 2.868131868131868 1.6813186813186813 2.802197802197802 1.4505494505494505 3.0 2.10989010989011 2.10989010989011 1.8131868131868132 1.3516483516483517 2.934065934065934 2.7032967032967035 2.6043956043956045 2.3076923076923075 1.5824175824175823 1.978021978021978 1.6153846153846154
7 5.672265107492328 1.879120879120879 2.7362637362637363 2.3076923076923075 2.2747252747252746 2.868131868131868 1.6813186813186813 2.802197802197802 1.4505494505494505 3.0 2.10989010989011 2.10989010989011 1.8131868131868132 1.3516483516483517 2.934065934065934 2.7032967032967035 2.6043956043956045 2.3076923076923075 1.5824175824175823 1.978021978021978 1.6153846153846154
8 6.195664652807506 1.879120879120879 2.7362637362637363 2.3076923076923075 2.2747252747252746 2.868131868131868 1.6813186813186813 2.802197802197802 1.4505494505494505 3.0 2.10989010989011 2.10989010989011 1.8131868131868132 1.3516483516483517 2.934065934065934 2.7032967032967035 2.6043956043956045 2.3076923076923075 1.5824175824175823 1.978021978021978 1.6153846153846154
9 52.99994278297109 1.879120879120879 2.7362637362637363 2.3076923076923075 2.2747252747252746 2.868131868131868 1.6813186813186813 2.802197802197802 1.4505494505494505 3.0 2.10989010989011 2.10989010989011 1.8131868131868132 1.3516483516483517 2.934065934065934 2.7032967032967035 2.6043956043956045 2.3076923076923075 1.5824175824175823 1.978021978021978 1.6153846153846154
10 25.008404304029288 1.879120879120879 2.7362637362637363 2.3076923076923075 2.2747252747252746 2.868131868131868 1.6813186813186813 2.802197802197802 1.4505494505494505 3.0 2.10989010989011 2.10989010989011 1.8131868131868132 1.3516483516483517 2.934065934065934 2.7032967032967035 2.6043956043956045 2.3076923076923075 1.5824175824175823 1.978021978021978 1.6153846153846154
11 6.45821691228668 1.2527472527472527 1.8241758241758241 1.5384615384615385 1.5164835164835164 1.9120879120879122 1.120879120879121 1.8681318681318682 0.967032967032967 2.0 1.4065934065934067 1.4065934065934067 1.2087912087912087 0.9010989010989011 1.956043956043956 1.8021978021978022 1.7362637362637363 1.5384615384615385 1.054945054945055 1.3186813186813187 1.0769230769230769
12 9.578372402451345 1.879120879120879 2.7362637362637363 2.3076923076923075 2.2747252747252746 2.868131868131868 1.6813186813186813 2.802197802197802 1.4505494505494505 3.0 2.10989010989011 2.10989010989011 1.8131868131868132 1.3516483516483517 2.934065934065934 2.7032967032967035 2.6043956043956045 2.3076923076923075 1.5824175824175823 1.978021978021978 1.6153846153846154
13 1.1100070142623324 1.879120879120879 2.7362637362637363 2.3076923076923075 2.2747252747252746 2.868131868131868 1.6813186813186813 2.802197802197802 1.4505494505494505 3.0 2.10989010989011 2.10989010989011 1.8131868131868132 1.3516483516483517 2.934065934065934 2.7032967032967035 2.6043956043956045 2.3076923076923075 1.5824175824175823 1.978021978021978 1.6153846153846154
14 8.895558340295176 1.2527472527472527 1.8241758241758241 1.5384615384615385 1.5164835164835164 1.9120879120879122 1.120879120879121 1.8681318681318682 0.967032967032967 2.0 1.4065934065934067 1.4065934065934067 1.2087912087912087 0.9010989010989011 1.956043956043956 1.8021978021978022 1.7362637362637363 1.5384615384615385 1.054945054945055 1.3186813186813187 1.0769230769230769
15 10.328626373626372 1.2527472527472527 1.8241758241758241 1.5384615384615385 1.5164835164835164 1.9120879120879122 1.120879120879121 1.8681318681318682 0.967032967032967 2.0 1.4065934065934067 1.4065934065934067 1.2087912087912087 0.9010989010989011 1.956043956043956 1.8021978021978022 1.7362637362637363 1.5384615384615385 1.054945054945055 1.3186813186813187 1.0769230769230769
16 59.79022506244881 1.879120879120879 2.7362637362637363 2.3076923076923075 2.2747252747252746 2.868131868131868 1.6813186813186813 2.802197802197802 1.4505494505494505 3.0 2.10989010989011 2.10989010989011 1.8131868131868132 1.3516483516483517 2.934065934065934 2.7032967032967035 2.6043956043956045 2.3076923076923075 1.5824175824175823 1.978021978021978 1.6153846153846154
17 1.9783505531013792 1.2527472527472527 1.8241758241758241 1.5384615384615385 1.5164835164835164 1.9120879120879122 1.120879120879121 1.8681318681318682 0.967032967032967 2.0 1.4065934065934067 1.4065934065934067 1.2087912087912087 0.9010989010989011 1.956043956043956 1.8021978021978022 1.7362637362637363 1.5384615384615385 1.054945054945055 1.3186813186813187 1.0769230769230769
18 33.382886121975176 1.879120879120879 2.7362637362637363 2.3076923076923075 2.2747252747252746 2.868131868131868 1.6813186813186813 2.802197802197802 1.4505494505494505 3.0 2.10989010989011 2.10989010989011 1.8131868131868132 1.3516483516483517 2.934065934065934 2.7032967032967035 2.6043956043956045 2.3076923076923075 1.5824175824175823 1.978021978021978 1.6153846153846154
19 26.931162107123647 1.2527472527472527 1.8241758241758241 1.5384615384615385 1.5164835164835164 1.9120879120879122 1.120879120879121 1.8681318681318682 0.967032967032967 2.0 1.4065934065934067 1.4065934065934067 1.2087912087912087 0.9010989010989011 1.956043956043956 1.8021978021978022 1.7362637362637363 1.5384615384615385 1.054945054945055 1.3186813186813187 1.0769230769230769
20 30.4771558379591 1.2527472527472527 1.8241758241758241 1.5384615384615385 1.5164835164835164 1.9120879120879122 1.120879120879121 1.8681318681318682 0.967032967032967 2.0 1.4065934065934067 1.4065934065934067 1.2087912087912087 0.9010989010989011 1.956043956043956 1.8021978021978022 1.7362637362637363 1.5384615384615385 1.054945054945055 1.3186813186813187 1.0769230769230769
21 1.636616954474107 1.879120879120879 2.7362637362637363 2.3076923076923075 2.2747252747252746 2.868131868131868 1.6813186813186813 2.802197802197802 1.4505494505494505 3.0 2.10989010989011 2.10989010989011 1.8131868131868132 1.3516483516483517 2.934065934065934 2.7032967032967035 2.6043956043956045 2.3076923076923075 1.5824175824175823 1.978021978021978 1.6153846153846154
22 35.94856956996491 1.879120879120879 2.7362637362637363 2.3076923076923075 2.2747252747252746 2.868131868131868 1.6813186813186813 2.802197802197802 1.4505494505494505 3.0 2.10989010989011 2.10989010989011 1.8131868131868132 1.3516483516483517 2.934065934065934 2.7032967032967035 2.6043956043956045 2.3076923076923075 1.5824175824175823 1.978021978021978 1.6153846153846154
23 65.74897463801204 1.2527472527472527 1.8241758241758241 1.5384615384615385 1.5164835164835164 1.9120879120879122 1.120879120879121 1.8681318681318682 0.967032967032967 2.0 1.4065934065934067 1.4065934065934067 1.2087912087912087 0.9010989010989011 1.956043956043956 1.8021978021978022 1.7362637362637363 1.5384615384615385 1.054945054945055 1.3186813186813187 1.0769230769230769
24 1.0110971616604045 1.879120879120879 2.7362637362637363 2.3076923076923075 2.2747252747252746 2.868131868131868 1.6813186813186813 2.802197802197802 1.4505494505494505 3.0 2.10989010989011 2.10989010989011 1.8131868131868132 1.3516483516483517 2.934065934065934 2.7032967032967035 2.6043956043956045 2.3076923076923075 1.5824175824175823 1.978021978021978 1.6153846153846154
25 40.65790584415584 1.879120879120879 2.7362637362637363 2.3076923076923075 2.2747252747252746 2.868131868131868 1.6813186813186813 2.802197802197802 1.4505494505494505 3.0 2.10989010989011 2.10989010989011 1.8131868131868132 1.3516483516483517 2.934065934065934 2.7032967032967035 2.6043956043956045 2.3076923076923075 1.5824175824175823 1.978021978021978 1.6153846153846154
26 28.340016025641027 1.2527472527472527 1.8241758241758241 1.5384615384615385 1.5164835164835164 1.9120879120879122 1.120879120879121 1.8681318681318682 0.967032967032967 2.0 1.4065934065934067 1.4065934065934067 1.2087912087912087 0.9010989010989011 1.956043956043956 1.8021978021978022 1.7362637362637363 1.5384615384615385 1.054945054945055 1.3186813186813187 1.0769230769230769
27 3.3839847184742733 1.879120879120879 2.7362637362637363 2.3076923076923075 2.2747252747252746 2.868131868131868 1.6813186813186813 2.802197802197802 1.4505494505494505 3.0 2.10989010989011 2.10989010989011 1.8131868131868132 1.3516483516483517 2.934065934065934 2.7032967032967035 2.6043956043956045 2.3076923076923075 1.5824175824175823 1.978021978021978 1.6153846153846154
28 25.017349680461383 1.879120879120879 2.7362637362637363 2.3076923076923075 2.2747252747252746 2.868131868131868 1.6813186813186813 2.802197802197802 1.4505494505494505 3.0 2.10989010989011 2.10989010989011 1.8131868131868132 1.3516483516483517 2.934065934065934 2.7032967032967035 2.6043956043956045 2.3076923076923075 1.5824175824175823 1.978021978021978 1.6153846153846154
29 29.301761006289315 1.879120879120879 2.7362637362637363 2.3076923076923075 2.2747252747252746 2.868131868131868 1.6813186813186813 2.802197802197802 1.4505494505494505 3.0 2.10989010989011 2.10989010989011 1.8131868131868132 1.3516483516483517 2.934065934065934 2.7032967032967035 2.6043956043956045 2.3076923076923075 1.5824175824175823 1.978021978021978 1.6153846153846154
