10 50
TREE NETWORK (nID nID Weight):
4 0 48
8 4 31
7 4 47
3 7 58
1 0 50
5 4 52
2 5 41
6 5 48
9 6 58
PROGRAMS ASSIGNED TO NODES (nID pID1 pID2 ...):
0 1 2 3 4 5 6 7 8 9 10 11 12 13 14 15 16 17 18 19 20 21 22 23 24 25 26 27 28 29 30 31 32 33 34 35 36 37 38 39 40 41 42 43 44 45 46 47 48 49 50
1 1 2 3 4 5 6 7 9 11 12 13 14 16 17 18 19 20 21 22 23 24 25 26 27 29 30 31 32 33 34 35 37 38 39 40 42 43 44 45 46 47 48 49
2 2 4 6 11 13 14 15 16 19 21 22 24 26 30 32 33 37 39 40 41 42 43 47 48 50
3 5 6 27 28 29 14
4 19 21 39 24 26 12 29 45 13 15
5 1 3 5 6 9 13 14 15 18 19 21 22 23 25 27 29 31 32 33 34 35 37 38 41 42 45 47
6 2 6 40 41 42 13 16 50 21 22 26 29 31
7 2 34 3 37 6 39 41 43 12 13 45 47 17 49 18 20 25 27 29
8 1 2 3 4 6 7 8 10 11 13 14 15 17 21 24 25 26 27 31 32 36 37 39 40 43 45 46 47 49 50
9 16 48 2 3 20 38 25 42 43 27 13
SIZE OF PROGRAMS (pID SIZE):
1 93.0
2 41.0
3 78.0
4 99.0
5 90.0
6 74.0
7 75.0
8 87.0
9 52.0
10 88.0
11 65.0
12 88.0
13 95.0
14 79.0
15 96.0
16 72.0
17 46.0
18 73.0
19 42.0
20 71.0
21 87.0
22 45.0
23 76.0
24 53.0
25 47.0
26 74.0
27 81.0
28 56.0
29 41.0
30 98.0
31 82.0
32 81.0
33 86.0
34 82.0
35 66.0
36 65.0
37 71.0
38 54.0
39 58.0
40 63.0
41 86.0
42 98.0
43 86.0
44 41.0
45 52.0
46 68.0
47 54.0
48 45.0
49 84.0
50 97.0
COST TO INSTALL SERVERS AND PROGRAMS ON NODES (COST_TO_INSTALL_SERVER COST_TO_INSTALL_pID1 ...):
0 11851.515151515152 2.8181818181818183 1.2424242424242424 2.3636363636363638 3.0 2.727272727272727 2.242424242424242 2.272727272727273 2.6363636363636362 1.5757575757575757 2.6666666666666665 1.9696969696969697 2.6666666666666665 2.878787878787879 2.393939393939394 2.909090909090909 2.1818181818181817 1.393939393939394 2.212121212121212 1.2727272727272727 2.1515151515151514 2.6363636363636362 1.3636363636363635 2.303030303030303 1.606060606060606 1.4242424242424243 2.242424242424242 2.4545454545454546 1.696969696969697 1.2424242424242424 2.9696969696969697 2.484848484848485 2.4545454545454546 2.606060606060606 2.484848484848485 2.0 1.9696969696969697 2.1515151515151514 1.6363636363636365 1.7575757575757576 1.9090909090909092 2.606060606060606 2.9696969696969697 2.606060606060606 1.2424242424242424 1.5757575757575757 2.0606060606060606 1.6363636363636365 1.3636363636363635 2.5454545454545454 2.9393939393939394
1 40.0 2.8181818181818183 1.2424242424242424 2.3636363636363638 3.0 2.727272727272727 2.242424242424242 2.272727272727273 2.6363636363636362 1.5757575757575757 2.6666666666666665 1.9696969696969697 2.6666666666666665 2.878787878787879 2.393939393939394 2.909090909090909 2.1818181818181817 1.393939393939394 2.212121212121212 1.2727272727272727 2.1515151515151514 2.6363636363636362 1.3636363636363635 2.303030303030303 1.606060606060606 1.4242424242424243 2.242424242424242 2.4545454545454546 1.696969696969697 1.2424242424242424 2.9696969696969697 2.484848484848485 2.4545454545454546 2.606060606060606 2.484848484848485 2.0 1.9696969696969697 2.1515151515151514 1.6363636363636365 1.7575757575757576 1.9090909090909092 2.606060606060606 2.9696969696969697 2.606060606060606 1.2424242424242424 1.5757575757575757 2.0606060606060606 1.6363636363636365 1.3636363636363635 2.5454545454545454 2.9393939393939394
2 74.64164201183438 2.8181818181818183 1.2424242424242424 2.3636363636363638 3.0 2.727272727272727 2.242424242424242 2.272727272727273 2.6363636363636362 1.5757575757575757 2.6666666666666665 1.9696969696969697 2.6666666666666665 2.878787878787879 2.393939393939394 2.909090909090909 2.1818181818181817 1.393939393939394 2.212121212121212 1.2727272727272727 2.1515151515151514 2.6363636363636362 1.3636363636363635 2.303030303030303 1.606060606060606 1.4242424242424243 2.242424242424242 2.4545454545454546 1.696969696969697 1.2424242424242424 2.9696969696969697 2.484848484848485 2.4545454545454546 2.606060606060606 2.484848484848485 2.0 1.9696969696969697 2.1515151515151514 1.6363636363636365 1.7575757575757576 1.9090909090909092 2.606060606060606 2.9696969696969697 2.606060606060606 1.2424242424242424 1.5757575757575757 2.0606060606060606 1.6363636363636365 1.3636363636363635 2.5454545454545454 2.9393939393939394
3 7.299105144570111 1.878787878787879 0.8282828282828283 1.5757575757575757 2.0 1.8181818181818181 1.494949494949495 1.5151515151515151 1.7575757575757576 1.0505050505050506 1.7777777777777777 1.3131313131313131 1.7777777777777777 1.9191919191919191 1.595959595959596 1.9393939393939394 1.4545454545454546 0.9292929292929293 1.4747474747474747 0.8484848484848485 1.4343434343434343 1.7575757575757576 0.9090909090909091 1.5353535353535352 1.0707070707070707 0.9494949494949495 1.494949494949495 1.6363636363636365 1.1313131313131313 0.8282828282828283 1.97979797979798 1.6565656565656566 1.6363636363636365 1.7373737373737375 1.6565656565656566 1.3333333333333333 1.3131313131313131 1.4343434343434343 1.0909090909090908 1.1717171717171717 1.2727272727272727 1.7373737373737375 1.97979797979798 1.7373737373737375 0.8282828282828283 1.0505050505050506 1.3737373737373737 1.0909090909090908 0.9090909090909091 1.696969696969697 1.9595959595959596
4 2.100757575757562 1.878787878787879 0.8282828282828283 1.5757575757575757 2.0 1.8181818181818181 1.494949494949495 1.5151515151515151 1.7575757575757576 1.0505050505050506 1.7777777777777777 1.3131313131313131 1.7777777777777777 1.9191919191919191 1.595959595959596 1.9393939393939394 1.4545454545454546 0.9292929292929293 1.4747474747474747 0.8484848484848485 1.4343434343434343 1.7575757575757576 0.9090909090909091 1.5353535353535352 1.0707070707070707 0.9494949494949495 1.494949494949495 1.6363636363636365 1.1313131313131313 0.8282828282828283 1.97979797979798 1.6565656565656566 1.6363636363636365 1.7373737373737375 1.6565656565656566 1.3333333333333333 1.3131313131313131 1.4343434343434343 1.0909090909090908 1.1717171717171717 1.2727272727272727 1.7373737373737375 1.97979797979798 1.7373737373737375 0.8282828282828283 1.0505050505050506 1.3737373737373737 1.0909090909090908 0.9090909090909091 1.696969696969697 1.9595959595959596
5 18.737901884700666 2.8181818181818183 1.2424242424242424 2.3636363636363638 3.0 2.727272727272727 2.242424242424242 2.272727272727273 2.6363636363636362 1.5757575757575757 2.6666666666666665 1.9696969696969697 2.6666666666666665 2.878787878787879 2.393939393939394 2.909090909090909 2.1818181818181817 1.393939393939394 2.212121212121212 1.2727272727272727 2.1515151515151514 2.6363636363636362 1.3636363636363635 2.303030303030303 1.606060606060606 1.4242424242424243 2.242424242424242 2.4545454545454546 1.696969696969697 1.2424242424242424 2.9696969696969697 2.484848484848485 2.4545454545454546 2.606060606060606 2.484848484848485 2.0 1.9696969696969697 2.1515151515151514 1.6363636363636365 1.7575757575757576 1.9090909090909092 2.606060606060606 2.9696969696969697 2.606060606060606 1.2424242424242424 1.5757575757575757 2.0606060606060606 1.6363636363636365 1.3636363636363635 2.5454545454545454 2.9393939393939394
6 31.029479316979327 1.878787878787879 0.8282828282828283 1.5757575757575757 2.0 1.8181818181818181 1.494949494949495 1.5151515151515151 1.7575757575757576 1.0505050505050506 1.7777777777777777 1.3131313131313131 1.7777777777777777 1.9191919191919191 1.595959595959596 1.9393939393939394 1.4545454545454546 0.9292929292929293 1.4747474747474747 0.8484848484848485 1.4343434343434343 1.7575757575757576 0.9090909090909091 1.5353535353535352 1.0707070707070707 0.9494949494949495 1.494949494949495 1.6363636363636365 1.1313131313131313 0.8282828282828283 1.97979797979798 1.6565656565656566 1.6363636363636365 1.7373737373737375 1.6565656565656566 1.3333333333333333 1.3131313131313131 1.4343434343434343 1.0909090909090908 1.1717171717171717 1.2727272727272727 1.7373737373737375 1.97979797979798 1.7373737373737375 0.8282828282828283 1.0505050505050506 1.3737373737373737 1.0909090909090908 0.9090909090909091 1.696969696969697 1.9595959595959596
7 19.595191216045748 2.8181818181818183 1.2424242424242424 2.3636363636363638 3.0 2.727272727272727 2.242424242424242 2.272727272727273 2.6363636363636362 1.5757575757575757 2.6666666666666665 1.9696969696969697 2.6666666666666665 2.878787878787879 2.393939393939394 2.909090909090909 2.1818181818181817 1.393939393939394 2.212121212121212 1.2727272727272727 2.1515151515151514 2.6363636363636362 1.3636363636363635 2.303030303030303 1.606060606060606 1.4242424242424243 2.242424242424242 2.4545454545454546 1.696969696969697 1.2424242424242424 2.9696969696969697 2.484848484848485 2.4545454545454546 2.606060606060606 2.484848484848485 2.0 1.9696969696969697 2.1515151515151514 1.6363636363636365 1.7575757575757576 1.9090909090909092 2.606060606060606 2.9696969696969697 2.606060606060606 1.2424242424242424 1.5757575757575757 2.0606060606060606 1.6363636363636365 1.3636363636363635 2.5454545454545454 2.9393939393939394
8 36.37589494056066 2.8181818181818183 1.2424242424242424 2.3636363636363638 3.0 2.727272727272727 2.242424242424242 2.272727272727273 2.6363636363636362 1.5757575757575757 2.6666666666666665 1.9696969696969697 2.6666666666666665 2.878787878787879 2.393939393939394 2.909090909090909 2.1818181818181817 1.393939393939394 2.212121212121212 1.2727272727272727 2.1515151515151514 2.6363636363636362 1.3636363636363635 2.303030303030303 1.606060606060606 1.4242424242424243 2.242424242424242 2.4545454545454546 1.696969696969697 1.2424242424242424 2.9696969696969697 2.484848484848485 2.4545454545454546 2.606060606060606 2.484848484848485 2.0 1.9696969696969697 2.1515151515151514 1.6363636363636365 1.7575757575757576 1.9090909090909092 2.606060606060606 2.9696969696969697 2.606060606060606 1.2424242424242424 1.5757575757575757 2.0606060606060606 1.6363636363636365 1.3636363636363635 2.5454545454545454 2.9393939393939394
9 35.5132867132867 2.8181818181818183 1.2424242424242424 2.3636363636363638 3.0 2.727272727272727 2.242424242424242 2.272727272727273 2.6363636363636362 1.5757575757575757 2.6666666666666665 1.9696969696969697 2.6666666666666665 2.878787878787879 2.393939393939394 2.909090909090909 2.1818181818181817 1.393939393939394 2.212121212121212 1.2727272727272727 2.1515151515151514 2.6363636363636362 1.3636363636363635 2.303030303030303 1.606060606060606 1.4242424242424243 2.242424242424242 2.4545454545454546 1.696969696969697 1.2424242424242424 2.9696969696969697 2.484848484848485 2.4545454545454546 2.606060606060606 2.484848484848485 2.0 1.9696969696969697 2.1515151515151514 1.6363636363636365 1.7575757575757576 1.9090909090909092 2.606060606060606 2.9696969696969697 2.606060606060606 1.2424242424242424 1.5757575757575757 2.0606060606060606 1.6363636363636365 1.3636363636363635 2.5454545454545454 2.9393939393939394
