30 50
TREE NETWORK (nID nID Weight):
28 0 34
16 28 43
23 0 49
24 0 52
11 23 55
5 0 58
25 0 43
26 16 42
21 25 34
22 5 58
27 23 52
13 21 41
18 16 46
10 26 45
20 10 47
29 21 40
15 16 30
19 0 44
6 20 32
2 20 30
1 23 54
7 16 41
12 18 55
8 24 57
14 0 31
17 1 42
4 27 56
9 5 47
3 6 40
PROGRAMS ASSIGNED TO NODES (nID pID1 pID2 ...):
0 1 2 3 4 5 6 7 8 9 10 11 12 13 14 15 16 17 18 19 20 21 22 23 24 25 26 27 28 29 30 31 32 33 34 35 36 37 38 39 40 41 42 43 44 45 46 47 48 49 50
1 34 24 9 27 28 13 14 46 15 31
2 2 5 6 8 10 11 12 13 16 17 18 20 21 26 27 28 30 31 32 33 34 35 36 38 41 43 44 45 47 48 49 50
3 1 2 6 40 8 41 11 15 18 21 25 27 30
4 1 2 3 4 5 6 7 9 10 11 12 13 14 15 16 17 18 19 20 21 22 23 24 25 26 27 28 29 30 31 32 33 34 35 36 37 38 39 40 41 42 43 45 46 47 48 49
5 16 33 2 34 35 20 4 22 39 42 26 28
6 2 34 3 4 6 8 10 43 11 13 14 15 48 19 23 24 25 27 28 30
7 32 33 34 5 6 38 7 40 9 42 10 43 45 48 16 49 20 27 28 29 31
8 1 2 3 5 6 7 8 9 10 11 12 13 14 15 16 17 18 19 20 21 22 23 24 25 26 27 28 29 30 31 32 33 34 35 36 37 38 39 40 41 42 43 44 45 46 47 48 49 50
9 35 38 6 8 9 12 45 13 16 50 24 25 30
10 33 34 4 36 37 5 9 41 10 43 15 16 48 49 17 18 50 19 21 22 24 26 30
11 35 6 39 8 40 41 12 13 15 47 49 21 24 26 29 31
12 17 18 21 23 9 12 28
13 33 3 36 5 38 6 7 39 8 41 9 10 43 44 45 13 48 17 19 23 24 26
14 22 7 10 27 43 29 15
15 32 33 34 2 4 6 38 39 41 11 43 44 45 14 46 16 17 23 24 25 28 29
16 1 3 4 5 6 7 9 10 11 12 13 14 15 16 17 19 20 21 22 23 24 25 26 27 28 29 30 31 32 33 34 35 36 37 38 39 40 41 43 44 45 46 47 48 49 50
17 2 3 4 5 6 8 10 11 12 14 16 17 18 19 20 22 23 24 26 29 30 31 32 34 35 36 37 40 41 43 44 45 46 47 48 49 50
18 33 35 8 40 10 44 46 14 47 16 48 49 50 19 20 21 23 26 27 29
19 1 4 5 6 7 9 10 11 13 14 16 18 19 24 25 27 32 36 37 38 40 41 43 44 45 46 48 49 50
20 3 6 7 8 9 10 11 12 13 14 15 17 18 20 21 22 23 24 25 26 27 29 30 31 32 33 34 35 36 37 38 40 41 43 44 48 49
21 33 2 34 3 36 4 6 39 8 10 44 45 15 17 50 24 25 27 28 30
22 1 2 3 4 5 12 15 17 21 22 26 27 28 31 32 33 35 36 37 38 41 43 46 47 49
23 2 3 4 5 6 9 10 11 12 13 15 16 17 18 20 21 22 23 24 25 26 27 28 29 31 33 34 35 36 37 38 39 40 42 44 45 46 47 48 49 50
24 4 5 7 8 9 10 12 15 17 19 21 22 25 26 27 28 29 30 31 35 36 38 39 40 41
25 32 1 34 3 6 38 39 40 41 10 42 11 47 16 17 20 23 24 26 27 28 29
26 35
27 32 1 33 5 8 41 10 11 12 13 14 47 50 18 19 22 24 29
28 3 20 5 21 38 22 43 15
29 1 2 34 35 4 5 38 40 11 15 48 17 50 19 21 24 25 28 30
SIZE OF PROGRAMS (pID SIZE):
1 84.0
2 62.0
3 66.0
4 96.0
5 83.0
6 53.0
7 67.0
8 66.0
9 47.0
10 41.0
11 51.0
12 62.0
13 48.0
14 80.0
15 48.0
16 68.0
17 70.0
18 88.0
19 92.0
20 51.0
21 65.0
22 61.0
23 41.0
24 70.0
25 41.0
26 68.0
27 95.0
28 53.0
29 58.0
30 71.0
31 69.0
32 63.0
33 88.0
34 79.0
35 91.0
36 55.0
37 64.0
38 97.0
39 61.0
40 56.0
41 63.0
42 53.0
43 98.0
44 99.0
45 73.0
46 44.0
47 72.0
48 46.0
49 54.0
50 58.0
COST TO INSTALL SERVERS AND PROGRAMS ON NODES (COST_TO_INSTALL_SERVER COST_TO_INSTALL_pID1 ...):
0 11087.87878787879 2.5454545454545454 1.878787878787879 2.0 2.909090909090909 2.515151515151515 1.606060606060606 2.0303030303030303 2.0 1.4242424242424243 1.2424242424242424 1.5454545454545454 1.878787878787879 1.4545454545454546 2.4242424242424243 1.4545454545454546 2.0606060606060606 2.121212121212121 2.6666666666666665 2.787878787878788 1.5454545454545454 1.9696969696969697 1.8484848484848484 1.2424242424242424 2.121212121212121 1.2424242424242424 2.0606060606060606 2.878787878787879 1.606060606060606 1.7575757575757576 2.1515151515151514 2.090909090909091 1.9090909090909092 2.6666666666666665 2.393939393939394 2.757575757575758 1.6666666666666667 1.9393939393939394 2.9393939393939394 1.8484848484848484 1.696969696969697 1.9090909090909092 1.606060606060606 2.9696969696969697 3.0 2.212121212121212 1.3333333333333333 2.1818181818181817 1.393939393939394 1.6363636363636365 1.7575757575757576
1 49.387688385196746 1.696969696969697 1.2525252525252526 1.3333333333333333 1.9393939393939394 1.6767676767676767 1.0707070707070707 1.3535353535353536 1.3333333333333333 0.9494949494949495 0.8282828282828283 1.0303030303030303 1.2525252525252526 0.9696969696969697 1.6161616161616161 0.9696969696969697 1.3737373737373737 1.4141414141414141 1.7777777777777777 1.8585858585858586 1.0303030303030303 1.3131313131313131 1.2323232323232323 0.8282828282828283 1.4141414141414141 0.8282828282828283 1.3737373737373737 1.9191919191919191 1.0707070707070707 1.1717171717171717 1.4343434343434343 1.393939393939394 1.2727272727272727 1.7777777777777777 1.595959595959596 1.8383838383838385 1.1111111111111112 1.292929292929293 1.9595959595959596 1.2323232323232323 1.1313131313131313 1.2727272727272727 1.0707070707070707 1.97979797979798 2.0 1.4747474747474747 0.8888888888888888 1.4545454545454546 0.9292929292929293 1.0909090909090908 1.1717171717171717
2 283.07471671938873 1.696969696969697 1.2525252525252526 1.3333333333333333 1.9393939393939394 1.6767676767676767 1.0707070707070707 1.3535353535353536 1.3333333333333333 0.9494949494949495 0.8282828282828283 1.0303030303030303 1.2525252525252526 0.9696969696969697 1.6161616161616161 0.9696969696969697 1.3737373737373737 1.4141414141414141 1.7777777777777777 1.8585858585858586 1.0303030303030303 1.3131313131313131 1.2323232323232323 0.8282828282828283 1.4141414141414141 0.8282828282828283 1.3737373737373737 1.9191919191919191 1.0707070707070707 1.1717171717171717 1.4343434343434343 1.393939393939394 1.2727272727272727 1.7777777777777777 1.595959595959596 1.8383838383838385 1.1111111111111112 1.292929292929293 1.9595959595959596 1.2323232323232323 1.1313131313131313 1.2727272727272727 1.0707070707070707 1.97979797979798 2.0 1.4747474747474747 0.8888888888888888 1.4545454545454546 0.9292929292929293 1.0909090909090908 1.1717171717171717
3 152.19685685232886 1.696969696969697 1.2525252525252526 1.3333333333333333 1.9393939393939394 1.6767676767676767 1.0707070707070707 1.3535353535353536 1.3333333333333333 0.9494949494949495 0.8282828282828283 1.0303030303030303 1.2525252525252526 0.9696969696969697 1.6161616161616161 0.9696969696969697 1.3737373737373737 1.4141414141414141 1.7777777777777777 1.8585858585858586 1.0303030303030303 1.3131313131313131 1.2323232323232323 0.8282828282828283 1.4141414141414141 0.8282828282828283 1.3737373737373737 1.9191919191919191 1.0707070707070707 1.1717171717171717 1.4343434343434343 1.393939393939394 1.2727272727272727 1.7777777777777777 1.595959595959596 1.8383838383838385 1.1111111111111112 1.292929292929293 1.9595959595959596 1.2323232323232323 1.1313131313131313 1.2727272727272727 1.0707070707070707 1.97979797979798 2.0 1.4747474747474747 0.8888888888888888 1.4545454545454546 0.9292929292929293 1.0909090909090908 1.1717171717171717
4 78.18885132724415 1.696969696969697 1.2525252525252526 1.3333333333333333 1.9393939393939394 1.6767676767676767 1.0707070707070707 1.3535353535353536 1.3333333333333333 0.9494949494949495 0.8282828282828283 1.0303030303030303 1.2525252525252526 0.9696969696969697 1.6161616161616161 0.9696969696969697 1.3737373737373737 1.4141414141414141 1.7777777777777777 1.8585858585858586 1.0303030303030303 1.3131313131313131 1.2323232323232323 0.8282828282828283 1.4141414141414141 0.8282828282828283 1.3737373737373737 1.9191919191919191 1.0707070707070707 1.1717171717171717 1.4343434343434343 1.393939393939394 1.2727272727272727 1.7777777777777777 1.595959595959596 1.8383838383838385 1.1111111111111112 1.292929292929293 1.9595959595959596 1.2323232323232323 1.1313131313131313 1.2727272727272727 1.0707070707070707 1.97979797979798 2.0 1.4747474747474747 0.8888888888888888 1.4545454545454546 0.9292929292929293 1.0909090909090908 1.1717171717171717
5 5.681818181818187 1.696969696969697 1.2525252525252526 1.3333333333333333 1.9393939393939394 1.6767676767676767 1.0707070707070707 1.3535353535353536 1.3333333333333333 0.9494949494949495 0.8282828282828283 1.0303030303030303 1.2525252525252526 0.9696969696969697 1.6161616161616161 0.9696969696969697 1.3737373737373737 1.4141414141414141 1.7777777777777777 1.8585858585858586 1.0303030303030303 1.3131313131313131 1.2323232323232323 0.8282828282828283 1.4141414141414141 0.8282828282828283 1.3737373737373737 1.9191919191919191 1.0707070707070707 1.1717171717171717 1.4343434343434343 1.393939393939394 1.2727272727272727 1.7777777777777777 1.595959595959596 1.8383838383838385 1.1111111111111112 1.292929292929293 1.9595959595959596 1.2323232323232323 1.1313131313131313 1.2727272727272727 1.0707070707070707 1.97979797979798 2.0 1.4747474747474747 0.8888888888888888 1.4545454545454546 0.9292929292929293 1.0909090909090908 1.1717171717171717
6 252.1632933220936 2.5454545454545454 1.878787878787879 2.0 2.909090909090909 2.515151515151515 1.606060606060606 2.0303030303030303 2.0 1.4242424242424243 1.2424242424242424 1.5454545454545454 1.878787878787879 1.4545454545454546 2.4242424242424243 1.4545454545454546 2.0606060606060606 2.121212121212121 2.6666666666666665 2.787878787878788 1.5454545454545454 1.9696969696969697 1.8484848484848484 1.2424242424242424 2.121212121212121 1.2424242424242424 2.0606060606060606 2.878787878787879 1.606060606060606 1.7575757575757576 2.1515151515151514 2.090909090909091 1.9090909090909092 2.6666666666666665 2.393939393939394 2.757575757575758 1.6666666666666667 1.9393939393939394 2.9393939393939394 1.8484848484848484 1.696969696969697 1.9090909090909092 1.606060606060606 2.9696969696969697 3.0 2.212121212121212 1.3333333333333333 2.1818181818181817 1.393939393939394 1.6363636363636365 1.7575757575757576
7 75.73256241363897 2.5454545454545454 1.878787878787879 2.0 2.909090909090909 2.515151515151515 1.606060606060606 2.0303030303030303 2.0 1.4242424242424243 1.2424242424242424 1.5454545454545454 1.878787878787879 1.4545454545454546 2.4242424242424243 1.4545454545454546 2.0606060606060606 2.121212121212121 2.6666666666666665 2.787878787878788 1.5454545454545454 1.9696969696969697 1.8484848484848484 1.2424242424242424 2.121212121212121 1.2424242424242424 2.0606060606060606 2.878787878787879 1.606060606060606 1.7575757575757576 2.1515151515151514 2.090909090909091 1.9090909090909092 2.6666666666666665 2.393939393939394 2.757575757575758 1.6666666666666667 1.9393939393939394 2.9393939393939394 1.8484848484848484 1.696969696969697 1.9090909090909092 1.606060606060606 2.9696969696969697 3.0 2.212121212121212 1.3333333333333333 2.1818181818181817 1.393939393939394 1.6363636363636365 1.7575757575757576
8 63.223507749560355 1.696969696969697 1.2525252525252526 1.3333333333333333 1.9393939393939394 1.6767676767676767 1.0707070707070707 1.3535353535353536 1.3333333333333333 0.9494949494949495 0.8282828282828283 1.0303030303030303 1.2525252525252526 0.9696969696969697 1.6161616161616161 0.9696969696969697 1.3737373737373737 1.4141414141414141 1.7777777777777777 1.8585858585858586 1.0303030303030303 1.3131313131313131 1.2323232323232323 0.8282828282828283 1.4141414141414141 0.8282828282828283 1.3737373737373737 1.9191919191919191 1.0707070707070707 1.1717171717171717 1.4343434343434343 1.393939393939394 1.2727272727272727 1.7777777777777777 1.595959595959596 1.8383838383838385 1.1111111111111112 1.292929292929293 1.9595959595959596 1.2323232323232323 1.1313131313131313 1.2727272727272727 1.0707070707070707 1.97979797979798 2.0 1.4747474747474747 0.8888888888888888 1.4545454545454546 0.9292929292929293 1.0909090909090908 1.1717171717171717
9 13.487084184259535 1.696969696969697 1.2525252525252526 1.3333333333333333 1.9393939393939394 1.6767676767676767 1.0707070707070707 1.3535353535353536 1.3333333333333333 0.9494949494949495 0.8282828282828283 1.0303030303030303 1.2525252525252526 0.9696969696969697 1.6161616161616161 0.9696969696969697 1.3737373737373737 1.4141414141414141 1.7777777777777777 1.8585858585858586 1.0303030303030303 1.3131313131313131 1.2323232323232323 0.8282828282828283 1.4141414141414141 0.8282828282828283 1.3737373737373737 1.9191919191919191 1.0707070707070707 1.1717171717171717 1.4343434343434343 1.393939393939394 1.2727272727272727 1.7777777777777777 1.595959595959596 1.8383838383838385 1.1111111111111112 1.292929292929293 1.9595959595959596 1.2323232323232323 1.1313131313131313 1.2727272727272727 1.0707070707070707 1.97979797979798 2.0 1.4747474747474747 0.8888888888888888 1.4545454545454546 0.9292929292929293 1.0909090909090908 1.1717171717171717
10 214.17359138581438 2.5454545454545454 1.878787878787879 2.0 2.909090909090909 2.515151515151515 1.606060606060606 2.0303030303030303 2.0 1.4242424242424243 1.2424242424242424 1.5454545454545454 1.878787878787879 1.4545454545454546 2.4242424242424243 1.4545454545454546 2.0606060606060606 2.121212121212121 2.6666666666666665 2.787878787878788 1.5454545454545454 1.9696969696969697 1.8484848484848484 1.2424242424242424 2.121212121212121 1.2424242424242424 2.0606060606060606 2.878787878787879 1.606060606060606 1.7575757575757576 2.1515151515151514 2.090909090909091 1.9090909090909092 2.6666666666666665 2.393939393939394 2.757575757575758 1.6666666666666667 1.9393939393939394 2.9393939393939394 1.8484848484848484 1.696969696969697 1.9090909090909092 1.606060606060606 2.9696969696969697 3.0 2.212121212121212 1.3333333333333333 2.1818181818181817 1.393939393939394 1.6363636363636365 1.7575757575757576
11 10.968310718226682 1.696969696969697 1.2525252525252526 1.3333333333333333 1.9393939393939394 1.6767676767676767 1.0707070707070707 1.3535353535353536 1.3333333333333333 0.9494949494949495 0.8282828282828283 1.0303030303030303 1.2525252525252526 0.9696969696969697 1.6161616161616161 0.9696969696969697 1.3737373737373737 1.4141414141414141 1.7777777777777777 1.8585858585858586 1.0303030303030303 1.3131313131313131 1.2323232323232323 0.8282828282828283 1.4141414141414141 0.8282828282828283 1.3737373737373737 1.9191919191919191 1.0707070707070707 1.1717171717171717 1.4343434343434343 1.393939393939394 1.2727272727272727 1.7777777777777777 1.595959595959596 1.8383838383838385 1.1111111111111112 1.292929292929293 1.9595959595959596 1.2323232323232323 1.1313131313131313 1.2727272727272727 1.0707070707070707 1.97979797979798 2.0 1.4747474747474747 0.8888888888888888 1.4545454545454546 0.9292929292929293 1.0909090909090908 1.1717171717171717
12 24.543600082187485 2.5454545454545454 1.878787878787879 2.0 2.909090909090909 2.515151515151515 1.606060606060606 2.0303030303030303 2.0 1.4242424242424243 1.2424242424242424 1.5454545454545454 1.878787878787879 1.4545454545454546 2.4242424242424243 1.4545454545454546 2.0606060606060606 2.121212121212121 2.6666666666666665 2.787878787878788 1.5454545454545454 1.9696969696969697 1.8484848484848484 1.2424242424242424 2.121212121212121 1.2424242424242424 2.0606060606060606 2.878787878787879 1.606060606060606 1.7575757575757576 2.1515151515151514 2.090909090909091 1.9090909090909092 2.6666666666666665 2.393939393939394 2.757575757575758 1.6666666666666667 1.9393939393939394 2.9393939393939394 1.8484848484848484 1.696969696969697 1.9090909090909092 1.606060606060606 2.9696969696969697 3.0 2.212121212121212 1.3333333333333333 2.1818181818181817 1.393939393939394 1.6363636363636365 1.7575757575757576
13 87.6526320194721 2.5454545454545454 1.878787878787879 2.0 2.909090909090909 2.515151515151515 1.606060606060606 2.0303030303030303 2.0 1.4242424242424243 1.2424242424242424 1.5454545454545454 1.878787878787879 1.4545454545454546 2.4242424242424243 1.4545454545454546 2.0606060606060606 2.121212121212121 2.6666666666666665 2.787878787878788 1.5454545454545454 1.9696969696969697 1.8484848484848484 1.2424242424242424 2.121212121212121 1.2424242424242424 2.0606060606060606 2.878787878787879 1.606060606060606 1.7575757575757576 2.1515151515151514 2.090909090909091 1.9090909090909092 2.6666666666666665 2.393939393939394 2.757575757575758 1.6666666666666667 1.9393939393939394 2.9393939393939394 1.8484848484848484 1.696969696969697 1.9090909090909092 1.606060606060606 2.9696969696969697 3.0 2.212121212121212 1.3333333333333333 2.1818181818181817 1.393939393939394 1.6363636363636365 1.7575757575757576
14 5.92434017595308 1.696969696969697 1.2525252525252526 1.3333333333333333 1.9393939393939394 1.6767676767676767 1.0707070707070707 1.3535353535353536 1.3333333333333333 0.9494949494949495 0.8282828282828283 1.0303030303030303 1.2525252525252526 0.9696969696969697 1.6161616161616161 0.9696969696969697 1.3737373737373737 1.4141414141414141 1.7777777777777777 1.8585858585858586 1.0303030303030303 1.3131313131313131 1.2323232323232323 0.8282828282828283 1.4141414141414141 0.8282828282828283 1.3737373737373737 1.9191919191919191 1.0707070707070707 1.1717171717171717 1.4343434343434343 1.393939393939394 1.2727272727272727 1.7777777777777777 1.595959595959596 1.8383838383838385 1.1111111111111112 1.292929292929293 1.9595959595959596 1.2323232323232323 1.1313131313131313 1.2727272727272727 1.0707070707070707 1.97979797979798 2.0 1.4747474747474747 0.8888888888888888 1.4545454545454546 0.9292929292929293 1.0909090909090908 1.1717171717171717
15 47.10878400372007 2.5454545454545454 1.878787878787879 2.0 2.909090909090909 2.515151515151515 1.606060606060606 2.0303030303030303 2.0 1.4242424242424243 1.2424242424242424 1.5454545454545454 1.878787878787879 1.4545454545454546 2.4242424242424243 1.4545454545454546 2.0606060606060606 2.121212121212121 2.6666666666666665 2.787878787878788 1.5454545454545454 1.9696969696969697 1.8484848484848484 1.2424242424242424 2.121212121212121 1.2424242424242424 2.0606060606060606 2.878787878787879 1.606060606060606 1.7575757575757576 2.1515151515151514 2.090909090909091 1.9090909090909092 2.6666666666666665 2.393939393939394 2.757575757575758 1.6666666666666667 1.9393939393939394 2.9393939393939394 1.8484848484848484 1.696969696969697 1.9090909090909092 1.606060606060606 2.9696969696969697 3.0 2.212121212121212 1.3333333333333333 2.1818181818181817 1.393939393939394 1.6363636363636365 1.7575757575757576
16 132.02450368061935 1.696969696969697 1.2525252525252526 1.3333333333333333 1.9393939393939394 1.6767676767676767 1.0707070707070707 1.3535353535353536 1.3333333333333333 0.9494949494949495 0.8282828282828283 1.0303030303030303 1.2525252525252526 0.9696969696969697 1.6161616161616161 0.9696969696969697 1.3737373737373737 1.4141414141414141 1.7777777777777777 1.8585858585858586 1.0303030303030303 1.3131313131313131 1.2323232323232323 0.8282828282828283 1.4141414141414141 0.8282828282828283 1.3737373737373737 1.9191919191919191 1.0707070707070707 1.1717171717171717 1.4343434343434343 1.393939393939394 1.2727272727272727 1.7777777777777777 1.595959595959596 1.8383838383838385 1.1111111111111112 1.292929292929293 1.9595959595959596 1.2323232323232323 1.1313131313131313 1.2727272727272727 1.0707070707070707 1.97979797979798 2.0 1.4747474747474747 0.8888888888888888 1.4545454545454546 0.9292929292929293 1.0909090909090908 1.1717171717171717
17 87.23403241147594 1.696969696969697 1.2525252525252526 1.3333333333333333 1.9393939393939394 1.6767676767676767 1.0707070707070707 1.3535353535353536 1.3333333333333333 0.9494949494949495 0.8282828282828283 1.0303030303030303 1.2525252525252526 0.9696969696969697 1.6161616161616161 0.9696969696969697 1.3737373737373737 1.4141414141414141 1.7777777777777777 1.8585858585858586 1.0303030303030303 1.3131313131313131 1.2323232323232323 0.8282828282828283 1.4141414141414141 0.8282828282828283 1.3737373737373737 1.9191919191919191 1.0707070707070707 1.1717171717171717 1.4343434343434343 1.393939393939394 1.2727272727272727 1.7777777777777777 1.595959595959596 1.8383838383838385 1.1111111111111112 1.292929292929293 1.9595959595959596 1.2323232323232323 1.1313131313131313 1.2727272727272727 1.0707070707070707 1.97979797979798 2.0 1.4747474747474747 0.8888888888888888 1.4545454545454546 0.9292929292929293 1.0909090909090908 1.1717171717171717
18 83.55849057859409 2.5454545454545454 1.878787878787879 2.0 2.909090909090909 2.515151515151515 1.606060606060606 2.0303030303030303 2.0 1.4242424242424243 1.2424242424242424 1.5454545454545454 1.878787878787879 1.4545454545454546 2.4242424242424243 1.4545454545454546 2.0606060606060606 2.121212121212121 2.6666666666666665 2.787878787878788 1.5454545454545454 1.9696969696969697 1.8484848484848484 1.2424242424242424 2.121212121212121 1.2424242424242424 2.0606060606060606 2.878787878787879 1.606060606060606 1.7575757575757576 2.1515151515151514 2.090909090909091 1.9090909090909092 2.6666666666666665 2.393939393939394 2.757575757575758 1.6666666666666667 1.9393939393939394 2.9393939393939394 1.8484848484848484 1.696969696969697 1.9090909090909092 1.606060606060606 2.9696969696969697 3.0 2.212121212121212 1.3333333333333333 2.1818181818181817 1.393939393939394 1.6363636363636365 1.7575757575757576
19 35.0 2.5454545454545454 1.878787878787879 2.0 2.909090909090909 2.515151515151515 1.606060606060606 2.0303030303030303 2.0 1.4242424242424243 1.2424242424242424 1.5454545454545454 1.878787878787879 1.4545454545454546 2.4242424242424243 1.4545454545454546 2.0606060606060606 2.121212121212121 2.6666666666666665 2.787878787878788 1.5454545454545454 1.9696969696969697 1.8484848484848484 1.2424242424242424 2.121212121212121 1.2424242424242424 2.0606060606060606 2.878787878787879 1.606060606060606 1.7575757575757576 2.1515151515151514 2.090909090909091 1.9090909090909092 2.6666666666666665 2.393939393939394 2.757575757575758 1.6666666666666667 1.9393939393939394 2.9393939393939394 1.8484848484848484 1.696969696969697 1.9090909090909092 1.606060606060606 2.9696969696969697 3.0 2.212121212121212 1.3333333333333333 2.1818181818181817 1.393939393939394 1.6363636363636365 1.7575757575757576
20 156.3940040360528 2.5454545454545454 1.878787878787879 2.0 2.909090909090909 2.515151515151515 1.606060606060606 2.0303030303030303 2.0 1.4242424242424243 1.2424242424242424 1.5454545454545454 1.878787878787879 1.4545454545454546 2.4242424242424243 1.4545454545454546 2.0606060606060606 2.121212121212121 2.6666666666666665 2.787878787878788 1.5454545454545454 1.9696969696969697 1.8484848484848484 1.2424242424242424 2.121212121212121 1.2424242424242424 2.0606060606060606 2.878787878787879 1.606060606060606 1.7575757575757576 2.1515151515151514 2.090909090909091 1.9090909090909092 2.6666666666666665 2.393939393939394 2.757575757575758 1.6666666666666667 1.9393939393939394 2.9393939393939394 1.8484848484848484 1.696969696969697 1.9090909090909092 1.606060606060606 2.9696969696969697 3.0 2.212121212121212 1.3333333333333333 2.1818181818181817 1.393939393939394 1.6363636363636365 1.7575757575757576
21 47.38153214774279 2.5454545454545454 1.878787878787879 2.0 2.909090909090909 2.515151515151515 1.606060606060606 2.0303030303030303 2.0 1.4242424242424243 1.2424242424242424 1.5454545454545454 1.878787878787879 1.4545454545454546 2.4242424242424243 1.4545454545454546 2.0606060606060606 2.121212121212121 2.6666666666666665 2.787878787878788 1.5454545454545454 1.9696969696969697 1.8484848484848484 1.2424242424242424 2.121212121212121 1.2424242424242424 2.0606060606060606 2.878787878787879 1.606060606060606 1.7575757575757576 2.1515151515151514 2.090909090909091 1.9090909090909092 2.6666666666666665 2.393939393939394 2.757575757575758 1.6666666666666667 1.9393939393939394 2.9393939393939394 1.8484848484848484 1.696969696969697 1.9090909090909092 1.606060606060606 2.9696969696969697 3.0 2.212121212121212 1.3333333333333333 2.1818181818181817 1.393939393939394 1.6363636363636365 1.7575757575757576
22 3.644208664898322 2.5454545454545454 1.878787878787879 2.0 2.909090909090909 2.515151515151515 1.606060606060606 2.0303030303030303 2.0 1.4242424242424243 1.2424242424242424 1.5454545454545454 1.878787878787879 1.4545454545454546 2.4242424242424243 1.4545454545454546 2.0606060606060606 2.121212121212121 2.6666666666666665 2.787878787878788 1.5454545454545454 1.9696969696969697 1.8484848484848484 1.2424242424242424 2.121212121212121 1.2424242424242424 2.0606060606060606 2.878787878787879 1.606060606060606 1.7575757575757576 2.1515151515151514 2.090909090909091 1.9090909090909092 2.6666666666666665 2.393939393939394 2.757575757575758 1.6666666666666667 1.9393939393939394 2.9393939393939394 1.8484848484848484 1.696969696969697 1.9090909090909092 1.606060606060606 2.9696969696969697 3.0 2.212121212121212 1.3333333333333333 2.1818181818181817 1.393939393939394 1.6363636363636365 1.7575757575757576
23 0.690287023900476 1.696969696969697 1.2525252525252526 1.3333333333333333 1.9393939393939394 1.6767676767676767 1.0707070707070707 1.3535353535353536 1.3333333333333333 0.9494949494949495 0.8282828282828283 1.0303030303030303 1.2525252525252526 0.9696969696969697 1.6161616161616161 0.9696969696969697 1.3737373737373737 1.4141414141414141 1.7777777777777777 1.8585858585858586 1.0303030303030303 1.3131313131313131 1.2323232323232323 0.8282828282828283 1.4141414141414141 0.8282828282828283 1.3737373737373737 1.9191919191919191 1.0707070707070707 1.1717171717171717 1.4343434343434343 1.393939393939394 1.2727272727272727 1.7777777777777777 1.595959595959596 1.8383838383838385 1.1111111111111112 1.292929292929293 1.9595959595959596 1.2323232323232323 1.1313131313131313 1.2727272727272727 1.0707070707070707 1.97979797979798 2.0 1.4747474747474747 0.8888888888888888 1.4545454545454546 0.9292929292929293 1.0909090909090908 1.1717171717171717
24 87.0 2.5454545454545454 1.878787878787879 2.0 2.909090909090909 2.515151515151515 1.606060606060606 2.0303030303030303 2.0 1.4242424242424243 1.2424242424242424 1.5454545454545454 1.878787878787879 1.4545454545454546 2.4242424242424243 1.4545454545454546 2.0606060606060606 2.121212121212121 2.6666666666666665 2.787878787878788 1.5454545454545454 1.9696969696969697 1.8484848484848484 1.2424242424242424 2.121212121212121 1.2424242424242424 2.0606060606060606 2.878787878787879 1.606060606060606 1.7575757575757576 2.1515151515151514 2.090909090909091 1.9090909090909092 2.6666666666666665 2.393939393939394 2.757575757575758 1.6666666666666667 1.9393939393939394 2.9393939393939394 1.8484848484848484 1.696969696969697 1.9090909090909092 1.606060606060606 2.9696969696969697 3.0 2.212121212121212 1.3333333333333333 2.1818181818181817 1.393939393939394 1.6363636363636365 1.7575757575757576
25 30.63837946801712 2.5454545454545454 1.878787878787879 2.0 2.909090909090909 2.515151515151515 1.606060606060606 2.0303030303030303 2.0 1.4242424242424243 1.2424242424242424 1.5454545454545454 1.878787878787879 1.4545454545454546 2.4242424242424243 1.4545454545454546 2.0606060606060606 2.121212121212121 2.6666666666666665 2.787878787878788 1.5454545454545454 1.9696969696969697 1.8484848484848484 1.2424242424242424 2.121212121212121 1.2424242424242424 2.0606060606060606 2.878787878787879 1.606060606060606 1.7575757575757576 2.1515151515151514 2.090909090909091 1.9090909090909092 2.6666666666666665 2.393939393939394 2.757575757575758 1.6666666666666667 1.9393939393939394 2.9393939393939394 1.8484848484848484 1.696969696969697 1.9090909090909092 1.606060606060606 2.9696969696969697 3.0 2.212121212121212 1.3333333333333333 2.1818181818181817 1.393939393939394 1.6363636363636365 1.7575757575757576
26 101.86422984979754 1.696969696969697 1.2525252525252526 1.3333333333333333 1.9393939393939394 1.6767676767676767 1.0707070707070707 1.3535353535353536 1.3333333333333333 0.9494949494949495 0.8282828282828283 1.0303030303030303 1.2525252525252526 0.9696969696969697 1.6161616161616161 0.9696969696969697 1.3737373737373737 1.4141414141414141 1.7777777777777777 1.8585858585858586 1.0303030303030303 1.3131313131313131 1.2323232323232323 0.8282828282828283 1.4141414141414141 0.8282828282828283 1.3737373737373737 1.9191919191919191 1.0707070707070707 1.1717171717171717 1.4343434343434343 1.393939393939394 1.2727272727272727 1.7777777777777777 1.595959595959596 1.8383838383838385 1.1111111111111112 1.292929292929293 1.9595959595959596 1.2323232323232323 1.1313131313131313 1.2727272727272727 1.0707070707070707 1.97979797979798 2.0 1.4747474747474747 0.8888888888888888 1.4545454545454546 0.9292929292929293 1.0909090909090908 1.1717171717171717
27 38.59835402692544 2.5454545454545454 1.878787878787879 2.0 2.909090909090909 2.515151515151515 1.606060606060606 2.0303030303030303 2.0 1.4242424242424243 1.2424242424242424 1.5454545454545454 1.878787878787879 1.4545454545454546 2.4242424242424243 1.4545454545454546 2.0606060606060606 2.121212121212121 2.6666666666666665 2.787878787878788 1.5454545454545454 1.9696969696969697 1.8484848484848484 1.2424242424242424 2.121212121212121 1.2424242424242424 2.0606060606060606 2.878787878787879 1.606060606060606 1.7575757575757576 2.1515151515151514 2.090909090909091 1.9090909090909092 2.6666666666666665 2.393939393939394 2.757575757575758 1.6666666666666667 1.9393939393939394 2.9393939393939394 1.8484848484848484 1.696969696969697 1.9090909090909092 1.606060606060606 2.9696969696969697 3.0 2.212121212121212 1.3333333333333333 2.1818181818181817 1.393939393939394 1.6363636363636365 1.7575757575757576
28 71.59834154695744 2.5454545454545454 1.878787878787879 2.0 2.909090909090909 2.515151515151515 1.606060606060606 2.0303030303030303 2.0 1.4242424242424243 1.2424242424242424 1.5454545454545454 1.878787878787879 1.4545454545454546 2.4242424242424243 1.4545454545454546 2.0606060606060606 2.121212121212121 2.6666666666666665 2.787878787878788 1.5454545454545454 1.9696969696969697 1.8484848484848484 1.2424242424242424 2.121212121212121 1.2424242424242424 2.0606060606060606 2.878787878787879 1.606060606060606 1.7575757575757576 2.1515151515151514 2.090909090909091 1.9090909090909092 2.6666666666666665 2.393939393939394 2.757575757575758 1.6666666666666667 1.9393939393939394 2.9393939393939394 1.8484848484848484 1.696969696969697 1.9090909090909092 1.606060606060606 2.9696969696969697 3.0 2.212121212121212 1.3333333333333333 2.1818181818181817 1.393939393939394 1.6363636363636365 1.7575757575757576
29 59.08016939228121 2.5454545454545454 1.878787878787879 2.0 2.909090909090909 2.515151515151515 1.606060606060606 2.0303030303030303 2.0 1.4242424242424243 1.2424242424242424 1.5454545454545454 1.878787878787879 1.4545454545454546 2.4242424242424243 1.4545454545454546 2.0606060606060606 2.121212121212121 2.6666666666666665 2.787878787878788 1.5454545454545454 1.9696969696969697 1.8484848484848484 1.2424242424242424 2.121212121212121 1.2424242424242424 2.0606060606060606 2.878787878787879 1.606060606060606 1.7575757575757576 2.1515151515151514 2.090909090909091 1.9090909090909092 2.6666666666666665 2.393939393939394 2.757575757575758 1.6666666666666667 1.9393939393939394 2.9393939393939394 1.8484848484848484 1.696969696969697 1.9090909090909092 1.606060606060606 2.9696969696969697 3.0 2.212121212121212 1.3333333333333333 2.1818181818181817 1.393939393939394 1.6363636363636365 1.7575757575757576
