10 30
TREE NETWORK (nID nID Weight):
9 0 30
2 9 51
5 9 32
6 0 54
7 2 52
8 6 36
4 9 32
3 9 39
1 0 41
PROGRAMS ASSIGNED TO NODES (nID pID1 pID2 ...):
0 1 2 3 4 5 6 7 8 9 10 11 12 13 14 15 16 17 18 19 20 21 22 23 24 25 26 27 28 29 30
1 1 2 3 4 5 6 7 8 9 11 12 13 14 15 16 18 20 22 23 25 26 27 29 30
2 16 20 7 23 24 25 27 11 28
3 20 26 14
4 17 1 21 7 23 8 26 10 27 13 14 15
5 22 10
6 5 7 9 10 12 13 14 16 19 20 21 25 26 30
7 18 2 19 21 6 23 11 27 12 13 14
8 1 2 4 5 7 8 9 11 12 14 16 17 18 19 20 21 23 24 27 28 29
9 16 17 18 26 29
SIZE OF PROGRAMS (pID SIZE):
1 68.0
2 86.0
3 57.0
4 44.0
5 52.0
6 56.0
7 43.0
8 86.0
9 70.0
10 83.0
11 94.0
12 99.0
13 97.0
14 72.0
15 80.0
16 85.0
17 66.0
18 87.0
19 91.0
20 67.0
21 94.0
22 40.0
23 86.0
24 84.0
25 59.0
26 98.0
27 84.0
28 78.0
29 81.0
30 66.0
COST TO INSTALL SERVERS AND PROGRAMS ON NODES (COST_TO_INSTALL_SERVER COST_TO_INSTALL_pID1 ...):
0 7827.272727272728 2.0606060606060606 2.606060606060606 1.7272727272727273 1.3333333333333333 1.5757575757575757 1.696969696969697 1.303030303030303 2.606060606060606 2.121212121212121 2.515151515151515 2.8484848484848486 3.0 2.9393939393939394 2.1818181818181817 2.4242424242424243 2.5757575757575757 2.0 2.6363636363636362 2.757575757575758 2.0303030303030303 2.8484848484848486 1.2121212121212122 2.606060606060606 2.5454545454545454 1.7878787878787878 2.9696969696969697 2.5454545454545454 2.3636363636363638 2.4545454545454546 2.0
1 2.207612712490763 1.3737373737373737 1.7373737373737375 1.1515151515151516 0.8888888888888888 1.0505050505050506 1.1313131313131313 0.8686868686868687 1.7373737373737375 1.4141414141414141 1.6767676767676767 1.898989898989899 2.0 1.9595959595959596 1.4545454545454546 1.6161616161616161 1.7171717171717171 1.3333333333333333 1.7575757575757576 1.8383838383838385 1.3535353535353536 1.898989898989899 0.8080808080808081 1.7373737373737375 1.696969696969697 1.1919191919191918 1.97979797979798 1.696969696969697 1.5757575757575757 1.6363636363636365 1.3333333333333333
2 33.19532184591008 1.3737373737373737 1.7373737373737375 1.1515151515151516 0.8888888888888888 1.0505050505050506 1.1313131313131313 0.8686868686868687 1.7373737373737375 1.4141414141414141 1.6767676767676767 1.898989898989899 2.0 1.9595959595959596 1.4545454545454546 1.6161616161616161 1.7171717171717171 1.3333333333333333 1.7575757575757576 1.8383838383838385 1.3535353535353536 1.898989898989899 0.8080808080808081 1.7373737373737375 1.696969696969697 1.1919191919191918 1.97979797979798 1.696969696969697 1.5757575757575757 1.6363636363636365 1.3333333333333333
3 7.351235431235432 1.3737373737373737 1.7373737373737375 1.1515151515151516 0.8888888888888888 1.0505050505050506 1.1313131313131313 0.8686868686868687 1.7373737373737375 1.4141414141414141 1.6767676767676767 1.898989898989899 2.0 1.9595959595959596 1.4545454545454546 1.6161616161616161 1.7171717171717171 1.3333333333333333 1.7575757575757576 1.8383838383838385 1.3535353535353536 1.898989898989899 0.8080808080808081 1.7373737373737375 1.696969696969697 1.1919191919191918 1.97979797979798 1.696969696969697 1.5757575757575757 1.6363636363636365 1.3333333333333333
4 45.41334935897435 1.3737373737373737 1.7373737373737375 1.1515151515151516 0.8888888888888888 1.0505050505050506 1.1313131313131313 0.8686868686868687 1.7373737373737375 1.4141414141414141 1.6767676767676767 1.898989898989899 2.0 1.9595959595959596 1.4545454545454546 1.6161616161616161 1.7171717171717171 1.3333333333333333 1.7575757575757576 1.8383838383838385 1.3535353535353536 1.898989898989899 0.8080808080808081 1.7373737373737375 1.696969696969697 1.1919191919191918 1.97979797979798 1.696969696969697 1.5757575757575757 1.6363636363636365 1.3333333333333333
5 3.457304292929293 1.3737373737373737 1.7373737373737375 1.1515151515151516 0.8888888888888888 1.0505050505050506 1.1313131313131313 0.8686868686868687 1.7373737373737375 1.4141414141414141 1.6767676767676767 1.898989898989899 2.0 1.9595959595959596 1.4545454545454546 1.6161616161616161 1.7171717171717171 1.3333333333333333 1.7575757575757576 1.8383838383838385 1.3535353535353536 1.898989898989899 0.8080808080808081 1.7373737373737375 1.696969696969697 1.1919191919191918 1.97979797979798 1.696969696969697 1.5757575757575757 1.6363636363636365 1.3333333333333333
6 107.0 2.0606060606060606 2.606060606060606 1.7272727272727273 1.3333333333333333 1.5757575757575757 1.696969696969697 1.303030303030303 2.606060606060606 2.121212121212121 2.515151515151515 2.8484848484848486 3.0 2.9393939393939394 2.1818181818181817 2.4242424242424243 2.5757575757575757 2.0 2.6363636363636362 2.757575757575758 2.0303030303030303 2.8484848484848486 1.2121212121212122 2.606060606060606 2.5454545454545454 1.7878787878787878 2.9696969696969697 2.5454545454545454 2.3636363636363638 2.4545454545454546 2.0
7 35.23387715770068 1.3737373737373737 1.7373737373737375 1.1515151515151516 0.8888888888888888 1.0505050505050506 1.1313131313131313 0.8686868686868687 1.7373737373737375 1.4141414141414141 1.6767676767676767 1.898989898989899 2.0 1.9595959595959596 1.4545454545454546 1.6161616161616161 1.7171717171717171 1.3333333333333333 1.7575757575757576 1.8383838383838385 1.3535353535353536 1.898989898989899 0.8080808080808081 1.7373737373737375 1.696969696969697 1.1919191919191918 1.97979797979798 1.696969696969697 1.5757575757575757 1.6363636363636365 1.3333333333333333
8 33.7555555555556 1.3737373737373737 1.7373737373737375 1.1515151515151516 0.8888888888888888 1.0505050505050506 1.1313131313131313 0.8686868686868687 1.7373737373737375 1.4141414141414141 1.6767676767676767 1.898989898989899 2.0 1.9595959595959596 1.4545454545454546 1.6161616161616161 1.7171717171717171 1.3333333333333333 1.7575757575757576 1.8383838383838385 1.3535353535353536 1.898989898989899 0.8080808080808081 1.7373737373737375 1.696969696969697 1.1919191919191918 1.97979797979798 1.696969696969697 1.5757575757575757 1.6363636363636365 1.3333333333333333
9 6.592447552447546 2.0606060606060606 2.606060606060606 1.7272727272727273 1.3333333333333333 1.5757575757575757 1.696969696969697 1.303030303030303 2.606060606060606 2.121212121212121 2.515151515151515 2.8484848484848486 3.0 2.9393939393939394 2.1818181818181817 2.4242424242424243 2.5757575757575757 2.0 2.6363636363636362 2.757575757575758 2.0303030303030303 2.8484848484848486 1.2121212121212122 2.606060606060606 2.5454545454545454 1.7878787878787878 2.9696969696969697 2.5454545454545454 2.3636363636363638 2.4545454545454546 2.0
