90 30
TREE NETWORK (nID nID Weight):
50 0 58
45 0 48
88 45 48
10 45 34
85 45 56
76 10 55
69 50 58
57 45 40
3 57 49
28 69 40
48 10 42
84 3 48
9 28 59
13 57 56
43 69 52
56 50 47
54 48 49
49 88 36
80 84 53
14 49 56
83 54 35
51 76 40
30 49 32
73 54 59
60 14 54
46 0 47
22 46 42
41 13 43
68 10 30
47 76 40
29 80 52
75 76 32
63 9 47
31 30 58
40 3 42
66 43 33
89 83 43
61 45 48
17 22 50
42 22 30
79 3 40
21 84 50
20 57 37
16 43 37
34 49 32
24 68 45
81 80 32
12 46 48
1 85 42
37 29 42
38 13 50
70 51 45
27 3 45
5 85 51
36 31 44
77 41 50
32 30 58
65 17 54
82 63 47
59 84 46
6 34 53
53 24 49
35 60 37
78 70 53
64 24 59
86 17 52
25 13 34
39 47 39
58 25 38
26 61 46
33 57 50
62 32 55
19 68 36
18 50 35
11 43 43
23 3 31
44 38 59
15 83 44
72 16 48
4 45 52
2 54 47
87 32 50
71 47 48
55 25 50
7 80 49
8 80 48
74 34 49
67 0 37
52 43 51
PROGRAMS ASSIGNED TO NODES (nID pID1 pID2 ...):
0 1 2 3 4 5 6 7 8 9 10 11 12 13 14 15 16 17 18 19 20 21 22 23 24 25 26 27 28 29 30
2 3 23
3 7 10
4 11 12
5 1 3 22 28 14
6 19 23 30
7 16 2 6 8 27 12 13 30
8 1 4 5 6 7 8 10 12 15 17 18 19 20 21 27 28 30
9 19 26 11
10 1 2 3 4 5 6 7 8 9 10 11 13 14 15 16 17 18 19 20 21 23 25 26 27 29 30
11 16
12 2 3 4 6 8 9 10 11 12 13 14 15 18 19 20 21 22 23 24 25 26 27 28 29 30
13 1 2 3 4 5 6 7 8 9 10 11 12 13 15 16 17 19 20 21 22 23 24 25 27 29 30
14 1 2 6 7 9 10 12 15 16 17 18 19 20 23 25 26 27 28 29 30
15 1 2 3 4 5 6 7 8 9 10 11 12 13 14 15 16 17 18 19 20 22 23 24 25 26 27 28 29 30
16 1 2 3 4 5 6 7 9 10 11 12 13 15 16 17 18 19 20 22 23 24 25 27 29
17 1 2 3 4 5 6 7 8 9 11 12 14 16 17 18 19 20 22 23 24 25 26 28 30
18 4 5 6 8 10 12 16 18 19 20 21 23 24 28
19 1 3 5 7 9 14 15 17 18 22 23 24 25 29
20 18 2 11 28 12 13 14
21 16 5 23 25 9 27
22 19 6 23 28 29
23 16 17 1 18 19 6 26 27 28 29 30
24 1 2 3 6 8 9 10 12 16 17 18 21 23 24 25 26 28 29
25 1 3 4 5 7 9 10 13 15 16 17 19 20 22 23 25 26 27 28 29
26 4 6 7 8 10 11 13 17 18 19 20 25 26 28 30
27 1 2 3 4 5 6 7 8 11 12 15 17 18 19 20 23 24 27 28 30
28 1 3 5 7 11 12 14 18 19 21 23 25 27 28 29
29 17 3 6 9 13
30 2 18 19 20 5 6 8 29 15
31 16 17 19 7 26 30
32 3 6 24 10 27 29
33 1 2 3 6 7 8 9 10 11 12 13 14 15 17 18 19 20 21 22 23 24 25 26 27 28 29 30
34 1 27 28 15
35 1 2 4 5 6 8 9 12 13 14 17 19 20 21 23 24 25 28 30
36 1 2 3 4 5 7 8 9 10 11 12 13 14 15 16 17 18 19 20 21 22 23 25 26 27 28 29 30
37 1 2 4 5 6 7 8 9 10 11 12 13 14 15 16 17 18 19 20 21 22 23 25 26 27 28 29 30
38 17 18 19 21 5 6 7 24 8 11 12 13
39 2 4 5 6 7 10 13 14 15 16 17 18 19 20 21 22 24 25 27 28 29 30
40 2 4 5 6 7 8 9 10 12 13 14 15 16 19 20 21 22 23 24 25 26 27 28 29 30
41 1 3 4 5 6 7 10 11 12 13 15 16 17 18 22 23 24 25 27 29 30
42 1 2 3 4 5 6 7 8 9 10 11 12 13 14 15 16 20 22 24 26 27 28
43 16 18 20 6 23 8 27 11 13 29 14
44 1 2 3 5 6 8 9 14 15 16 17 19 21 23 24 25 26
45 1 3 4 5 7 13 14 15 16 17 18 21 22 24 25 26 27 28
46 1 2 3 4 5 8 9 10 11 12 13 14 15 16 17 18 19 20 21 22 23 25 26 27 28 29 30
47 1 4 7 9 11 12 13 14 15 19 21 22 23 29
48 1 2 3 4 5 6 8 10 11 12 13 16 17 19 22 23 24 25 26 27 29 30
49 23 28
50 2 3 4 5 11 13 16 19 20 22 24 25 26 29 30
51 1 3 5 6 8 9 10 15 16 18 19 20 21 25 26 27 29 30
52 3 22 8 25 27 11 29 13 30 15
53 1 7 8 9 10 11 12 15 20 21 22 25 26 27 28 30
54 1 2 4 6 10 11 13 14 16 18 21 24 25
55 19 11
56 2 3 4 6 7 8 9 10 11 13 14 15 16 19 20 21 22 23 24 25 26 27 28 29
57 2 4 6 9 10 11 12 17 20 21 22 23 27 29 30
58 16 2 3 5 22 7 23 25 11 27 14 15
59 3 5 6 7 8 9 10 11 13 14 16 17 18 19 20 21 22 23 26 27 29 30
60 2 3 4 7 8 9 10 11 12 13 14 15 16 17 18 19 20 21 22 23 24 26 27 28 29
61 1 2 3 4 5 6 7 8 9 10 11 12 13 14 15 16 17 18 19 20 21 22 23 24 25 26 27 28 30
62 1 2 3 4 5 6 7 8 9 10 12 13 14 15 16 18 19 20 21 22 23 24 25 27 28 29 30
63 1 2 3 4 5 6 7 8 9 10 11 13 14 15 16 17 19 20 21 22 23 24 25 26 27 28 29 30
64 22 14
65 8
66 1 2 4 5 6 7 9 10 11 12 13 14 16 17 20 21 22 23 25 26 27 29 30
67 2 3 5 6 8 10 11 12 14 15 18 19 20 23 24 25 26 29
68 2 19 25 12 13 14
70 17 3 4 20 5
71 6 9 10 11 13 14 16 17 18 20 21 26 29 30
72 1 2 4 5 6 7 8 9 10 11 12 14 15 17 18 19 20 21 22 24 25 26 27 28 29 30
73 1 2 3 5 6 7 10 12 13 15 17 18 19 24 25 27 29
74 1 17 4 22 7 23 8 10 27 14
75 1 2 3 4 5 6 7 8 9 10 11 12 13 14 16 17 18 19 20 21 22 23 24 25 26 28 29 30
76 4 5 8 9 11 12 14 16 19 21 23 25 26 27 28
77 2 3 5 6 8 11 12 15 18 19 23 26 27 29
78 5 8 9 10 11 12 14 15 16 18 22 25 26 27 30
79 1 2 18 4 8 9 27
81 17 3 20 4 21 23 26 12 13
82 6 8 11
83 1 2 3 4 5 6 7 8 9 11 12 13 14 15 16 17 18 19 20 21 22 23 25 28 29 30
84 1 2 4 5 6 8 10 11 14 20 21 24 27 28 29 30
85 1 2 3 4 5 6 7 9 10 12 13 14 15 16 18 19 20 21 22 23 24 27 28 29 30
86 1 2 3 4 5 6 7 9 11 12 13 14 16 18 20 21 22 26 28 29
87 16 19 8 24 28 15
88 1 4 7 10 14 15 16 17 19 20 22 23 26 28 29
89 4 20 21 5 6 9 10 30 14
SIZE OF PROGRAMS (pID SIZE):
1 94.0
2 60.0
3 72.0
4 72.0
5 93.0
6 70.0
7 53.0
8 71.0
9 97.0
10 92.0
11 48.0
12 43.0
13 92.0
14 78.0
15 54.0
16 76.0
17 69.0
18 92.0
19 93.0
20 96.0
21 92.0
22 80.0
23 96.0
24 76.0
25 49.0
26 75.0
27 53.0
28 66.0
29 65.0
30 73.0
COST TO INSTALL SERVERS AND PROGRAMS ON NODES (COST_TO_INSTALL_SERVER COST_TO_INSTALL_pID1 ...):
0 7927.835051546393 2.9072164948453607 1.8556701030927836 2.2268041237113403 2.2268041237113403 2.8762886597938144 2.1649484536082473 1.6391752577319587 2.195876288659794 3.0 2.845360824742268 1.4845360824742269 1.3298969072164948 2.845360824742268 2.4123711340206184 1.6701030927835052 2.350515463917526 2.134020618556701 2.845360824742268 2.8762886597938144 2.9690721649484537 2.845360824742268 2.4742268041237114 2.9690721649484537 2.350515463917526 1.5154639175257731 2.3195876288659796 1.6391752577319587 2.0412371134020617 2.0103092783505154 2.2577319587628866
1 60.0 2.9072164948453607 1.8556701030927836 2.2268041237113403 2.2268041237113403 2.8762886597938144 2.1649484536082473 1.6391752577319587 2.195876288659794 3.0 2.845360824742268 1.4845360824742269 1.3298969072164948 2.845360824742268 2.4123711340206184 1.6701030927835052 2.350515463917526 2.134020618556701 2.845360824742268 2.8762886597938144 2.9690721649484537 2.845360824742268 2.4742268041237114 2.9690721649484537 2.350515463917526 1.5154639175257731 2.3195876288659796 1.6391752577319587 2.0412371134020617 2.0103092783505154 2.2577319587628866
2 13.773395039086042 2.9072164948453607 1.8556701030927836 2.2268041237113403 2.2268041237113403 2.8762886597938144 2.1649484536082473 1.6391752577319587 2.195876288659794 3.0 2.845360824742268 1.4845360824742269 1.3298969072164948 2.845360824742268 2.4123711340206184 1.6701030927835052 2.350515463917526 2.134020618556701 2.845360824742268 2.8762886597938144 2.9690721649484537 2.845360824742268 2.4742268041237114 2.9690721649484537 2.350515463917526 1.5154639175257731 2.3195876288659796 1.6391752577319587 2.0412371134020617 2.0103092783505154 2.2577319587628866
3 59.45453624083487 2.9072164948453607 1.8556701030927836 2.2268041237113403 2.2268041237113403 2.8762886597938144 2.1649484536082473 1.6391752577319587 2.195876288659794 3.0 2.845360824742268 1.4845360824742269 1.3298969072164948 2.845360824742268 2.4123711340206184 1.6701030927835052 2.350515463917526 2.134020618556701 2.845360824742268 2.8762886597938144 2.9690721649484537 2.845360824742268 2.4742268041237114 2.9690721649484537 2.350515463917526 1.5154639175257731 2.3195876288659796 1.6391752577319587 2.0412371134020617 2.0103092783505154 2.2577319587628866
4 0.24942010309278362 2.9072164948453607 1.8556701030927836 2.2268041237113403 2.2268041237113403 2.8762886597938144 2.1649484536082473 1.6391752577319587 2.195876288659794 3.0 2.845360824742268 1.4845360824742269 1.3298969072164948 2.845360824742268 2.4123711340206184 1.6701030927835052 2.350515463917526 2.134020618556701 2.845360824742268 2.8762886597938144 2.9690721649484537 2.845360824742268 2.4742268041237114 2.9690721649484537 2.350515463917526 1.5154639175257731 2.3195876288659796 1.6391752577319587 2.0412371134020617 2.0103092783505154 2.2577319587628866
5 6.760509616217623 2.9072164948453607 1.8556701030927836 2.2268041237113403 2.2268041237113403 2.8762886597938144 2.1649484536082473 1.6391752577319587 2.195876288659794 3.0 2.845360824742268 1.4845360824742269 1.3298969072164948 2.845360824742268 2.4123711340206184 1.6701030927835052 2.350515463917526 2.134020618556701 2.845360824742268 2.8762886597938144 2.9690721649484537 2.845360824742268 2.4742268041237114 2.9690721649484537 2.350515463917526 1.5154639175257731 2.3195876288659796 1.6391752577319587 2.0412371134020617 2.0103092783505154 2.2577319587628866
6 7.77698364455683 1.9381443298969072 1.2371134020618557 1.4845360824742269 1.4845360824742269 1.9175257731958764 1.443298969072165 1.092783505154639 1.4639175257731958 2.0 1.8969072164948453 0.9896907216494846 0.8865979381443299 1.8969072164948453 1.6082474226804124 1.1134020618556701 1.5670103092783505 1.422680412371134 1.8969072164948453 1.9175257731958764 1.9793814432989691 1.8969072164948453 1.6494845360824741 1.9793814432989691 1.5670103092783505 1.0103092783505154 1.5463917525773196 1.092783505154639 1.3608247422680413 1.3402061855670102 1.5051546391752577
7 23.385648650607667 1.9381443298969072 1.2371134020618557 1.4845360824742269 1.4845360824742269 1.9175257731958764 1.443298969072165 1.092783505154639 1.4639175257731958 2.0 1.8969072164948453 0.9896907216494846 0.8865979381443299 1.8969072164948453 1.6082474226804124 1.1134020618556701 1.5670103092783505 1.422680412371134 1.8969072164948453 1.9175257731958764 1.9793814432989691 1.8969072164948453 1.6494845360824741 1.9793814432989691 1.5670103092783505 1.0103092783505154 1.5463917525773196 1.092783505154639 1.3608247422680413 1.3402061855670102 1.5051546391752577
8 118.22562481557492 2.9072164948453607 1.8556701030927836 2.2268041237113403 2.2268041237113403 2.8762886597938144 2.1649484536082473 1.6391752577319587 2.195876288659794 3.0 2.845360824742268 1.4845360824742269 1.3298969072164948 2.845360824742268 2.4123711340206184 1.6701030927835052 2.350515463917526 2.134020618556701 2.845360824742268 2.8762886597938144 2.9690721649484537 2.845360824742268 2.4742268041237114 2.9690721649484537 2.350515463917526 1.5154639175257731 2.3195876288659796 1.6391752577319587 2.0412371134020617 2.0103092783505154 2.2577319587628866
9 98.09815801302832 2.9072164948453607 1.8556701030927836 2.2268041237113403 2.2268041237113403 2.8762886597938144 2.1649484536082473 1.6391752577319587 2.195876288659794 3.0 2.845360824742268 1.4845360824742269 1.3298969072164948 2.845360824742268 2.4123711340206184 1.6701030927835052 2.350515463917526 2.134020618556701 2.845360824742268 2.8762886597938144 2.9690721649484537 2.845360824742268 2.4742268041237114 2.9690721649484537 2.350515463917526 1.5154639175257731 2.3195876288659796 1.6391752577319587 2.0412371134020617 2.0103092783505154 2.2577319587628866
10 32.75357499168605 1.9381443298969072 1.2371134020618557 1.4845360824742269 1.4845360824742269 1.9175257731958764 1.443298969072165 1.092783505154639 1.4639175257731958 2.0 1.8969072164948453 0.9896907216494846 0.8865979381443299 1.8969072164948453 1.6082474226804124 1.1134020618556701 1.5670103092783505 1.422680412371134 1.8969072164948453 1.9175257731958764 1.9793814432989691 1.8969072164948453 1.6494845360824741 1.9793814432989691 1.5670103092783505 1.0103092783505154 1.5463917525773196 1.092783505154639 1.3608247422680413 1.3402061855670102 1.5051546391752577
11 2.7993236106067716 2.9072164948453607 1.8556701030927836 2.2268041237113403 2.2268041237113403 2.8762886597938144 2.1649484536082473 1.6391752577319587 2.195876288659794 3.0 2.845360824742268 1.4845360824742269 1.3298969072164948 2.845360824742268 2.4123711340206184 1.6701030927835052 2.350515463917526 2.134020618556701 2.845360824742268 2.8762886597938144 2.9690721649484537 2.845360824742268 2.4742268041237114 2.9690721649484537 2.350515463917526 1.5154639175257731 2.3195876288659796 1.6391752577319587 2.0412371134020617 2.0103092783505154 2.2577319587628866
12 26.167820344092558 2.9072164948453607 1.8556701030927836 2.2268041237113403 2.2268041237113403 2.8762886597938144 2.1649484536082473 1.6391752577319587 2.195876288659794 3.0 2.845360824742268 1.4845360824742269 1.3298969072164948 2.845360824742268 2.4123711340206184 1.6701030927835052 2.350515463917526 2.134020618556701 2.845360824742268 2.8762886597938144 2.9690721649484537 2.845360824742268 2.4742268041237114 2.9690721649484537 2.350515463917526 1.5154639175257731 2.3195876288659796 1.6391752577319587 2.0412371134020617 2.0103092783505154 2.2577319587628866
13 100.52708125484982 1.9381443298969072 1.2371134020618557 1.4845360824742269 1.4845360824742269 1.9175257731958764 1.443298969072165 1.092783505154639 1.4639175257731958 2.0 1.8969072164948453 0.9896907216494846 0.8865979381443299 1.8969072164948453 1.6082474226804124 1.1134020618556701 1.5670103092783505 1.422680412371134 1.8969072164948453 1.9175257731958764 1.9793814432989691 1.8969072164948453 1.6494845360824741 1.9793814432989691 1.5670103092783505 1.0103092783505154 1.5463917525773196 1.092783505154639 1.3608247422680413 1.3402061855670102 1.5051546391752577
14 44.81099656357389 1.9381443298969072 1.2371134020618557 1.4845360824742269 1.4845360824742269 1.9175257731958764 1.443298969072165 1.092783505154639 1.4639175257731958 2.0 1.8969072164948453 0.9896907216494846 0.8865979381443299 1.8969072164948453 1.6082474226804124 1.1134020618556701 1.5670103092783505 1.422680412371134 1.8969072164948453 1.9175257731958764 1.9793814432989691 1.8969072164948453 1.6494845360824741 1.9793814432989691 1.5670103092783505 1.0103092783505154 1.5463917525773196 1.092783505154639 1.3608247422680413 1.3402061855670102 1.5051546391752577
15 322.56841562491917 1.9381443298969072 1.2371134020618557 1.4845360824742269 1.4845360824742269 1.9175257731958764 1.443298969072165 1.092783505154639 1.4639175257731958 2.0 1.8969072164948453 0.9896907216494846 0.8865979381443299 1.8969072164948453 1.6082474226804124 1.1134020618556701 1.5670103092783505 1.422680412371134 1.8969072164948453 1.9175257731958764 1.9793814432989691 1.8969072164948453 1.6494845360824741 1.9793814432989691 1.5670103092783505 1.0103092783505154 1.5463917525773196 1.092783505154639 1.3608247422680413 1.3402061855670102 1.5051546391752577
16 116.25967435221706 2.9072164948453607 1.8556701030927836 2.2268041237113403 2.2268041237113403 2.8762886597938144 2.1649484536082473 1.6391752577319587 2.195876288659794 3.0 2.845360824742268 1.4845360824742269 1.3298969072164948 2.845360824742268 2.4123711340206184 1.6701030927835052 2.350515463917526 2.134020618556701 2.845360824742268 2.8762886597938144 2.9690721649484537 2.845360824742268 2.4742268041237114 2.9690721649484537 2.350515463917526 1.5154639175257731 2.3195876288659796 1.6391752577319587 2.0412371134020617 2.0103092783505154 2.2577319587628866
17 38.344382268459064 2.9072164948453607 1.8556701030927836 2.2268041237113403 2.2268041237113403 2.8762886597938144 2.1649484536082473 1.6391752577319587 2.195876288659794 3.0 2.845360824742268 1.4845360824742269 1.3298969072164948 2.845360824742268 2.4123711340206184 1.6701030927835052 2.350515463917526 2.134020618556701 2.845360824742268 2.8762886597938144 2.9690721649484537 2.845360824742268 2.4742268041237114 2.9690721649484537 2.350515463917526 1.5154639175257731 2.3195876288659796 1.6391752577319587 2.0412371134020617 2.0103092783505154 2.2577319587628866
18 19.58862424457873 2.9072164948453607 1.8556701030927836 2.2268041237113403 2.2268041237113403 2.8762886597938144 2.1649484536082473 1.6391752577319587 2.195876288659794 3.0 2.845360824742268 1.4845360824742269 1.3298969072164948 2.845360824742268 2.4123711340206184 1.6701030927835052 2.350515463917526 2.134020618556701 2.845360824742268 2.8762886597938144 2.9690721649484537 2.845360824742268 2.4742268041237114 2.9690721649484537 2.350515463917526 1.5154639175257731 2.3195876288659796 1.6391752577319587 2.0412371134020617 2.0103092783505154 2.2577319587628866
19 41.99338555353414 1.9381443298969072 1.2371134020618557 1.4845360824742269 1.4845360824742269 1.9175257731958764 1.443298969072165 1.092783505154639 1.4639175257731958 2.0 1.8969072164948453 0.9896907216494846 0.8865979381443299 1.8969072164948453 1.6082474226804124 1.1134020618556701 1.5670103092783505 1.422680412371134 1.8969072164948453 1.9175257731958764 1.9793814432989691 1.8969072164948453 1.6494845360824741 1.9793814432989691 1.5670103092783505 1.0103092783505154 1.5463917525773196 1.092783505154639 1.3608247422680413 1.3402061855670102 1.5051546391752577
20 6.025703886876566 2.9072164948453607 1.8556701030927836 2.2268041237113403 2.2268041237113403 2.8762886597938144 2.1649484536082473 1.6391752577319587 2.195876288659794 3.0 2.845360824742268 1.4845360824742269 1.3298969072164948 2.845360824742268 2.4123711340206184 1.6701030927835052 2.350515463917526 2.134020618556701 2.845360824742268 2.8762886597938144 2.9690721649484537 2.845360824742268 2.4742268041237114 2.9690721649484537 2.350515463917526 1.5154639175257731 2.3195876288659796 1.6391752577319587 2.0412371134020617 2.0103092783505154 2.2577319587628866
21 29.22716071052869 1.9381443298969072 1.2371134020618557 1.4845360824742269 1.4845360824742269 1.9175257731958764 1.443298969072165 1.092783505154639 1.4639175257731958 2.0 1.8969072164948453 0.9896907216494846 0.8865979381443299 1.8969072164948453 1.6082474226804124 1.1134020618556701 1.5670103092783505 1.422680412371134 1.8969072164948453 1.9175257731958764 1.9793814432989691 1.8969072164948453 1.6494845360824741 1.9793814432989691 1.5670103092783505 1.0103092783505154 1.5463917525773196 1.092783505154639 1.3608247422680413 1.3402061855670102 1.5051546391752577
22 20.767919771125058 2.9072164948453607 1.8556701030927836 2.2268041237113403 2.2268041237113403 2.8762886597938144 2.1649484536082473 1.6391752577319587 2.195876288659794 3.0 2.845360824742268 1.4845360824742269 1.3298969072164948 2.845360824742268 2.4123711340206184 1.6701030927835052 2.350515463917526 2.134020618556701 2.845360824742268 2.8762886597938144 2.9690721649484537 2.845360824742268 2.4742268041237114 2.9690721649484537 2.350515463917526 1.5154639175257731 2.3195876288659796 1.6391752577319587 2.0412371134020617 2.0103092783505154 2.2577319587628866
23 19.298912893724165 1.9381443298969072 1.2371134020618557 1.4845360824742269 1.4845360824742269 1.9175257731958764 1.443298969072165 1.092783505154639 1.4639175257731958 2.0 1.8969072164948453 0.9896907216494846 0.8865979381443299 1.8969072164948453 1.6082474226804124 1.1134020618556701 1.5670103092783505 1.422680412371134 1.8969072164948453 1.9175257731958764 1.9793814432989691 1.8969072164948453 1.6494845360824741 1.9793814432989691 1.5670103092783505 1.0103092783505154 1.5463917525773196 1.092783505154639 1.3608247422680413 1.3402061855670102 1.5051546391752577
24 47.693985412034245 2.9072164948453607 1.8556701030927836 2.2268041237113403 2.2268041237113403 2.8762886597938144 2.1649484536082473 1.6391752577319587 2.195876288659794 3.0 2.845360824742268 1.4845360824742269 1.3298969072164948 2.845360824742268 2.4123711340206184 1.6701030927835052 2.350515463917526 2.134020618556701 2.845360824742268 2.8762886597938144 2.9690721649484537 2.845360824742268 2.4742268041237114 2.9690721649484537 2.350515463917526 1.5154639175257731 2.3195876288659796 1.6391752577319587 2.0412371134020617 2.0103092783505154 2.2577319587628866
25 136.33758175649976 1.9381443298969072 1.2371134020618557 1.4845360824742269 1.4845360824742269 1.9175257731958764 1.443298969072165 1.092783505154639 1.4639175257731958 2.0 1.8969072164948453 0.9896907216494846 0.8865979381443299 1.8969072164948453 1.6082474226804124 1.1134020618556701 1.5670103092783505 1.422680412371134 1.8969072164948453 1.9175257731958764 1.9793814432989691 1.8969072164948453 1.6494845360824741 1.9793814432989691 1.5670103092783505 1.0103092783505154 1.5463917525773196 1.092783505154639 1.3608247422680413 1.3402061855670102 1.5051546391752577
26 23.17410424137157 1.9381443298969072 1.2371134020618557 1.4845360824742269 1.4845360824742269 1.9175257731958764 1.443298969072165 1.092783505154639 1.4639175257731958 2.0 1.8969072164948453 0.9896907216494846 0.8865979381443299 1.8969072164948453 1.6082474226804124 1.1134020618556701 1.5670103092783505 1.422680412371134 1.8969072164948453 1.9175257731958764 1.9793814432989691 1.8969072164948453 1.6494845360824741 1.9793814432989691 1.5670103092783505 1.0103092783505154 1.5463917525773196 1.092783505154639 1.3608247422680413 1.3402061855670102 1.5051546391752577
27 94.70280029766778 1.9381443298969072 1.2371134020618557 1.4845360824742269 1.4845360824742269 1.9175257731958764 1.443298969072165 1.092783505154639 1.4639175257731958 2.0 1.8969072164948453 0.9896907216494846 0.8865979381443299 1.8969072164948453 1.6082474226804124 1.1134020618556701 1.5670103092783505 1.422680412371134 1.8969072164948453 1.9175257731958764 1.9793814432989691 1.8969072164948453 1.6494845360824741 1.9793814432989691 1.5670103092783505 1.0103092783505154 1.5463917525773196 1.092783505154639 1.3608247422680413 1.3402061855670102 1.5051546391752577
28 73.85702785454629 1.9381443298969072 1.2371134020618557 1.4845360824742269 1.4845360824742269 1.9175257731958764 1.443298969072165 1.092783505154639 1.4639175257731958 2.0 1.8969072164948453 0.9896907216494846 0.8865979381443299 1.8969072164948453 1.6082474226804124 1.1134020618556701 1.5670103092783505 1.422680412371134 1.8969072164948453 1.9175257731958764 1.9793814432989691 1.8969072164948453 1.6494845360824741 1.9793814432989691 1.5670103092783505 1.0103092783505154 1.5463917525773196 1.092783505154639 1.3608247422680413 1.3402061855670102 1.5051546391752577
29 135.75416913983292 1.9381443298969072 1.2371134020618557 1.4845360824742269 1.4845360824742269 1.9175257731958764 1.443298969072165 1.092783505154639 1.4639175257731958 2.0 1.8969072164948453 0.9896907216494846 0.8865979381443299 1.8969072164948453 1.6082474226804124 1.1134020618556701 1.5670103092783505 1.422680412371134 1.8969072164948453 1.9175257731958764 1.9793814432989691 1.8969072164948453 1.6494845360824741 1.9793814432989691 1.5670103092783505 1.0103092783505154 1.5463917525773196 1.092783505154639 1.3608247422680413 1.3402061855670102 1.5051546391752577
30 97.29516313786351 2.9072164948453607 1.8556701030927836 2.2268041237113403 2.2268041237113403 2.8762886597938144 2.1649484536082473 1.6391752577319587 2.195876288659794 3.0 2.845360824742268 1.4845360824742269 1.3298969072164948 2.845360824742268 2.4123711340206184 1.6701030927835052 2.350515463917526 2.134020618556701 2.845360824742268 2.8762886597938144 2.9690721649484537 2.845360824742268 2.4742268041237114 2.9690721649484537 2.350515463917526 1.5154639175257731 2.3195876288659796 1.6391752577319587 2.0412371134020617 2.0103092783505154 2.2577319587628866
31 130.0493405770008 2.9072164948453607 1.8556701030927836 2.2268041237113403 2.2268041237113403 2.8762886597938144 2.1649484536082473 1.6391752577319587 2.195876288659794 3.0 2.845360824742268 1.4845360824742269 1.3298969072164948 2.845360824742268 2.4123711340206184 1.6701030927835052 2.350515463917526 2.134020618556701 2.845360824742268 2.8762886597938144 2.9690721649484537 2.845360824742268 2.4742268041237114 2.9690721649484537 2.350515463917526 1.5154639175257731 2.3195876288659796 1.6391752577319587 2.0412371134020617 2.0103092783505154 2.2577319587628866
32 138.09042145593867 1.9381443298969072 1.2371134020618557 1.4845360824742269 1.4845360824742269 1.9175257731958764 1.443298969072165 1.092783505154639 1.4639175257731958 2.0 1.8969072164948453 0.9896907216494846 0.8865979381443299 1.8969072164948453 1.6082474226804124 1.1134020618556701 1.5670103092783505 1.422680412371134 1.8969072164948453 1.9175257731958764 1.9793814432989691 1.8969072164948453 1.6494845360824741 1.9793814432989691 1.5670103092783505 1.0103092783505154 1.5463917525773196 1.092783505154639 1.3608247422680413 1.3402061855670102 1.5051546391752577
33 91.67554332351497 1.9381443298969072 1.2371134020618557 1.4845360824742269 1.4845360824742269 1.9175257731958764 1.443298969072165 1.092783505154639 1.4639175257731958 2.0 1.8969072164948453 0.9896907216494846 0.8865979381443299 1.8969072164948453 1.6082474226804124 1.1134020618556701 1.5670103092783505 1.422680412371134 1.8969072164948453 1.9175257731958764 1.9793814432989691 1.8969072164948453 1.6494845360824741 1.9793814432989691 1.5670103092783505 1.0103092783505154 1.5463917525773196 1.092783505154639 1.3608247422680413 1.3402061855670102 1.5051546391752577
34 75.23930412371138 1.9381443298969072 1.2371134020618557 1.4845360824742269 1.4845360824742269 1.9175257731958764 1.443298969072165 1.092783505154639 1.4639175257731958 2.0 1.8969072164948453 0.9896907216494846 0.8865979381443299 1.8969072164948453 1.6082474226804124 1.1134020618556701 1.5670103092783505 1.422680412371134 1.8969072164948453 1.9175257731958764 1.9793814432989691 1.8969072164948453 1.6494845360824741 1.9793814432989691 1.5670103092783505 1.0103092783505154 1.5463917525773196 1.092783505154639 1.3608247422680413 1.3402061855670102 1.5051546391752577
35 107.9638902525501 1.9381443298969072 1.2371134020618557 1.4845360824742269 1.4845360824742269 1.9175257731958764 1.443298969072165 1.092783505154639 1.4639175257731958 2.0 1.8969072164948453 0.9896907216494846 0.8865979381443299 1.8969072164948453 1.6082474226804124 1.1134020618556701 1.5670103092783505 1.422680412371134 1.8969072164948453 1.9175257731958764 1.9793814432989691 1.8969072164948453 1.6494845360824741 1.9793814432989691 1.5670103092783505 1.0103092783505154 1.5463917525773196 1.092783505154639 1.3608247422680413 1.3402061855670102 1.5051546391752577
36 179.86668861330494 2.9072164948453607 1.8556701030927836 2.2268041237113403 2.2268041237113403 2.8762886597938144 2.1649484536082473 1.6391752577319587 2.195876288659794 3.0 2.845360824742268 1.4845360824742269 1.3298969072164948 2.845360824742268 2.4123711340206184 1.6701030927835052 2.350515463917526 2.134020618556701 2.845360824742268 2.8762886597938144 2.9690721649484537 2.845360824742268 2.4742268041237114 2.9690721649484537 2.350515463917526 1.5154639175257731 2.3195876288659796 1.6391752577319587 2.0412371134020617 2.0103092783505154 2.2577319587628866
37 200.94088862524458 1.9381443298969072 1.2371134020618557 1.4845360824742269 1.4845360824742269 1.9175257731958764 1.443298969072165 1.092783505154639 1.4639175257731958 2.0 1.8969072164948453 0.9896907216494846 0.8865979381443299 1.8969072164948453 1.6082474226804124 1.1134020618556701 1.5670103092783505 1.422680412371134 1.8969072164948453 1.9175257731958764 1.9793814432989691 1.8969072164948453 1.6494845360824741 1.9793814432989691 1.5670103092783505 1.0103092783505154 1.5463917525773196 1.092783505154639 1.3608247422680413 1.3402061855670102 1.5051546391752577
38 89.66002426308935 1.9381443298969072 1.2371134020618557 1.4845360824742269 1.4845360824742269 1.9175257731958764 1.443298969072165 1.092783505154639 1.4639175257731958 2.0 1.8969072164948453 0.9896907216494846 0.8865979381443299 1.8969072164948453 1.6082474226804124 1.1134020618556701 1.5670103092783505 1.422680412371134 1.8969072164948453 1.9175257731958764 1.9793814432989691 1.8969072164948453 1.6494845360824741 1.9793814432989691 1.5670103092783505 1.0103092783505154 1.5463917525773196 1.092783505154639 1.3608247422680413 1.3402061855670102 1.5051546391752577
39 125.37202079869668 2.9072164948453607 1.8556701030927836 2.2268041237113403 2.2268041237113403 2.8762886597938144 2.1649484536082473 1.6391752577319587 2.195876288659794 3.0 2.845360824742268 1.4845360824742269 1.3298969072164948 2.845360824742268 2.4123711340206184 1.6701030927835052 2.350515463917526 2.134020618556701 2.845360824742268 2.8762886597938144 2.9690721649484537 2.845360824742268 2.4742268041237114 2.9690721649484537 2.350515463917526 1.5154639175257731 2.3195876288659796 1.6391752577319587 2.0412371134020617 2.0103092783505154 2.2577319587628866
40 50.043228467041054 2.9072164948453607 1.8556701030927836 2.2268041237113403 2.2268041237113403 2.8762886597938144 2.1649484536082473 1.6391752577319587 2.195876288659794 3.0 2.845360824742268 1.4845360824742269 1.3298969072164948 2.845360824742268 2.4123711340206184 1.6701030927835052 2.350515463917526 2.134020618556701 2.845360824742268 2.8762886597938144 2.9690721649484537 2.845360824742268 2.4742268041237114 2.9690721649484537 2.350515463917526 1.5154639175257731 2.3195876288659796 1.6391752577319587 2.0412371134020617 2.0103092783505154 2.2577319587628866
41 77.25763688511199 2.9072164948453607 1.8556701030927836 2.2268041237113403 2.2268041237113403 2.8762886597938144 2.1649484536082473 1.6391752577319587 2.195876288659794 3.0 2.845360824742268 1.4845360824742269 1.3298969072164948 2.845360824742268 2.4123711340206184 1.6701030927835052 2.350515463917526 2.134020618556701 2.845360824742268 2.8762886597938144 2.9690721649484537 2.845360824742268 2.4742268041237114 2.9690721649484537 2.350515463917526 1.5154639175257731 2.3195876288659796 1.6391752577319587 2.0412371134020617 2.0103092783505154 2.2577319587628866
42 69.52339232069802 2.9072164948453607 1.8556701030927836 2.2268041237113403 2.2268041237113403 2.8762886597938144 2.1649484536082473 1.6391752577319587 2.195876288659794 3.0 2.845360824742268 1.4845360824742269 1.3298969072164948 2.845360824742268 2.4123711340206184 1.6701030927835052 2.350515463917526 2.134020618556701 2.845360824742268 2.8762886597938144 2.9690721649484537 2.845360824742268 2.4742268041237114 2.9690721649484537 2.350515463917526 1.5154639175257731 2.3195876288659796 1.6391752577319587 2.0412371134020617 2.0103092783505154 2.2577319587628866
43 20.251335742683505 2.9072164948453607 1.8556701030927836 2.2268041237113403 2.2268041237113403 2.8762886597938144 2.1649484536082473 1.6391752577319587 2.195876288659794 3.0 2.845360824742268 1.4845360824742269 1.3298969072164948 2.845360824742268 2.4123711340206184 1.6701030927835052 2.350515463917526 2.134020618556701 2.845360824742268 2.8762886597938144 2.9690721649484537 2.845360824742268 2.4742268041237114 2.9690721649484537 2.350515463917526 1.5154639175257731 2.3195876288659796 1.6391752577319587 2.0412371134020617 2.0103092783505154 2.2577319587628866
44 83.5224745850541 2.9072164948453607 1.8556701030927836 2.2268041237113403 2.2268041237113403 2.8762886597938144 2.1649484536082473 1.6391752577319587 2.195876288659794 3.0 2.845360824742268 1.4845360824742269 1.3298969072164948 2.845360824742268 2.4123711340206184 1.6701030927835052 2.350515463917526 2.134020618556701 2.845360824742268 2.8762886597938144 2.9690721649484537 2.845360824742268 2.4742268041237114 2.9690721649484537 2.350515463917526 1.5154639175257731 2.3195876288659796 1.6391752577319587 2.0412371134020617 2.0103092783505154 2.2577319587628866
45 46.0 2.9072164948453607 1.8556701030927836 2.2268041237113403 2.2268041237113403 2.8762886597938144 2.1649484536082473 1.6391752577319587 2.195876288659794 3.0 2.845360824742268 1.4845360824742269 1.3298969072164948 2.845360824742268 2.4123711340206184 1.6701030927835052 2.350515463917526 2.134020618556701 2.845360824742268 2.8762886597938144 2.9690721649484537 2.845360824742268 2.4742268041237114 2.9690721649484537 2.350515463917526 1.5154639175257731 2.3195876288659796 1.6391752577319587 2.0412371134020617 2.0103092783505154 2.2577319587628866
46 1.5833693014172434 1.9381443298969072 1.2371134020618557 1.4845360824742269 1.4845360824742269 1.9175257731958764 1.443298969072165 1.092783505154639 1.4639175257731958 2.0 1.8969072164948453 0.9896907216494846 0.8865979381443299 1.8969072164948453 1.6082474226804124 1.1134020618556701 1.5670103092783505 1.422680412371134 1.8969072164948453 1.9175257731958764 1.9793814432989691 1.8969072164948453 1.6494845360824741 1.9793814432989691 1.5670103092783505 1.0103092783505154 1.5463917525773196 1.092783505154639 1.3608247422680413 1.3402061855670102 1.5051546391752577
47 48.35683218527047 2.9072164948453607 1.8556701030927836 2.2268041237113403 2.2268041237113403 2.8762886597938144 2.1649484536082473 1.6391752577319587 2.195876288659794 3.0 2.845360824742268 1.4845360824742269 1.3298969072164948 2.845360824742268 2.4123711340206184 1.6701030927835052 2.350515463917526 2.134020618556701 2.845360824742268 2.8762886597938144 2.9690721649484537 2.845360824742268 2.4742268041237114 2.9690721649484537 2.350515463917526 1.5154639175257731 2.3195876288659796 1.6391752577319587 2.0412371134020617 2.0103092783505154 2.2577319587628866
48 122.46894501066134 2.9072164948453607 1.8556701030927836 2.2268041237113403 2.2268041237113403 2.8762886597938144 2.1649484536082473 1.6391752577319587 2.195876288659794 3.0 2.845360824742268 1.4845360824742269 1.3298969072164948 2.845360824742268 2.4123711340206184 1.6701030927835052 2.350515463917526 2.134020618556701 2.845360824742268 2.8762886597938144 2.9690721649484537 2.845360824742268 2.4742268041237114 2.9690721649484537 2.350515463917526 1.5154639175257731 2.3195876288659796 1.6391752577319587 2.0412371134020617 2.0103092783505154 2.2577319587628866
49 81.54587444111884 2.9072164948453607 1.8556701030927836 2.2268041237113403 2.2268041237113403 2.8762886597938144 2.1649484536082473 1.6391752577319587 2.195876288659794 3.0 2.845360824742268 1.4845360824742269 1.3298969072164948 2.845360824742268 2.4123711340206184 1.6701030927835052 2.350515463917526 2.134020618556701 2.845360824742268 2.8762886597938144 2.9690721649484537 2.845360824742268 2.4742268041237114 2.9690721649484537 2.350515463917526 1.5154639175257731 2.3195876288659796 1.6391752577319587 2.0412371134020617 2.0103092783505154 2.2577319587628866
50 14.511977798928932 2.9072164948453607 1.8556701030927836 2.2268041237113403 2.2268041237113403 2.8762886597938144 2.1649484536082473 1.6391752577319587 2.195876288659794 3.0 2.845360824742268 1.4845360824742269 1.3298969072164948 2.845360824742268 2.4123711340206184 1.6701030927835052 2.350515463917526 2.134020618556701 2.845360824742268 2.8762886597938144 2.9690721649484537 2.845360824742268 2.4742268041237114 2.9690721649484537 2.350515463917526 1.5154639175257731 2.3195876288659796 1.6391752577319587 2.0412371134020617 2.0103092783505154 2.2577319587628866
51 56.15542443078454 2.9072164948453607 1.8556701030927836 2.2268041237113403 2.2268041237113403 2.8762886597938144 2.1649484536082473 1.6391752577319587 2.195876288659794 3.0 2.845360824742268 1.4845360824742269 1.3298969072164948 2.845360824742268 2.4123711340206184 1.6701030927835052 2.350515463917526 2.134020618556701 2.845360824742268 2.8762886597938144 2.9690721649484537 2.845360824742268 2.4742268041237114 2.9690721649484537 2.350515463917526 1.5154639175257731 2.3195876288659796 1.6391752577319587 2.0412371134020617 2.0103092783505154 2.2577319587628866
52 31.144218478349423 2.9072164948453607 1.8556701030927836 2.2268041237113403 2.2268041237113403 2.8762886597938144 2.1649484536082473 1.6391752577319587 2.195876288659794 3.0 2.845360824742268 1.4845360824742269 1.3298969072164948 2.845360824742268 2.4123711340206184 1.6701030927835052 2.350515463917526 2.134020618556701 2.845360824742268 2.8762886597938144 2.9690721649484537 2.845360824742268 2.4742268041237114 2.9690721649484537 2.350515463917526 1.5154639175257731 2.3195876288659796 1.6391752577319587 2.0412371134020617 2.0103092783505154 2.2577319587628866
53 121.60991946404602 2.9072164948453607 1.8556701030927836 2.2268041237113403 2.2268041237113403 2.8762886597938144 2.1649484536082473 1.6391752577319587 2.195876288659794 3.0 2.845360824742268 1.4845360824742269 1.3298969072164948 2.845360824742268 2.4123711340206184 1.6701030927835052 2.350515463917526 2.134020618556701 2.845360824742268 2.8762886597938144 2.9690721649484537 2.845360824742268 2.4742268041237114 2.9690721649484537 2.350515463917526 1.5154639175257731 2.3195876288659796 1.6391752577319587 2.0412371134020617 2.0103092783505154 2.2577319587628866
54 49.623321493545895 1.9381443298969072 1.2371134020618557 1.4845360824742269 1.4845360824742269 1.9175257731958764 1.443298969072165 1.092783505154639 1.4639175257731958 2.0 1.8969072164948453 0.9896907216494846 0.8865979381443299 1.8969072164948453 1.6082474226804124 1.1134020618556701 1.5670103092783505 1.422680412371134 1.8969072164948453 1.9175257731958764 1.9793814432989691 1.8969072164948453 1.6494845360824741 1.9793814432989691 1.5670103092783505 1.0103092783505154 1.5463917525773196 1.092783505154639 1.3608247422680413 1.3402061855670102 1.5051546391752577
55 8.258792998642756 1.9381443298969072 1.2371134020618557 1.4845360824742269 1.4845360824742269 1.9175257731958764 1.443298969072165 1.092783505154639 1.4639175257731958 2.0 1.8969072164948453 0.9896907216494846 0.8865979381443299 1.8969072164948453 1.6082474226804124 1.1134020618556701 1.5670103092783505 1.422680412371134 1.8969072164948453 1.9175257731958764 1.9793814432989691 1.8969072164948453 1.6494845360824741 1.9793814432989691 1.5670103092783505 1.0103092783505154 1.5463917525773196 1.092783505154639 1.3608247422680413 1.3402061855670102 1.5051546391752577
56 20.980982217818468 1.9381443298969072 1.2371134020618557 1.4845360824742269 1.4845360824742269 1.9175257731958764 1.443298969072165 1.092783505154639 1.4639175257731958 2.0 1.8969072164948453 0.9896907216494846 0.8865979381443299 1.8969072164948453 1.6082474226804124 1.1134020618556701 1.5670103092783505 1.422680412371134 1.8969072164948453 1.9175257731958764 1.9793814432989691 1.8969072164948453 1.6494845360824741 1.9793814432989691 1.5670103092783505 1.0103092783505154 1.5463917525773196 1.092783505154639 1.3608247422680413 1.3402061855670102 1.5051546391752577
57 28.326216605697823 2.9072164948453607 1.8556701030927836 2.2268041237113403 2.2268041237113403 2.8762886597938144 2.1649484536082473 1.6391752577319587 2.195876288659794 3.0 2.845360824742268 1.4845360824742269 1.3298969072164948 2.845360824742268 2.4123711340206184 1.6701030927835052 2.350515463917526 2.134020618556701 2.845360824742268 2.8762886597938144 2.9690721649484537 2.845360824742268 2.4742268041237114 2.9690721649484537 2.350515463917526 1.5154639175257731 2.3195876288659796 1.6391752577319587 2.0412371134020617 2.0103092783505154 2.2577319587628866
58 82.35578270149415 2.9072164948453607 1.8556701030927836 2.2268041237113403 2.2268041237113403 2.8762886597938144 2.1649484536082473 1.6391752577319587 2.195876288659794 3.0 2.845360824742268 1.4845360824742269 1.3298969072164948 2.845360824742268 2.4123711340206184 1.6701030927835052 2.350515463917526 2.134020618556701 2.845360824742268 2.8762886597938144 2.9690721649484537 2.845360824742268 2.4742268041237114 2.9690721649484537 2.350515463917526 1.5154639175257731 2.3195876288659796 1.6391752577319587 2.0412371134020617 2.0103092783505154 2.2577319587628866
59 65.52304959120433 1.9381443298969072 1.2371134020618557 1.4845360824742269 1.4845360824742269 1.9175257731958764 1.443298969072165 1.092783505154639 1.4639175257731958 2.0 1.8969072164948453 0.9896907216494846 0.8865979381443299 1.8969072164948453 1.6082474226804124 1.1134020618556701 1.5670103092783505 1.422680412371134 1.8969072164948453 1.9175257731958764 1.9793814432989691 1.8969072164948453 1.6494845360824741 1.9793814432989691 1.5670103092783505 1.0103092783505154 1.5463917525773196 1.092783505154639 1.3608247422680413 1.3402061855670102 1.5051546391752577
60 211.16791683602457 1.9381443298969072 1.2371134020618557 1.4845360824742269 1.4845360824742269 1.9175257731958764 1.443298969072165 1.092783505154639 1.4639175257731958 2.0 1.8969072164948453 0.9896907216494846 0.8865979381443299 1.8969072164948453 1.6082474226804124 1.1134020618556701 1.5670103092783505 1.422680412371134 1.8969072164948453 1.9175257731958764 1.9793814432989691 1.8969072164948453 1.6494845360824741 1.9793814432989691 1.5670103092783505 1.0103092783505154 1.5463917525773196 1.092783505154639 1.3608247422680413 1.3402061855670102 1.5051546391752577
61 25.692654639175252 2.9072164948453607 1.8556701030927836 2.2268041237113403 2.2268041237113403 2.8762886597938144 2.1649484536082473 1.6391752577319587 2.195876288659794 3.0 2.845360824742268 1.4845360824742269 1.3298969072164948 2.845360824742268 2.4123711340206184 1.6701030927835052 2.350515463917526 2.134020618556701 2.845360824742268 2.8762886597938144 2.9690721649484537 2.845360824742268 2.4742268041237114 2.9690721649484537 2.350515463917526 1.5154639175257731 2.3195876288659796 1.6391752577319587 2.0412371134020617 2.0103092783505154 2.2577319587628866
62 110.79191545745401 2.9072164948453607 1.8556701030927836 2.2268041237113403 2.2268041237113403 2.8762886597938144 2.1649484536082473 1.6391752577319587 2.195876288659794 3.0 2.845360824742268 1.4845360824742269 1.3298969072164948 2.845360824742268 2.4123711340206184 1.6701030927835052 2.350515463917526 2.134020618556701 2.845360824742268 2.8762886597938144 2.9690721649484537 2.845360824742268 2.4742268041237114 2.9690721649484537 2.350515463917526 1.5154639175257731 2.3195876288659796 1.6391752577319587 2.0412371134020617 2.0103092783505154 2.2577319587628866
63 61.56141693336697 2.9072164948453607 1.8556701030927836 2.2268041237113403 2.2268041237113403 2.8762886597938144 2.1649484536082473 1.6391752577319587 2.195876288659794 3.0 2.845360824742268 1.4845360824742269 1.3298969072164948 2.845360824742268 2.4123711340206184 1.6701030927835052 2.350515463917526 2.134020618556701 2.845360824742268 2.8762886597938144 2.9690721649484537 2.845360824742268 2.4742268041237114 2.9690721649484537 2.350515463917526 1.5154639175257731 2.3195876288659796 1.6391752577319587 2.0412371134020617 2.0103092783505154 2.2577319587628866
64 4.841021223271766 1.9381443298969072 1.2371134020618557 1.4845360824742269 1.4845360824742269 1.9175257731958764 1.443298969072165 1.092783505154639 1.4639175257731958 2.0 1.8969072164948453 0.9896907216494846 0.8865979381443299 1.8969072164948453 1.6082474226804124 1.1134020618556701 1.5670103092783505 1.422680412371134 1.8969072164948453 1.9175257731958764 1.9793814432989691 1.8969072164948453 1.6494845360824741 1.9793814432989691 1.5670103092783505 1.0103092783505154 1.5463917525773196 1.092783505154639 1.3608247422680413 1.3402061855670102 1.5051546391752577
65 3.57760942191212 1.9381443298969072 1.2371134020618557 1.4845360824742269 1.4845360824742269 1.9175257731958764 1.443298969072165 1.092783505154639 1.4639175257731958 2.0 1.8969072164948453 0.9896907216494846 0.8865979381443299 1.8969072164948453 1.6082474226804124 1.1134020618556701 1.5670103092783505 1.422680412371134 1.8969072164948453 1.9175257731958764 1.9793814432989691 1.8969072164948453 1.6494845360824741 1.9793814432989691 1.5670103092783505 1.0103092783505154 1.5463917525773196 1.092783505154639 1.3608247422680413 1.3402061855670102 1.5051546391752577
66 72.88019907571989 2.9072164948453607 1.8556701030927836 2.2268041237113403 2.2268041237113403 2.8762886597938144 2.1649484536082473 1.6391752577319587 2.195876288659794 3.0 2.845360824742268 1.4845360824742269 1.3298969072164948 2.845360824742268 2.4123711340206184 1.6701030927835052 2.350515463917526 2.134020618556701 2.845360824742268 2.8762886597938144 2.9690721649484537 2.845360824742268 2.4742268041237114 2.9690721649484537 2.350515463917526 1.5154639175257731 2.3195876288659796 1.6391752577319587 2.0412371134020617 2.0103092783505154 2.2577319587628866
67 4.328449502133712 1.9381443298969072 1.2371134020618557 1.4845360824742269 1.4845360824742269 1.9175257731958764 1.443298969072165 1.092783505154639 1.4639175257731958 2.0 1.8969072164948453 0.9896907216494846 0.8865979381443299 1.8969072164948453 1.6082474226804124 1.1134020618556701 1.5670103092783505 1.422680412371134 1.8969072164948453 1.9175257731958764 1.9793814432989691 1.8969072164948453 1.6494845360824741 1.9793814432989691 1.5670103092783505 1.0103092783505154 1.5463917525773196 1.092783505154639 1.3608247422680413 1.3402061855670102 1.5051546391752577
68 131.94710801158953 1.9381443298969072 1.2371134020618557 1.4845360824742269 1.4845360824742269 1.9175257731958764 1.443298969072165 1.092783505154639 1.4639175257731958 2.0 1.8969072164948453 0.9896907216494846 0.8865979381443299 1.8969072164948453 1.6082474226804124 1.1134020618556701 1.5670103092783505 1.422680412371134 1.8969072164948453 1.9175257731958764 1.9793814432989691 1.8969072164948453 1.6494845360824741 1.9793814432989691 1.5670103092783505 1.0103092783505154 1.5463917525773196 1.092783505154639 1.3608247422680413 1.3402061855670102 1.5051546391752577
69 34.36175360939416 1.9381443298969072 1.2371134020618557 1.4845360824742269 1.4845360824742269 1.9175257731958764 1.443298969072165 1.092783505154639 1.4639175257731958 2.0 1.8969072164948453 0.9896907216494846 0.8865979381443299 1.8969072164948453 1.6082474226804124 1.1134020618556701 1.5670103092783505 1.422680412371134 1.8969072164948453 1.9175257731958764 1.9793814432989691 1.8969072164948453 1.6494845360824741 1.9793814432989691 1.5670103092783505 1.0103092783505154 1.5463917525773196 1.092783505154639 1.3608247422680413 1.3402061855670102 1.5051546391752577
70 117.16956259073457 2.9072164948453607 1.8556701030927836 2.2268041237113403 2.2268041237113403 2.8762886597938144 2.1649484536082473 1.6391752577319587 2.195876288659794 3.0 2.845360824742268 1.4845360824742269 1.3298969072164948 2.845360824742268 2.4123711340206184 1.6701030927835052 2.350515463917526 2.134020618556701 2.845360824742268 2.8762886597938144 2.9690721649484537 2.845360824742268 2.4742268041237114 2.9690721649484537 2.350515463917526 1.5154639175257731 2.3195876288659796 1.6391752577319587 2.0412371134020617 2.0103092783505154 2.2577319587628866
71 107.89083711585228 1.9381443298969072 1.2371134020618557 1.4845360824742269 1.4845360824742269 1.9175257731958764 1.443298969072165 1.092783505154639 1.4639175257731958 2.0 1.8969072164948453 0.9896907216494846 0.8865979381443299 1.8969072164948453 1.6082474226804124 1.1134020618556701 1.5670103092783505 1.422680412371134 1.8969072164948453 1.9175257731958764 1.9793814432989691 1.8969072164948453 1.6494845360824741 1.9793814432989691 1.5670103092783505 1.0103092783505154 1.5463917525773196 1.092783505154639 1.3608247422680413 1.3402061855670102 1.5051546391752577
72 97.62133575780926 1.9381443298969072 1.2371134020618557 1.4845360824742269 1.4845360824742269 1.9175257731958764 1.443298969072165 1.092783505154639 1.4639175257731958 2.0 1.8969072164948453 0.9896907216494846 0.8865979381443299 1.8969072164948453 1.6082474226804124 1.1134020618556701 1.5670103092783505 1.422680412371134 1.8969072164948453 1.9175257731958764 1.9793814432989691 1.8969072164948453 1.6494845360824741 1.9793814432989691 1.5670103092783505 1.0103092783505154 1.5463917525773196 1.092783505154639 1.3608247422680413 1.3402061855670102 1.5051546391752577
73 122.19275311033029 2.9072164948453607 1.8556701030927836 2.2268041237113403 2.2268041237113403 2.8762886597938144 2.1649484536082473 1.6391752577319587 2.195876288659794 3.0 2.845360824742268 1.4845360824742269 1.3298969072164948 2.845360824742268 2.4123711340206184 1.6701030927835052 2.350515463917526 2.134020618556701 2.845360824742268 2.8762886597938144 2.9690721649484537 2.845360824742268 2.4742268041237114 2.9690721649484537 2.350515463917526 1.5154639175257731 2.3195876288659796 1.6391752577319587 2.0412371134020617 2.0103092783505154 2.2577319587628866
74 57.788912943340456 2.9072164948453607 1.8556701030927836 2.2268041237113403 2.2268041237113403 2.8762886597938144 2.1649484536082473 1.6391752577319587 2.195876288659794 3.0 2.845360824742268 1.4845360824742269 1.3298969072164948 2.845360824742268 2.4123711340206184 1.6701030927835052 2.350515463917526 2.134020618556701 2.845360824742268 2.8762886597938144 2.9690721649484537 2.845360824742268 2.4742268041237114 2.9690721649484537 2.350515463917526 1.5154639175257731 2.3195876288659796 1.6391752577319587 2.0412371134020617 2.0103092783505154 2.2577319587628866
75 161.0721386108899 1.9381443298969072 1.2371134020618557 1.4845360824742269 1.4845360824742269 1.9175257731958764 1.443298969072165 1.092783505154639 1.4639175257731958 2.0 1.8969072164948453 0.9896907216494846 0.8865979381443299 1.8969072164948453 1.6082474226804124 1.1134020618556701 1.5670103092783505 1.422680412371134 1.8969072164948453 1.9175257731958764 1.9793814432989691 1.8969072164948453 1.6494845360824741 1.9793814432989691 1.5670103092783505 1.0103092783505154 1.5463917525773196 1.092783505154639 1.3608247422680413 1.3402061855670102 1.5051546391752577
76 63.21807333690194 1.9381443298969072 1.2371134020618557 1.4845360824742269 1.4845360824742269 1.9175257731958764 1.443298969072165 1.092783505154639 1.4639175257731958 2.0 1.8969072164948453 0.9896907216494846 0.8865979381443299 1.8969072164948453 1.6082474226804124 1.1134020618556701 1.5670103092783505 1.422680412371134 1.8969072164948453 1.9175257731958764 1.9793814432989691 1.8969072164948453 1.6494845360824741 1.9793814432989691 1.5670103092783505 1.0103092783505154 1.5463917525773196 1.092783505154639 1.3608247422680413 1.3402061855670102 1.5051546391752577
77 57.406603337291116 2.9072164948453607 1.8556701030927836 2.2268041237113403 2.2268041237113403 2.8762886597938144 2.1649484536082473 1.6391752577319587 2.195876288659794 3.0 2.845360824742268 1.4845360824742269 1.3298969072164948 2.845360824742268 2.4123711340206184 1.6701030927835052 2.350515463917526 2.134020618556701 2.845360824742268 2.8762886597938144 2.9690721649484537 2.845360824742268 2.4742268041237114 2.9690721649484537 2.350515463917526 1.5154639175257731 2.3195876288659796 1.6391752577319587 2.0412371134020617 2.0103092783505154 2.2577319587628866
78 61.19015693235085 2.9072164948453607 1.8556701030927836 2.2268041237113403 2.2268041237113403 2.8762886597938144 2.1649484536082473 1.6391752577319587 2.195876288659794 3.0 2.845360824742268 1.4845360824742269 1.3298969072164948 2.845360824742268 2.4123711340206184 1.6701030927835052 2.350515463917526 2.134020618556701 2.845360824742268 2.8762886597938144 2.9690721649484537 2.845360824742268 2.4742268041237114 2.9690721649484537 2.350515463917526 1.5154639175257731 2.3195876288659796 1.6391752577319587 2.0412371134020617 2.0103092783505154 2.2577319587628866
79 34.13451675257731 2.9072164948453607 1.8556701030927836 2.2268041237113403 2.2268041237113403 2.8762886597938144 2.1649484536082473 1.6391752577319587 2.195876288659794 3.0 2.845360824742268 1.4845360824742269 1.3298969072164948 2.845360824742268 2.4123711340206184 1.6701030927835052 2.350515463917526 2.134020618556701 2.845360824742268 2.8762886597938144 2.9690721649484537 2.845360824742268 2.4742268041237114 2.9690721649484537 2.350515463917526 1.5154639175257731 2.3195876288659796 1.6391752577319587 2.0412371134020617 2.0103092783505154 2.2577319587628866
80 221.56987674120415 1.9381443298969072 1.2371134020618557 1.4845360824742269 1.4845360824742269 1.9175257731958764 1.443298969072165 1.092783505154639 1.4639175257731958 2.0 1.8969072164948453 0.9896907216494846 0.8865979381443299 1.8969072164948453 1.6082474226804124 1.1134020618556701 1.5670103092783505 1.422680412371134 1.8969072164948453 1.9175257731958764 1.9793814432989691 1.8969072164948453 1.6494845360824741 1.9793814432989691 1.5670103092783505 1.0103092783505154 1.5463917525773196 1.092783505154639 1.3608247422680413 1.3402061855670102 1.5051546391752577
81 82.642227824168 2.9072164948453607 1.8556701030927836 2.2268041237113403 2.2268041237113403 2.8762886597938144 2.1649484536082473 1.6391752577319587 2.195876288659794 3.0 2.845360824742268 1.4845360824742269 1.3298969072164948 2.845360824742268 2.4123711340206184 1.6701030927835052 2.350515463917526 2.134020618556701 2.845360824742268 2.8762886597938144 2.9690721649484537 2.845360824742268 2.4742268041237114 2.9690721649484537 2.350515463917526 1.5154639175257731 2.3195876288659796 1.6391752577319587 2.0412371134020617 2.0103092783505154 2.2577319587628866
82 10.225202451647336 1.9381443298969072 1.2371134020618557 1.4845360824742269 1.4845360824742269 1.9175257731958764 1.443298969072165 1.092783505154639 1.4639175257731958 2.0 1.8969072164948453 0.9896907216494846 0.8865979381443299 1.8969072164948453 1.6082474226804124 1.1134020618556701 1.5670103092783505 1.422680412371134 1.8969072164948453 1.9175257731958764 1.9793814432989691 1.8969072164948453 1.6494845360824741 1.9793814432989691 1.5670103092783505 1.0103092783505154 1.5463917525773196 1.092783505154639 1.3608247422680413 1.3402061855670102 1.5051546391752577
83 239.03153593994972 1.9381443298969072 1.2371134020618557 1.4845360824742269 1.4845360824742269 1.9175257731958764 1.443298969072165 1.092783505154639 1.4639175257731958 2.0 1.8969072164948453 0.9896907216494846 0.8865979381443299 1.8969072164948453 1.6082474226804124 1.1134020618556701 1.5670103092783505 1.422680412371134 1.8969072164948453 1.9175257731958764 1.9793814432989691 1.8969072164948453 1.6494845360824741 1.9793814432989691 1.5670103092783505 1.0103092783505154 1.5463917525773196 1.092783505154639 1.3608247422680413 1.3402061855670102 1.5051546391752577
84 83.07462904017608 1.9381443298969072 1.2371134020618557 1.4845360824742269 1.4845360824742269 1.9175257731958764 1.443298969072165 1.092783505154639 1.4639175257731958 2.0 1.8969072164948453 0.9896907216494846 0.8865979381443299 1.8969072164948453 1.6082474226804124 1.1134020618556701 1.5670103092783505 1.422680412371134 1.8969072164948453 1.9175257731958764 1.9793814432989691 1.8969072164948453 1.6494845360824741 1.9793814432989691 1.5670103092783505 1.0103092783505154 1.5463917525773196 1.092783505154639 1.3608247422680413 1.3402061855670102 1.5051546391752577
85 30.5543332955704 1.9381443298969072 1.2371134020618557 1.4845360824742269 1.4845360824742269 1.9175257731958764 1.443298969072165 1.092783505154639 1.4639175257731958 2.0 1.8969072164948453 0.9896907216494846 0.8865979381443299 1.8969072164948453 1.6082474226804124 1.1134020618556701 1.5670103092783505 1.422680412371134 1.8969072164948453 1.9175257731958764 1.9793814432989691 1.8969072164948453 1.6494845360824741 1.9793814432989691 1.5670103092783505 1.0103092783505154 1.5463917525773196 1.092783505154639 1.3608247422680413 1.3402061855670102 1.5051546391752577
86 65.6705537754182 1.9381443298969072 1.2371134020618557 1.4845360824742269 1.4845360824742269 1.9175257731958764 1.443298969072165 1.092783505154639 1.4639175257731958 2.0 1.8969072164948453 0.9896907216494846 0.8865979381443299 1.8969072164948453 1.6082474226804124 1.1134020618556701 1.5670103092783505 1.422680412371134 1.8969072164948453 1.9175257731958764 1.9793814432989691 1.8969072164948453 1.6494845360824741 1.9793814432989691 1.5670103092783505 1.0103092783505154 1.5463917525773196 1.092783505154639 1.3608247422680413 1.3402061855670102 1.5051546391752577
87 40.65692096502069 2.9072164948453607 1.8556701030927836 2.2268041237113403 2.2268041237113403 2.8762886597938144 2.1649484536082473 1.6391752577319587 2.195876288659794 3.0 2.845360824742268 1.4845360824742269 1.3298969072164948 2.845360824742268 2.4123711340206184 1.6701030927835052 2.350515463917526 2.134020618556701 2.845360824742268 2.8762886597938144 2.9690721649484537 2.845360824742268 2.4742268041237114 2.9690721649484537 2.350515463917526 1.5154639175257731 2.3195876288659796 1.6391752577319587 2.0412371134020617 2.0103092783505154 2.2577319587628866
88 26.3114953996231 1.9381443298969072 1.2371134020618557 1.4845360824742269 1.4845360824742269 1.9175257731958764 1.443298969072165 1.092783505154639 1.4639175257731958 2.0 1.8969072164948453 0.9896907216494846 0.8865979381443299 1.8969072164948453 1.6082474226804124 1.1134020618556701 1.5670103092783505 1.422680412371134 1.8969072164948453 1.9175257731958764 1.9793814432989691 1.8969072164948453 1.6494845360824741 1.9793814432989691 1.5670103092783505 1.0103092783505154 1.5463917525773196 1.092783505154639 1.3608247422680413 1.3402061855670102 1.5051546391752577
89 76.70986586051349 1.9381443298969072 1.2371134020618557 1.4845360824742269 1.4845360824742269 1.9175257731958764 1.443298969072165 1.092783505154639 1.4639175257731958 2.0 1.8969072164948453 0.9896907216494846 0.8865979381443299 1.8969072164948453 1.6082474226804124 1.1134020618556701 1.5670103092783505 1.422680412371134 1.8969072164948453 1.9175257731958764 1.9793814432989691 1.8969072164948453 1.6494845360824741 1.9793814432989691 1.5670103092783505 1.0103092783505154 1.5463917525773196 1.092783505154639 1.3608247422680413 1.3402061855670102 1.5051546391752577
