90 50
TREE NETWORK (nID nID Weight):
4 0 57
62 0 54
72 0 43
83 72 38
43 0 48
41 4 54
10 72 58
37 0 54
68 4 52
54 68 59
56 43 52
11 68 53
78 37 52
44 78 31
87 11 47
63 78 31
17 62 38
50 54 48
76 43 34
46 11 49
45 50 57
86 17 57
7 46 43
85 45 35
22 45 38
70 54 51
40 70 33
34 11 58
36 78 40
2 17 48
59 87 32
47 43 31
52 68 54
21 78 43
89 11 37
60 50 37
49 83 43
65 4 40
61 43 56
51 56 55
16 2 45
12 50 56
13 44 41
71 44 48
53 71 47
48 12 37
29 89 49
24 40 45
31 34 42
80 83 30
66 46 52
69 83 40
84 7 45
26 11 30
15 66 58
23 0 47
3 78 40
1 56 35
39 41 30
30 50 40
55 60 50
32 30 54
42 56 33
9 34 47
33 44 36
73 83 40
74 85 45
6 43 52
75 11 34
82 73 40
88 45 45
58 68 40
77 34 46
64 32 56
57 56 51
18 46 40
38 21 40
25 0 46
67 31 46
20 57 56
28 63 45
81 72 55
14 62 50
27 18 48
19 62 50
35 55 50
5 6 33
8 60 53
79 35 57
PROGRAMS ASSIGNED TO NODES (nID pID1 pID2 ...):
0 1 2 3 4 5 6 7 8 9 10 11 12 13 14 15 16 17 18 19 20 21 22 23 24 25 26 27 28 29 30 31 32 33 34 35 36 37 38 39 40 41 42 43 44 45 46 47 48 49 50
1 1 8 41
2 36 39 40 9 41 42 45 13 14 16 17 19 21 22 25 27
3 2 3 4 5 6 7 8 9 10 11 12 13 14 15 16 18 21 23 24 25 26 27 28 29 30 31 32 33 35 36 37 38 39 40 41 42 43 44 45 46 47 48 49 50
4 1 5 6 7 8 12 14 15 16 17 18 19 20 21 23 24 26 27 28 29 30 31 33 34 36 37 38 39 41 42 43 44 45 47 49 50
5 33 34 4 36 5 37 38 6 39 7 41 11 14 46 47 48 16 50 20 22 23 24 26 27
6 1 2 3 4 5 7 10 11 12 14 15 16 18 19 20 21 23 24 25 26 28 30 33 34 35 36 38 39 40 41 42 43 44 45 46 48 49
7 1 3 4 5 6 7 10 11 13 14 15 17 19 20 21 23 24 25 26 27 28 30 31 33 34 35 36 38 42 44 45 46 47 48 49 50
8 2 3 4 5 6 7 8 9 10 11 12 13 14 15 16 17 18 20 21 22 23 24 25 26 27 28 31 32 33 34 35 36 37 38 39 40 42 43 44 45 46 49 50
9 37 31
10 1 50 2 19 20 37 21 8 25 10 45 30
11 1 2 3 4 6 7 8 9 10 11 12 13 14 15 16 17 18 19 20 21 22 23 25 26 27 28 29 30 31 32 33 34 35 36 37 39 40 42 43 45 47 48 49 50
12 1 2 4 5 10 11 12 13 16 17 18 19 20 22 24 25 29 31 35 36 38 39 42 43 44 47 49 50
13 1 2 3 36 37 6 38 39 7 8 40 10 11 43 44 12 13 14 46 17 49 29 30 31
14 1 3 4 5 7 8 9 11 12 13 14 15 16 18 19 20 22 23 24 25 26 27 28 29 30 31 32 33 34 35 36 38 39 40 41 42 43 44 45 46 47 48 49
15 2 3 4 5 6 7 8 10 11 12 13 14 15 16 17 18 19 20 21 22 23 24 25 26 28 29 32 33 34 35 36 37 38 39 40 41 42 43 44 45 46 47 48 49
16 1 2 3 5 6 7 8 9 10 12 13 14 17 18 20 22 23 24 25 26 29 30 31 32 33 34 35 37 38 41 42 44 45 47 48 50
17 2 4 5 6 7 8 10 12 13 14 16 18 19 20 23 25 26 27 28 29 32 33 35 36 37 38 39 40 41 43 44 45 46 47 48 50
18 35 4 36 37 5 38 9 44 12 46 14 17 22 23 24 26 27 30
19 32 1 2 35 7 40 8 9 41 12 44 13 47 48 50 20
20 48 17 18 19 3 37 42 43
21 32 33 2 3 4 37 5 6 7 40 9 12 14 46 15 16 17 19 21 22 23 28 30 31
22 1 2 3 4 5 6 7 8 9 10 11 13 14 15 16 17 18 19 22 25 28 30 31 32 33 34 35 36 37 38 40 44 45 47 48 49 50
23 2 20 45
24 1 2 3 5 6 7 8 9 10 11 12 13 14 15 16 17 18 19 20 21 23 24 26 27 29 30 31 32 33 34 35 38 39 41 42 43 44 45 46 47 48 49 50
25 1 2 3 4 5 6 9 10 12 13 18 19 20 21 23 25 26 27 28 30 31 33 34 35 36 37 39 40 41 42 43 44 46 49
26 5
27 18 36 44
28 1 2 3 4 5 6 7 8 9 11 12 13 14 15 16 19 21 22 23 24 25 26 27 28 29 30 31 32 33 34 35 36 38 39 40 41 43 45 46 47 48 49 50
29 1 34 2 5 38 8 40 9 42 44 13 14 46 15 47 48 16 50 20 21 24 27
30 1 4 11
31 1 2 34 35 40 9 44 48 49 50 20 21 31
32 16 3 5 42 13
33 32 33 1 2 4 36 37 42 12 44 45 15 47 17 49 25 29
34 1 4 7 9 10 11 12 13 17 18 19 20 21 23 24 25 27 28 32 34 40 41 42 43 45 46 47 48
35 49 17 20 22 23 24 14 46
36 3 37 7 10 11 14 46 48 16 49 50 19 20 21 24 27 30
37 1 18 37 5 39 41 26
38 34 4 36 5 38 6 39 8 40 41 9 42 46 15 47 48 19 21 30
39 1 33 2 35 37 5 38 7 40 9 12 46 47 48 49 18 19 20 22 23 31
40 34 3 36 40 8 11 45 29 13
41 1 2 5 6 9 10 11 13 14 16 17 18 21 24 27 28 29 30 31 32 33 34 35 36 37 38 39 40 41 45 47 48 50
42 1 3 4 5 6 7 8 9 10 11 12 13 14 15 16 17 18 19 20 21 22 24 25 26 27 28 29 30 32 33 34 35 36 37 38 40 41 42 43 44 45 46 47 48 49 50
43 1 2 3 4 5 6 8 9 10 12 13 14 17 18 19 20 21 22 23 24 25 26 27 29 31 32 33 34 35 36 37 38 39 40 43 44 45 46 47 48 49 50
44 2 6 8 9 10 11 12 13 14 15 17 18 19 20 22 23 24 25 26 27 31 32 33 34 38 39 41 42 43 44 45 47 49
45 1 4 6 7 9 10 12 13 14 17 18 19 20 23 24 26 27 29 30 31 32 33 36 37 39 40 41 42 43 47 49
46 1 2 3 4 5 6 7 8 9 10 11 12 13 14 15 17 18 19 20 22 23 24 25 27 28 29 30 31 32 33 34 35 37 38 39 40 41 42 43 44 45 46 47 48 49 50
47 48 1 2 35 5 21 38 23 44 14 31
48 33 8 11 15
49 1 3 4 5 6 7 10 11 12 13 15 16 17 19 21 22 23 24 26 28 29 30 32 33 34 36 37 39 44 45 48 49 50
50 1 2 3 4 5 6 7 8 9 10 11 12 13 14 15 16 17 18 19 20 21 22 23 24 25 27 28 29 30 31 32 33 34 35 36 37 38 39 40 41 42 43 44 45 46 47 48 49 50
51 1 2 3 5 6 8 10 11 13 14 15 17 18 21 22 23 24 25 26 27 28 29 30 31 32 33 35 37 38 39 42 44 45 46 47 48 49 50
52 1 2 3 37 39 41 12 13 46 14 47 48 17 19 21 22 23 26 27 31
53 17 34 36
54 1 2 3 5 6 8 9 10 11 13 14 15 16 18 20 21 23 24 25 27 28 29 31 34 35 36 38 39 41 42 43 44 45 46 48
55 1 2 3 4 5 6 7 8 9 10 12 13 15 16 17 18 20 21 22 23 25 26 28 30 32 33 34 35 36 37 38 39 40 41 43 45 46 47 49 50
56 1 2 4 10 13 14 15 16 17 21 24 25 28 29 30 34 35 36 38 39 41 42 45 47 48 49 50
57 1 4 5 9 10 13 15 18 19 20 22 24 25 27 28 30 31 35 38 39 40 41 42 43 45 48 49
58 1 2 3 4 5 6 7 9 12 14 15 16 18 19 20 21 22 23 24 25 26 27 28 29 30 31 32 33 34 35 37 38 39 41 42 43 44 45 46 47 48 49 50
59 1 2 3 4 5 6 7 8 9 10 12 13 14 15 16 17 19 20 21 22 23 24 25 26 27 28 29 31 32 34 35 36 37 38 39 40 41 42 43 44 45 46 47 48 49 50
60 2 4 6 7 8 9 10 11 14 21 22 24 26 27 28 29 31 32 34 36 37 38 40 42 43 45 46 48 50
61 32 33 1 2 35 4 37 6 39 8 9 43 11 46 48 17 19 23 24 25 26
62 1 2 3 4 5 6 8 9 10 11 12 13 15 16 18 19 24 25 26 27 28 29 30 32 33 34 35 36 38 41 42 43 46 47 48 49 50
63 2 3 4 36 37 6 38 40 8 10 11 44 46 47 49 18 19 20 21 22 23 31
64 1 2 3 4 5 6 7 8 9 10 11 12 13 14 15 16 17 18 19 20 22 23 24 26 27 28 29 30 31 32 33 34 35 36 37 38 39 40 41 42 43 45 46 47 48 49
65 1 2 3 4 5 6 7 8 9 10 11 12 13 15 16 18 19 20 21 22 23 24 25 26 27 28 29 30 32 34 35 36 37 41 43 45 47 49 50
66 1 20 9 11 43
68 1 2 3 7 8 9 10 11 12 14 15 16 18 20 21 22 26 28 31 33 35 36 37 41 42 43 44 50
69 33 3 37 6 38 39 41 9 10 44 45 46 49 17 20 25 26 27 29
70 32 1 34 3 5 7 39 40 41 10 44 13 14 47 15 17 49 50 19 22 25 26 27 31
71 32 36 37 5 7 10 44 13 14 15 47 20 30 31
72 32 1 18 5 7 8 25 44 12 15 31
73 36 5 38 39 8 10 45 14 47 16 49 50 19 21 23 26 28
74 32 5 37 38 39 7 8 41 9 11 12 44 13 15 17 49 18 20 22 24 25 27 28
75 1 33 2 3 36 5 37 38 6 8 9 42 11 44 12 14 47 16 48 50 23 25 27 28
76 1 3 4 5 6 7 8 9 10 11 12 13 15 16 18 19 23 24 25 26 27 29 30 31 32 34 35 36 37 38 39 40 41 43 44 45 46 47 48 49
77 3 36 7 8 40 9 14 22 24 27 28 29 31
78 32 33 34 35 37 6 8 9 41 43 44 45 15 47 17 50 19 22 24 27
79 16 49 5 22 41 44 45 14 31
80 1 2 4 6 7 11 12 13 14 15 20 21 22 23 30 32 36 37 38 40 41 43 45 48 50
81 48 49 34 20 39 7 42 43 44 13 14
82 19 23
83 3 4 6 7 8 9 10 13 14 16 17 18 19 20 21 22 24 25 26 27 28 30 32 34 36 37 38 40 41 43 44 45 47 48 49 50
84 2 3 6 7 8 9 10 11 12 13 15 16 17 22 23 26 27 28 29 33 34 35 36 37 39 41 43 44 47 49
85 40
86 1 2 3 5 7 8 9 10 11 12 13 14 15 17 18 20 21 22 23 24 25 26 27 28 29 30 32 33 34 35 36 37 39 40 41 42 43 44 45 46 47 49 50
87 1 3 4 5 6 7 8 9 11 12 13 14 15 16 17 18 19 20 21 22 23 24 25 26 27 28 29 30 31 32 35 36 37 38 39 40 42 43 44 46 47 48 49 50
88 2 5 37 6 38 40 8 9 42 10 12 13 45 14 47 15 48 49 18 22 24 26 27
SIZE OF PROGRAMS (pID SIZE):
1 60.0
2 44.0
3 41.0
4 47.0
5 46.0
6 73.0
7 82.0
8 74.0
9 91.0
10 80.0
11 60.0
12 55.0
13 74.0
14 46.0
15 99.0
16 40.0
17 94.0
18 48.0
19 66.0
20 69.0
21 56.0
22 67.0
23 86.0
24 50.0
25 76.0
26 43.0
27 57.0
28 80.0
29 89.0
30 52.0
31 71.0
32 90.0
33 66.0
34 84.0
35 79.0
36 48.0
37 85.0
38 88.0
39 93.0
40 51.0
41 66.0
42 43.0
43 93.0
44 73.0
45 63.0
46 41.0
47 71.0
48 76.0
49 80.0
50 70.0
COST TO INSTALL SERVERS AND PROGRAMS ON NODES (COST_TO_INSTALL_SERVER COST_TO_INSTALL_pID1 ...):
0 11230.30303030303 1.8181818181818181 1.3333333333333333 1.2424242424242424 1.4242424242424243 1.393939393939394 2.212121212121212 2.484848484848485 2.242424242424242 2.757575757575758 2.4242424242424243 1.8181818181818181 1.6666666666666667 2.242424242424242 1.393939393939394 3.0 1.2121212121212122 2.8484848484848486 1.4545454545454546 2.0 2.090909090909091 1.696969696969697 2.0303030303030303 2.606060606060606 1.5151515151515151 2.303030303030303 1.303030303030303 1.7272727272727273 2.4242424242424243 2.696969696969697 1.5757575757575757 2.1515151515151514 2.727272727272727 2.0 2.5454545454545454 2.393939393939394 1.4545454545454546 2.5757575757575757 2.6666666666666665 2.8181818181818183 1.5454545454545454 2.0 1.303030303030303 2.8181818181818183 2.212121212121212 1.9090909090909092 1.2424242424242424 2.1515151515151514 2.303030303030303 2.4242424242424243 2.121212121212121
1 2.299950049950049 1.8181818181818181 1.3333333333333333 1.2424242424242424 1.4242424242424243 1.393939393939394 2.212121212121212 2.484848484848485 2.242424242424242 2.757575757575758 2.4242424242424243 1.8181818181818181 1.6666666666666667 2.242424242424242 1.393939393939394 3.0 1.2121212121212122 2.8484848484848486 1.4545454545454546 2.0 2.090909090909091 1.696969696969697 2.0303030303030303 2.606060606060606 1.5151515151515151 2.303030303030303 1.303030303030303 1.7272727272727273 2.4242424242424243 2.696969696969697 1.5757575757575757 2.1515151515151514 2.727272727272727 2.0 2.5454545454545454 2.393939393939394 1.4545454545454546 2.5757575757575757 2.6666666666666665 2.8181818181818183 1.5454545454545454 2.0 1.303030303030303 2.8181818181818183 2.212121212121212 1.9090909090909092 1.2424242424242424 2.1515151515151514 2.303030303030303 2.4242424242424243 2.121212121212121
2 164.0432676042724 1.2121212121212122 0.8888888888888888 0.8282828282828283 0.9494949494949495 0.9292929292929293 1.4747474747474747 1.6565656565656566 1.494949494949495 1.8383838383838385 1.6161616161616161 1.2121212121212122 1.1111111111111112 1.494949494949495 0.9292929292929293 2.0 0.8080808080808081 1.898989898989899 0.9696969696969697 1.3333333333333333 1.393939393939394 1.1313131313131313 1.3535353535353536 1.7373737373737375 1.0101010101010102 1.5353535353535352 0.8686868686868687 1.1515151515151516 1.6161616161616161 1.797979797979798 1.0505050505050506 1.4343434343434343 1.8181818181818181 1.3333333333333333 1.696969696969697 1.595959595959596 0.9696969696969697 1.7171717171717171 1.7777777777777777 1.878787878787879 1.0303030303030303 1.3333333333333333 0.8686868686868687 1.878787878787879 1.4747474747474747 1.2727272727272727 0.8282828282828283 1.4343434343434343 1.5353535353535352 1.6161616161616161 1.4141414141414141
3 79.11522576189249 1.2121212121212122 0.8888888888888888 0.8282828282828283 0.9494949494949495 0.9292929292929293 1.4747474747474747 1.6565656565656566 1.494949494949495 1.8383838383838385 1.6161616161616161 1.2121212121212122 1.1111111111111112 1.494949494949495 0.9292929292929293 2.0 0.8080808080808081 1.898989898989899 0.9696969696969697 1.3333333333333333 1.393939393939394 1.1313131313131313 1.3535353535353536 1.7373737373737375 1.0101010101010102 1.5353535353535352 0.8686868686868687 1.1515151515151516 1.6161616161616161 1.797979797979798 1.0505050505050506 1.4343434343434343 1.8181818181818181 1.3333333333333333 1.696969696969697 1.595959595959596 0.9696969696969697 1.7171717171717171 1.7777777777777777 1.878787878787879 1.0303030303030303 1.3333333333333333 0.8686868686868687 1.878787878787879 1.4747474747474747 1.2727272727272727 0.8282828282828283 1.4343434343434343 1.5353535353535352 1.6161616161616161 1.4141414141414141
4 73.0 1.8181818181818181 1.3333333333333333 1.2424242424242424 1.4242424242424243 1.393939393939394 2.212121212121212 2.484848484848485 2.242424242424242 2.757575757575758 2.4242424242424243 1.8181818181818181 1.6666666666666667 2.242424242424242 1.393939393939394 3.0 1.2121212121212122 2.8484848484848486 1.4545454545454546 2.0 2.090909090909091 1.696969696969697 2.0303030303030303 2.606060606060606 1.5151515151515151 2.303030303030303 1.303030303030303 1.7272727272727273 2.4242424242424243 2.696969696969697 1.5757575757575757 2.1515151515151514 2.727272727272727 2.0 2.5454545454545454 2.393939393939394 1.4545454545454546 2.5757575757575757 2.6666666666666665 2.8181818181818183 1.5454545454545454 2.0 1.303030303030303 2.8181818181818183 2.212121212121212 1.9090909090909092 1.2424242424242424 2.1515151515151514 2.303030303030303 2.4242424242424243 2.121212121212121
5 26.14903846153845 1.8181818181818181 1.3333333333333333 1.2424242424242424 1.4242424242424243 1.393939393939394 2.212121212121212 2.484848484848485 2.242424242424242 2.757575757575758 2.4242424242424243 1.8181818181818181 1.6666666666666667 2.242424242424242 1.393939393939394 3.0 1.2121212121212122 2.8484848484848486 1.4545454545454546 2.0 2.090909090909091 1.696969696969697 2.0303030303030303 2.606060606060606 1.5151515151515151 2.303030303030303 1.303030303030303 1.7272727272727273 2.4242424242424243 2.696969696969697 1.5757575757575757 2.1515151515151514 2.727272727272727 2.0 2.5454545454545454 2.393939393939394 1.4545454545454546 2.5757575757575757 2.6666666666666665 2.8181818181818183 1.5454545454545454 2.0 1.303030303030303 2.8181818181818183 2.212121212121212 1.9090909090909092 1.2424242424242424 2.1515151515151514 2.303030303030303 2.4242424242424243 2.121212121212121
6 29.245414812460222 1.8181818181818181 1.3333333333333333 1.2424242424242424 1.4242424242424243 1.393939393939394 2.212121212121212 2.484848484848485 2.242424242424242 2.757575757575758 2.4242424242424243 1.8181818181818181 1.6666666666666667 2.242424242424242 1.393939393939394 3.0 1.2121212121212122 2.8484848484848486 1.4545454545454546 2.0 2.090909090909091 1.696969696969697 2.0303030303030303 2.606060606060606 1.5151515151515151 2.303030303030303 1.303030303030303 1.7272727272727273 2.4242424242424243 2.696969696969697 1.5757575757575757 2.1515151515151514 2.727272727272727 2.0 2.5454545454545454 2.393939393939394 1.4545454545454546 2.5757575757575757 2.6666666666666665 2.8181818181818183 1.5454545454545454 2.0 1.303030303030303 2.8181818181818183 2.212121212121212 1.9090909090909092 1.2424242424242424 2.1515151515151514 2.303030303030303 2.4242424242424243 2.121212121212121
7 217.1652285882989 1.8181818181818181 1.3333333333333333 1.2424242424242424 1.4242424242424243 1.393939393939394 2.212121212121212 2.484848484848485 2.242424242424242 2.757575757575758 2.4242424242424243 1.8181818181818181 1.6666666666666667 2.242424242424242 1.393939393939394 3.0 1.2121212121212122 2.8484848484848486 1.4545454545454546 2.0 2.090909090909091 1.696969696969697 2.0303030303030303 2.606060606060606 1.5151515151515151 2.303030303030303 1.303030303030303 1.7272727272727273 2.4242424242424243 2.696969696969697 1.5757575757575757 2.1515151515151514 2.727272727272727 2.0 2.5454545454545454 2.393939393939394 1.4545454545454546 2.5757575757575757 2.6666666666666665 2.8181818181818183 1.5454545454545454 2.0 1.303030303030303 2.8181818181818183 2.212121212121212 1.9090909090909092 1.2424242424242424 2.1515151515151514 2.303030303030303 2.4242424242424243 2.121212121212121
8 268.19174305011137 1.8181818181818181 1.3333333333333333 1.2424242424242424 1.4242424242424243 1.393939393939394 2.212121212121212 2.484848484848485 2.242424242424242 2.757575757575758 2.4242424242424243 1.8181818181818181 1.6666666666666667 2.242424242424242 1.393939393939394 3.0 1.2121212121212122 2.8484848484848486 1.4545454545454546 2.0 2.090909090909091 1.696969696969697 2.0303030303030303 2.606060606060606 1.5151515151515151 2.303030303030303 1.303030303030303 1.7272727272727273 2.4242424242424243 2.696969696969697 1.5757575757575757 2.1515151515151514 2.727272727272727 2.0 2.5454545454545454 2.393939393939394 1.4545454545454546 2.5757575757575757 2.6666666666666665 2.8181818181818183 1.5454545454545454 2.0 1.303030303030303 2.8181818181818183 2.212121212121212 1.9090909090909092 1.2424242424242424 2.1515151515151514 2.303030303030303 2.4242424242424243 2.121212121212121
9 9.629710722556545 1.8181818181818181 1.3333333333333333 1.2424242424242424 1.4242424242424243 1.393939393939394 2.212121212121212 2.484848484848485 2.242424242424242 2.757575757575758 2.4242424242424243 1.8181818181818181 1.6666666666666667 2.242424242424242 1.393939393939394 3.0 1.2121212121212122 2.8484848484848486 1.4545454545454546 2.0 2.090909090909091 1.696969696969697 2.0303030303030303 2.606060606060606 1.5151515151515151 2.303030303030303 1.303030303030303 1.7272727272727273 2.4242424242424243 2.696969696969697 1.5757575757575757 2.1515151515151514 2.727272727272727 2.0 2.5454545454545454 2.393939393939394 1.4545454545454546 2.5757575757575757 2.6666666666666665 2.8181818181818183 1.5454545454545454 2.0 1.303030303030303 2.8181818181818183 2.212121212121212 1.9090909090909092 1.2424242424242424 2.1515151515151514 2.303030303030303 2.4242424242424243 2.121212121212121
10 6.795193779756728 1.8181818181818181 1.3333333333333333 1.2424242424242424 1.4242424242424243 1.393939393939394 2.212121212121212 2.484848484848485 2.242424242424242 2.757575757575758 2.4242424242424243 1.8181818181818181 1.6666666666666667 2.242424242424242 1.393939393939394 3.0 1.2121212121212122 2.8484848484848486 1.4545454545454546 2.0 2.090909090909091 1.696969696969697 2.0303030303030303 2.606060606060606 1.5151515151515151 2.303030303030303 1.303030303030303 1.7272727272727273 2.4242424242424243 2.696969696969697 1.5757575757575757 2.1515151515151514 2.727272727272727 2.0 2.5454545454545454 2.393939393939394 1.4545454545454546 2.5757575757575757 2.6666666666666665 2.8181818181818183 1.5454545454545454 2.0 1.303030303030303 2.8181818181818183 2.212121212121212 1.9090909090909092 1.2424242424242424 2.1515151515151514 2.303030303030303 2.4242424242424243 2.121212121212121
11 42.437639589739625 1.8181818181818181 1.3333333333333333 1.2424242424242424 1.4242424242424243 1.393939393939394 2.212121212121212 2.484848484848485 2.242424242424242 2.757575757575758 2.4242424242424243 1.8181818181818181 1.6666666666666667 2.242424242424242 1.393939393939394 3.0 1.2121212121212122 2.8484848484848486 1.4545454545454546 2.0 2.090909090909091 1.696969696969697 2.0303030303030303 2.606060606060606 1.5151515151515151 2.303030303030303 1.303030303030303 1.7272727272727273 2.4242424242424243 2.696969696969697 1.5757575757575757 2.1515151515151514 2.727272727272727 2.0 2.5454545454545454 2.393939393939394 1.4545454545454546 2.5757575757575757 2.6666666666666665 2.8181818181818183 1.5454545454545454 2.0 1.303030303030303 2.8181818181818183 2.212121212121212 1.9090909090909092 1.2424242424242424 2.1515151515151514 2.303030303030303 2.4242424242424243 2.121212121212121
12 63.97999886139173 1.8181818181818181 1.3333333333333333 1.2424242424242424 1.4242424242424243 1.393939393939394 2.212121212121212 2.484848484848485 2.242424242424242 2.757575757575758 2.4242424242424243 1.8181818181818181 1.6666666666666667 2.242424242424242 1.393939393939394 3.0 1.2121212121212122 2.8484848484848486 1.4545454545454546 2.0 2.090909090909091 1.696969696969697 2.0303030303030303 2.606060606060606 1.5151515151515151 2.303030303030303 1.303030303030303 1.7272727272727273 2.4242424242424243 2.696969696969697 1.5757575757575757 2.1515151515151514 2.727272727272727 2.0 2.5454545454545454 2.393939393939394 1.4545454545454546 2.5757575757575757 2.6666666666666665 2.8181818181818183 1.5454545454545454 2.0 1.303030303030303 2.8181818181818183 2.212121212121212 1.9090909090909092 1.2424242424242424 2.1515151515151514 2.303030303030303 2.4242424242424243 2.121212121212121
13 144.19613406656288 1.2121212121212122 0.8888888888888888 0.8282828282828283 0.9494949494949495 0.9292929292929293 1.4747474747474747 1.6565656565656566 1.494949494949495 1.8383838383838385 1.6161616161616161 1.2121212121212122 1.1111111111111112 1.494949494949495 0.9292929292929293 2.0 0.8080808080808081 1.898989898989899 0.9696969696969697 1.3333333333333333 1.393939393939394 1.1313131313131313 1.3535353535353536 1.7373737373737375 1.0101010101010102 1.5353535353535352 0.8686868686868687 1.1515151515151516 1.6161616161616161 1.797979797979798 1.0505050505050506 1.4343434343434343 1.8181818181818181 1.3333333333333333 1.696969696969697 1.595959595959596 0.9696969696969697 1.7171717171717171 1.7777777777777777 1.878787878787879 1.0303030303030303 1.3333333333333333 0.8686868686868687 1.878787878787879 1.4747474747474747 1.2727272727272727 0.8282828282828283 1.4343434343434343 1.5353535353535352 1.6161616161616161 1.4141414141414141
14 8.156635445362731 1.8181818181818181 1.3333333333333333 1.2424242424242424 1.4242424242424243 1.393939393939394 2.212121212121212 2.484848484848485 2.242424242424242 2.757575757575758 2.4242424242424243 1.8181818181818181 1.6666666666666667 2.242424242424242 1.393939393939394 3.0 1.2121212121212122 2.8484848484848486 1.4545454545454546 2.0 2.090909090909091 1.696969696969697 2.0303030303030303 2.606060606060606 1.5151515151515151 2.303030303030303 1.303030303030303 1.7272727272727273 2.4242424242424243 2.696969696969697 1.5757575757575757 2.1515151515151514 2.727272727272727 2.0 2.5454545454545454 2.393939393939394 1.4545454545454546 2.5757575757575757 2.6666666666666665 2.8181818181818183 1.5454545454545454 2.0 1.303030303030303 2.8181818181818183 2.212121212121212 1.9090909090909092 1.2424242424242424 2.1515151515151514 2.303030303030303 2.4242424242424243 2.121212121212121
15 247.32183118265039 1.8181818181818181 1.3333333333333333 1.2424242424242424 1.4242424242424243 1.393939393939394 2.212121212121212 2.484848484848485 2.242424242424242 2.757575757575758 2.4242424242424243 1.8181818181818181 1.6666666666666667 2.242424242424242 1.393939393939394 3.0 1.2121212121212122 2.8484848484848486 1.4545454545454546 2.0 2.090909090909091 1.696969696969697 2.0303030303030303 2.606060606060606 1.5151515151515151 2.303030303030303 1.303030303030303 1.7272727272727273 2.4242424242424243 2.696969696969697 1.5757575757575757 2.1515151515151514 2.727272727272727 2.0 2.5454545454545454 2.393939393939394 1.4545454545454546 2.5757575757575757 2.6666666666666665 2.8181818181818183 1.5454545454545454 2.0 1.303030303030303 2.8181818181818183 2.212121212121212 1.9090909090909092 1.2424242424242424 2.1515151515151514 2.303030303030303 2.4242424242424243 2.121212121212121
16 104.16884680733367 1.2121212121212122 0.8888888888888888 0.8282828282828283 0.9494949494949495 0.9292929292929293 1.4747474747474747 1.6565656565656566 1.494949494949495 1.8383838383838385 1.6161616161616161 1.2121212121212122 1.1111111111111112 1.494949494949495 0.9292929292929293 2.0 0.8080808080808081 1.898989898989899 0.9696969696969697 1.3333333333333333 1.393939393939394 1.1313131313131313 1.3535353535353536 1.7373737373737375 1.0101010101010102 1.5353535353535352 0.8686868686868687 1.1515151515151516 1.6161616161616161 1.797979797979798 1.0505050505050506 1.4343434343434343 1.8181818181818181 1.3333333333333333 1.696969696969697 1.595959595959596 0.9696969696969697 1.7171717171717171 1.7777777777777777 1.878787878787879 1.0303030303030303 1.3333333333333333 0.8686868686868687 1.878787878787879 1.4747474747474747 1.2727272727272727 0.8282828282828283 1.4343434343434343 1.5353535353535352 1.6161616161616161 1.4141414141414141
17 54.155735546034876 1.8181818181818181 1.3333333333333333 1.2424242424242424 1.4242424242424243 1.393939393939394 2.212121212121212 2.484848484848485 2.242424242424242 2.757575757575758 2.4242424242424243 1.8181818181818181 1.6666666666666667 2.242424242424242 1.393939393939394 3.0 1.2121212121212122 2.8484848484848486 1.4545454545454546 2.0 2.090909090909091 1.696969696969697 2.0303030303030303 2.606060606060606 1.5151515151515151 2.303030303030303 1.303030303030303 1.7272727272727273 2.4242424242424243 2.696969696969697 1.5757575757575757 2.1515151515151514 2.727272727272727 2.0 2.5454545454545454 2.393939393939394 1.4545454545454546 2.5757575757575757 2.6666666666666665 2.8181818181818183 1.5454545454545454 2.0 1.303030303030303 2.8181818181818183 2.212121212121212 1.9090909090909092 1.2424242424242424 2.1515151515151514 2.303030303030303 2.4242424242424243 2.121212121212121
18 87.02553688190086 1.2121212121212122 0.8888888888888888 0.8282828282828283 0.9494949494949495 0.9292929292929293 1.4747474747474747 1.6565656565656566 1.494949494949495 1.8383838383838385 1.6161616161616161 1.2121212121212122 1.1111111111111112 1.494949494949495 0.9292929292929293 2.0 0.8080808080808081 1.898989898989899 0.9696969696969697 1.3333333333333333 1.393939393939394 1.1313131313131313 1.3535353535353536 1.7373737373737375 1.0101010101010102 1.5353535353535352 0.8686868686868687 1.1515151515151516 1.6161616161616161 1.797979797979798 1.0505050505050506 1.4343434343434343 1.8181818181818181 1.3333333333333333 1.696969696969697 1.595959595959596 0.9696969696969697 1.7171717171717171 1.7777777777777777 1.878787878787879 1.0303030303030303 1.3333333333333333 0.8686868686868687 1.878787878787879 1.4747474747474747 1.2727272727272727 0.8282828282828283 1.4343434343434343 1.5353535353535352 1.6161616161616161 1.4141414141414141
19 6.578431372549018 1.8181818181818181 1.3333333333333333 1.2424242424242424 1.4242424242424243 1.393939393939394 2.212121212121212 2.484848484848485 2.242424242424242 2.757575757575758 2.4242424242424243 1.8181818181818181 1.6666666666666667 2.242424242424242 1.393939393939394 3.0 1.2121212121212122 2.8484848484848486 1.4545454545454546 2.0 2.090909090909091 1.696969696969697 2.0303030303030303 2.606060606060606 1.5151515151515151 2.303030303030303 1.303030303030303 1.7272727272727273 2.4242424242424243 2.696969696969697 1.5757575757575757 2.1515151515151514 2.727272727272727 2.0 2.5454545454545454 2.393939393939394 1.4545454545454546 2.5757575757575757 2.6666666666666665 2.8181818181818183 1.5454545454545454 2.0 1.303030303030303 2.8181818181818183 2.212121212121212 1.9090909090909092 1.2424242424242424 2.1515151515151514 2.303030303030303 2.4242424242424243 2.121212121212121
20 10.600675876411174 1.8181818181818181 1.3333333333333333 1.2424242424242424 1.4242424242424243 1.393939393939394 2.212121212121212 2.484848484848485 2.242424242424242 2.757575757575758 2.4242424242424243 1.8181818181818181 1.6666666666666667 2.242424242424242 1.393939393939394 3.0 1.2121212121212122 2.8484848484848486 1.4545454545454546 2.0 2.090909090909091 1.696969696969697 2.0303030303030303 2.606060606060606 1.5151515151515151 2.303030303030303 1.303030303030303 1.7272727272727273 2.4242424242424243 2.696969696969697 1.5757575757575757 2.1515151515151514 2.727272727272727 2.0 2.5454545454545454 2.393939393939394 1.4545454545454546 2.5757575757575757 2.6666666666666665 2.8181818181818183 1.5454545454545454 2.0 1.303030303030303 2.8181818181818183 2.212121212121212 1.9090909090909092 1.2424242424242424 2.1515151515151514 2.303030303030303 2.4242424242424243 2.121212121212121
21 44.34318232307292 1.8181818181818181 1.3333333333333333 1.2424242424242424 1.4242424242424243 1.393939393939394 2.212121212121212 2.484848484848485 2.242424242424242 2.757575757575758 2.4242424242424243 1.8181818181818181 1.6666666666666667 2.242424242424242 1.393939393939394 3.0 1.2121212121212122 2.8484848484848486 1.4545454545454546 2.0 2.090909090909091 1.696969696969697 2.0303030303030303 2.606060606060606 1.5151515151515151 2.303030303030303 1.303030303030303 1.7272727272727273 2.4242424242424243 2.696969696969697 1.5757575757575757 2.1515151515151514 2.727272727272727 2.0 2.5454545454545454 2.393939393939394 1.4545454545454546 2.5757575757575757 2.6666666666666665 2.8181818181818183 1.5454545454545454 2.0 1.303030303030303 2.8181818181818183 2.212121212121212 1.9090909090909092 1.2424242424242424 2.1515151515151514 2.303030303030303 2.4242424242424243 2.121212121212121
22 94.3481842937569 1.2121212121212122 0.8888888888888888 0.8282828282828283 0.9494949494949495 0.9292929292929293 1.4747474747474747 1.6565656565656566 1.494949494949495 1.8383838383838385 1.6161616161616161 1.2121212121212122 1.1111111111111112 1.494949494949495 0.9292929292929293 2.0 0.8080808080808081 1.898989898989899 0.9696969696969697 1.3333333333333333 1.393939393939394 1.1313131313131313 1.3535353535353536 1.7373737373737375 1.0101010101010102 1.5353535353535352 0.8686868686868687 1.1515151515151516 1.6161616161616161 1.797979797979798 1.0505050505050506 1.4343434343434343 1.8181818181818181 1.3333333333333333 1.696969696969697 1.595959595959596 0.9696969696969697 1.7171717171717171 1.7777777777777777 1.878787878787879 1.0303030303030303 1.3333333333333333 0.8686868686868687 1.878787878787879 1.4747474747474747 1.2727272727272727 0.8282828282828283 1.4343434343434343 1.5353535353535352 1.6161616161616161 1.4141414141414141
23 81.0 1.8181818181818181 1.3333333333333333 1.2424242424242424 1.4242424242424243 1.393939393939394 2.212121212121212 2.484848484848485 2.242424242424242 2.757575757575758 2.4242424242424243 1.8181818181818181 1.6666666666666667 2.242424242424242 1.393939393939394 3.0 1.2121212121212122 2.8484848484848486 1.4545454545454546 2.0 2.090909090909091 1.696969696969697 2.0303030303030303 2.606060606060606 1.5151515151515151 2.303030303030303 1.303030303030303 1.7272727272727273 2.4242424242424243 2.696969696969697 1.5757575757575757 2.1515151515151514 2.727272727272727 2.0 2.5454545454545454 2.393939393939394 1.4545454545454546 2.5757575757575757 2.6666666666666665 2.8181818181818183 1.5454545454545454 2.0 1.303030303030303 2.8181818181818183 2.212121212121212 1.9090909090909092 1.2424242424242424 2.1515151515151514 2.303030303030303 2.4242424242424243 2.121212121212121
24 387.307653363395 1.2121212121212122 0.8888888888888888 0.8282828282828283 0.9494949494949495 0.9292929292929293 1.4747474747474747 1.6565656565656566 1.494949494949495 1.8383838383838385 1.6161616161616161 1.2121212121212122 1.1111111111111112 1.494949494949495 0.9292929292929293 2.0 0.8080808080808081 1.898989898989899 0.9696969696969697 1.3333333333333333 1.393939393939394 1.1313131313131313 1.3535353535353536 1.7373737373737375 1.0101010101010102 1.5353535353535352 0.8686868686868687 1.1515151515151516 1.6161616161616161 1.797979797979798 1.0505050505050506 1.4343434343434343 1.8181818181818181 1.3333333333333333 1.696969696969697 1.595959595959596 0.9696969696969697 1.7171717171717171 1.7777777777777777 1.878787878787879 1.0303030303030303 1.3333333333333333 0.8686868686868687 1.878787878787879 1.4747474747474747 1.2727272727272727 0.8282828282828283 1.4343434343434343 1.5353535353535352 1.6161616161616161 1.4141414141414141
25 3.4564558629775965 1.2121212121212122 0.8888888888888888 0.8282828282828283 0.9494949494949495 0.9292929292929293 1.4747474747474747 1.6565656565656566 1.494949494949495 1.8383838383838385 1.6161616161616161 1.2121212121212122 1.1111111111111112 1.494949494949495 0.9292929292929293 2.0 0.8080808080808081 1.898989898989899 0.9696969696969697 1.3333333333333333 1.393939393939394 1.1313131313131313 1.3535353535353536 1.7373737373737375 1.0101010101010102 1.5353535353535352 0.8686868686868687 1.1515151515151516 1.6161616161616161 1.797979797979798 1.0505050505050506 1.4343434343434343 1.8181818181818181 1.3333333333333333 1.696969696969697 1.595959595959596 0.9696969696969697 1.7171717171717171 1.7777777777777777 1.878787878787879 1.0303030303030303 1.3333333333333333 0.8686868686868687 1.878787878787879 1.4747474747474747 1.2727272727272727 0.8282828282828283 1.4343434343434343 1.5353535353535352 1.6161616161616161 1.4141414141414141
26 0.9490793582451975 1.2121212121212122 0.8888888888888888 0.8282828282828283 0.9494949494949495 0.9292929292929293 1.4747474747474747 1.6565656565656566 1.494949494949495 1.8383838383838385 1.6161616161616161 1.2121212121212122 1.1111111111111112 1.494949494949495 0.9292929292929293 2.0 0.8080808080808081 1.898989898989899 0.9696969696969697 1.3333333333333333 1.393939393939394 1.1313131313131313 1.3535353535353536 1.7373737373737375 1.0101010101010102 1.5353535353535352 0.8686868686868687 1.1515151515151516 1.6161616161616161 1.797979797979798 1.0505050505050506 1.4343434343434343 1.8181818181818181 1.3333333333333333 1.696969696969697 1.595959595959596 0.9696969696969697 1.7171717171717171 1.7777777777777777 1.878787878787879 1.0303030303030303 1.3333333333333333 0.8686868686868687 1.878787878787879 1.4747474747474747 1.2727272727272727 0.8282828282828283 1.4343434343434343 1.5353535353535352 1.6161616161616161 1.4141414141414141
27 4.643157698982815 1.8181818181818181 1.3333333333333333 1.2424242424242424 1.4242424242424243 1.393939393939394 2.212121212121212 2.484848484848485 2.242424242424242 2.757575757575758 2.4242424242424243 1.8181818181818181 1.6666666666666667 2.242424242424242 1.393939393939394 3.0 1.2121212121212122 2.8484848484848486 1.4545454545454546 2.0 2.090909090909091 1.696969696969697 2.0303030303030303 2.606060606060606 1.5151515151515151 2.303030303030303 1.303030303030303 1.7272727272727273 2.4242424242424243 2.696969696969697 1.5757575757575757 2.1515151515151514 2.727272727272727 2.0 2.5454545454545454 2.393939393939394 1.4545454545454546 2.5757575757575757 2.6666666666666665 2.8181818181818183 1.5454545454545454 2.0 1.303030303030303 2.8181818181818183 2.212121212121212 1.9090909090909092 1.2424242424242424 2.1515151515151514 2.303030303030303 2.4242424242424243 2.121212121212121
28 227.5559974586075 1.2121212121212122 0.8888888888888888 0.8282828282828283 0.9494949494949495 0.9292929292929293 1.4747474747474747 1.6565656565656566 1.494949494949495 1.8383838383838385 1.6161616161616161 1.2121212121212122 1.1111111111111112 1.494949494949495 0.9292929292929293 2.0 0.8080808080808081 1.898989898989899 0.9696969696969697 1.3333333333333333 1.393939393939394 1.1313131313131313 1.3535353535353536 1.7373737373737375 1.0101010101010102 1.5353535353535352 0.8686868686868687 1.1515151515151516 1.6161616161616161 1.797979797979798 1.0505050505050506 1.4343434343434343 1.8181818181818181 1.3333333333333333 1.696969696969697 1.595959595959596 0.9696969696969697 1.7171717171717171 1.7777777777777777 1.878787878787879 1.0303030303030303 1.3333333333333333 0.8686868686868687 1.878787878787879 1.4747474747474747 1.2727272727272727 0.8282828282828283 1.4343434343434343 1.5353535353535352 1.6161616161616161 1.4141414141414141
29 66.1449370069848 1.8181818181818181 1.3333333333333333 1.2424242424242424 1.4242424242424243 1.393939393939394 2.212121212121212 2.484848484848485 2.242424242424242 2.757575757575758 2.4242424242424243 1.8181818181818181 1.6666666666666667 2.242424242424242 1.393939393939394 3.0 1.2121212121212122 2.8484848484848486 1.4545454545454546 2.0 2.090909090909091 1.696969696969697 2.0303030303030303 2.606060606060606 1.5151515151515151 2.303030303030303 1.303030303030303 1.7272727272727273 2.4242424242424243 2.696969696969697 1.5757575757575757 2.1515151515151514 2.727272727272727 2.0 2.5454545454545454 2.393939393939394 1.4545454545454546 2.5757575757575757 2.6666666666666665 2.8181818181818183 1.5454545454545454 2.0 1.303030303030303 2.8181818181818183 2.212121212121212 1.9090909090909092 1.2424242424242424 2.1515151515151514 2.303030303030303 2.4242424242424243 2.121212121212121
30 225.66073165699635 1.2121212121212122 0.8888888888888888 0.8282828282828283 0.9494949494949495 0.9292929292929293 1.4747474747474747 1.6565656565656566 1.494949494949495 1.8383838383838385 1.6161616161616161 1.2121212121212122 1.1111111111111112 1.494949494949495 0.9292929292929293 2.0 0.8080808080808081 1.898989898989899 0.9696969696969697 1.3333333333333333 1.393939393939394 1.1313131313131313 1.3535353535353536 1.7373737373737375 1.0101010101010102 1.5353535353535352 0.8686868686868687 1.1515151515151516 1.6161616161616161 1.797979797979798 1.0505050505050506 1.4343434343434343 1.8181818181818181 1.3333333333333333 1.696969696969697 1.595959595959596 0.9696969696969697 1.7171717171717171 1.7777777777777777 1.878787878787879 1.0303030303030303 1.3333333333333333 0.8686868686868687 1.878787878787879 1.4747474747474747 1.2727272727272727 0.8282828282828283 1.4343434343434343 1.5353535353535352 1.6161616161616161 1.4141414141414141
31 73.73510423484156 1.8181818181818181 1.3333333333333333 1.2424242424242424 1.4242424242424243 1.393939393939394 2.212121212121212 2.484848484848485 2.242424242424242 2.757575757575758 2.4242424242424243 1.8181818181818181 1.6666666666666667 2.242424242424242 1.393939393939394 3.0 1.2121212121212122 2.8484848484848486 1.4545454545454546 2.0 2.090909090909091 1.696969696969697 2.0303030303030303 2.606060606060606 1.5151515151515151 2.303030303030303 1.303030303030303 1.7272727272727273 2.4242424242424243 2.696969696969697 1.5757575757575757 2.1515151515151514 2.727272727272727 2.0 2.5454545454545454 2.393939393939394 1.4545454545454546 2.5757575757575757 2.6666666666666665 2.8181818181818183 1.5454545454545454 2.0 1.303030303030303 2.8181818181818183 2.212121212121212 1.9090909090909092 1.2424242424242424 2.1515151515151514 2.303030303030303 2.4242424242424243 2.121212121212121
32 122.19272260130761 1.8181818181818181 1.3333333333333333 1.2424242424242424 1.4242424242424243 1.393939393939394 2.212121212121212 2.484848484848485 2.242424242424242 2.757575757575758 2.4242424242424243 1.8181818181818181 1.6666666666666667 2.242424242424242 1.393939393939394 3.0 1.2121212121212122 2.8484848484848486 1.4545454545454546 2.0 2.090909090909091 1.696969696969697 2.0303030303030303 2.606060606060606 1.5151515151515151 2.303030303030303 1.303030303030303 1.7272727272727273 2.4242424242424243 2.696969696969697 1.5757575757575757 2.1515151515151514 2.727272727272727 2.0 2.5454545454545454 2.393939393939394 1.4545454545454546 2.5757575757575757 2.6666666666666665 2.8181818181818183 1.5454545454545454 2.0 1.303030303030303 2.8181818181818183 2.212121212121212 1.9090909090909092 1.2424242424242424 2.1515151515151514 2.303030303030303 2.4242424242424243 2.121212121212121
33 99.34564763525343 1.8181818181818181 1.3333333333333333 1.2424242424242424 1.4242424242424243 1.393939393939394 2.212121212121212 2.484848484848485 2.242424242424242 2.757575757575758 2.4242424242424243 1.8181818181818181 1.6666666666666667 2.242424242424242 1.393939393939394 3.0 1.2121212121212122 2.8484848484848486 1.4545454545454546 2.0 2.090909090909091 1.696969696969697 2.0303030303030303 2.606060606060606 1.5151515151515151 2.303030303030303 1.303030303030303 1.7272727272727273 2.4242424242424243 2.696969696969697 1.5757575757575757 2.1515151515151514 2.727272727272727 2.0 2.5454545454545454 2.393939393939394 1.4545454545454546 2.5757575757575757 2.6666666666666665 2.8181818181818183 1.5454545454545454 2.0 1.303030303030303 2.8181818181818183 2.212121212121212 1.9090909090909092 1.2424242424242424 2.1515151515151514 2.303030303030303 2.4242424242424243 2.121212121212121
34 38.27577041509859 1.8181818181818181 1.3333333333333333 1.2424242424242424 1.4242424242424243 1.393939393939394 2.212121212121212 2.484848484848485 2.242424242424242 2.757575757575758 2.4242424242424243 1.8181818181818181 1.6666666666666667 2.242424242424242 1.393939393939394 3.0 1.2121212121212122 2.8484848484848486 1.4545454545454546 2.0 2.090909090909091 1.696969696969697 2.0303030303030303 2.606060606060606 1.5151515151515151 2.303030303030303 1.303030303030303 1.7272727272727273 2.4242424242424243 2.696969696969697 1.5757575757575757 2.1515151515151514 2.727272727272727 2.0 2.5454545454545454 2.393939393939394 1.4545454545454546 2.5757575757575757 2.6666666666666665 2.8181818181818183 1.5454545454545454 2.0 1.303030303030303 2.8181818181818183 2.212121212121212 1.9090909090909092 1.2424242424242424 2.1515151515151514 2.303030303030303 2.4242424242424243 2.121212121212121
35 97.44556720490979 1.2121212121212122 0.8888888888888888 0.8282828282828283 0.9494949494949495 0.9292929292929293 1.4747474747474747 1.6565656565656566 1.494949494949495 1.8383838383838385 1.6161616161616161 1.2121212121212122 1.1111111111111112 1.494949494949495 0.9292929292929293 2.0 0.8080808080808081 1.898989898989899 0.9696969696969697 1.3333333333333333 1.393939393939394 1.1313131313131313 1.3535353535353536 1.7373737373737375 1.0101010101010102 1.5353535353535352 0.8686868686868687 1.1515151515151516 1.6161616161616161 1.797979797979798 1.0505050505050506 1.4343434343434343 1.8181818181818181 1.3333333333333333 1.696969696969697 1.595959595959596 0.9696969696969697 1.7171717171717171 1.7777777777777777 1.878787878787879 1.0303030303030303 1.3333333333333333 0.8686868686868687 1.878787878787879 1.4747474747474747 1.2727272727272727 0.8282828282828283 1.4343434343434343 1.5353535353535352 1.6161616161616161 1.4141414141414141
36 21.59731049814384 1.8181818181818181 1.3333333333333333 1.2424242424242424 1.4242424242424243 1.393939393939394 2.212121212121212 2.484848484848485 2.242424242424242 2.757575757575758 2.4242424242424243 1.8181818181818181 1.6666666666666667 2.242424242424242 1.393939393939394 3.0 1.2121212121212122 2.8484848484848486 1.4545454545454546 2.0 2.090909090909091 1.696969696969697 2.0303030303030303 2.606060606060606 1.5151515151515151 2.303030303030303 1.303030303030303 1.7272727272727273 2.4242424242424243 2.696969696969697 1.5757575757575757 2.1515151515151514 2.727272727272727 2.0 2.5454545454545454 2.393939393939394 1.4545454545454546 2.5757575757575757 2.6666666666666665 2.8181818181818183 1.5454545454545454 2.0 1.303030303030303 2.8181818181818183 2.212121212121212 1.9090909090909092 1.2424242424242424 2.1515151515151514 2.303030303030303 2.4242424242424243 2.121212121212121
37 18.488096652802533 1.8181818181818181 1.3333333333333333 1.2424242424242424 1.4242424242424243 1.393939393939394 2.212121212121212 2.484848484848485 2.242424242424242 2.757575757575758 2.4242424242424243 1.8181818181818181 1.6666666666666667 2.242424242424242 1.393939393939394 3.0 1.2121212121212122 2.8484848484848486 1.4545454545454546 2.0 2.090909090909091 1.696969696969697 2.0303030303030303 2.606060606060606 1.5151515151515151 2.303030303030303 1.303030303030303 1.7272727272727273 2.4242424242424243 2.696969696969697 1.5757575757575757 2.1515151515151514 2.727272727272727 2.0 2.5454545454545454 2.393939393939394 1.4545454545454546 2.5757575757575757 2.6666666666666665 2.8181818181818183 1.5454545454545454 2.0 1.303030303030303 2.8181818181818183 2.212121212121212 1.9090909090909092 1.2424242424242424 2.1515151515151514 2.303030303030303 2.4242424242424243 2.121212121212121
38 88.07890040084807 1.8181818181818181 1.3333333333333333 1.2424242424242424 1.4242424242424243 1.393939393939394 2.212121212121212 2.484848484848485 2.242424242424242 2.757575757575758 2.4242424242424243 1.8181818181818181 1.6666666666666667 2.242424242424242 1.393939393939394 3.0 1.2121212121212122 2.8484848484848486 1.4545454545454546 2.0 2.090909090909091 1.696969696969697 2.0303030303030303 2.606060606060606 1.5151515151515151 2.303030303030303 1.303030303030303 1.7272727272727273 2.4242424242424243 2.696969696969697 1.5757575757575757 2.1515151515151514 2.727272727272727 2.0 2.5454545454545454 2.393939393939394 1.4545454545454546 2.5757575757575757 2.6666666666666665 2.8181818181818183 1.5454545454545454 2.0 1.303030303030303 2.8181818181818183 2.212121212121212 1.9090909090909092 1.2424242424242424 2.1515151515151514 2.303030303030303 2.4242424242424243 2.121212121212121
39 49.60334058286213 1.2121212121212122 0.8888888888888888 0.8282828282828283 0.9494949494949495 0.9292929292929293 1.4747474747474747 1.6565656565656566 1.494949494949495 1.8383838383838385 1.6161616161616161 1.2121212121212122 1.1111111111111112 1.494949494949495 0.9292929292929293 2.0 0.8080808080808081 1.898989898989899 0.9696969696969697 1.3333333333333333 1.393939393939394 1.1313131313131313 1.3535353535353536 1.7373737373737375 1.0101010101010102 1.5353535353535352 0.8686868686868687 1.1515151515151516 1.6161616161616161 1.797979797979798 1.0505050505050506 1.4343434343434343 1.8181818181818181 1.3333333333333333 1.696969696969697 1.595959595959596 0.9696969696969697 1.7171717171717171 1.7777777777777777 1.878787878787879 1.0303030303030303 1.3333333333333333 0.8686868686868687 1.878787878787879 1.4747474747474747 1.2727272727272727 0.8282828282828283 1.4343434343434343 1.5353535353535352 1.6161616161616161 1.4141414141414141
40 311.2269433212475 1.2121212121212122 0.8888888888888888 0.8282828282828283 0.9494949494949495 0.9292929292929293 1.4747474747474747 1.6565656565656566 1.494949494949495 1.8383838383838385 1.6161616161616161 1.2121212121212122 1.1111111111111112 1.494949494949495 0.9292929292929293 2.0 0.8080808080808081 1.898989898989899 0.9696969696969697 1.3333333333333333 1.393939393939394 1.1313131313131313 1.3535353535353536 1.7373737373737375 1.0101010101010102 1.5353535353535352 0.8686868686868687 1.1515151515151516 1.6161616161616161 1.797979797979798 1.0505050505050506 1.4343434343434343 1.8181818181818181 1.3333333333333333 1.696969696969697 1.595959595959596 0.9696969696969697 1.7171717171717171 1.7777777777777777 1.878787878787879 1.0303030303030303 1.3333333333333333 0.8686868686868687 1.878787878787879 1.4747474747474747 1.2727272727272727 0.8282828282828283 1.4343434343434343 1.5353535353535352 1.6161616161616161 1.4141414141414141
41 31.152461962988294 1.2121212121212122 0.8888888888888888 0.8282828282828283 0.9494949494949495 0.9292929292929293 1.4747474747474747 1.6565656565656566 1.494949494949495 1.8383838383838385 1.6161616161616161 1.2121212121212122 1.1111111111111112 1.494949494949495 0.9292929292929293 2.0 0.8080808080808081 1.898989898989899 0.9696969696969697 1.3333333333333333 1.393939393939394 1.1313131313131313 1.3535353535353536 1.7373737373737375 1.0101010101010102 1.5353535353535352 0.8686868686868687 1.1515151515151516 1.6161616161616161 1.797979797979798 1.0505050505050506 1.4343434343434343 1.8181818181818181 1.3333333333333333 1.696969696969697 1.595959595959596 0.9696969696969697 1.7171717171717171 1.7777777777777777 1.878787878787879 1.0303030303030303 1.3333333333333333 0.8686868686868687 1.878787878787879 1.4747474747474747 1.2727272727272727 0.8282828282828283 1.4343434343434343 1.5353535353535352 1.6161616161616161 1.4141414141414141
42 85.85727012349356 1.2121212121212122 0.8888888888888888 0.8282828282828283 0.9494949494949495 0.9292929292929293 1.4747474747474747 1.6565656565656566 1.494949494949495 1.8383838383838385 1.6161616161616161 1.2121212121212122 1.1111111111111112 1.494949494949495 0.9292929292929293 2.0 0.8080808080808081 1.898989898989899 0.9696969696969697 1.3333333333333333 1.393939393939394 1.1313131313131313 1.3535353535353536 1.7373737373737375 1.0101010101010102 1.5353535353535352 0.8686868686868687 1.1515151515151516 1.6161616161616161 1.797979797979798 1.0505050505050506 1.4343434343434343 1.8181818181818181 1.3333333333333333 1.696969696969697 1.595959595959596 0.9696969696969697 1.7171717171717171 1.7777777777777777 1.878787878787879 1.0303030303030303 1.3333333333333333 0.8686868686868687 1.878787878787879 1.4747474747474747 1.2727272727272727 0.8282828282828283 1.4343434343434343 1.5353535353535352 1.6161616161616161 1.4141414141414141
43 9.214795008912667 1.8181818181818181 1.3333333333333333 1.2424242424242424 1.4242424242424243 1.393939393939394 2.212121212121212 2.484848484848485 2.242424242424242 2.757575757575758 2.4242424242424243 1.8181818181818181 1.6666666666666667 2.242424242424242 1.393939393939394 3.0 1.2121212121212122 2.8484848484848486 1.4545454545454546 2.0 2.090909090909091 1.696969696969697 2.0303030303030303 2.606060606060606 1.5151515151515151 2.303030303030303 1.303030303030303 1.7272727272727273 2.4242424242424243 2.696969696969697 1.5757575757575757 2.1515151515151514 2.727272727272727 2.0 2.5454545454545454 2.393939393939394 1.4545454545454546 2.5757575757575757 2.6666666666666665 2.8181818181818183 1.5454545454545454 2.0 1.303030303030303 2.8181818181818183 2.212121212121212 1.9090909090909092 1.2424242424242424 2.1515151515151514 2.303030303030303 2.4242424242424243 2.121212121212121
44 93.18383785005652 1.8181818181818181 1.3333333333333333 1.2424242424242424 1.4242424242424243 1.393939393939394 2.212121212121212 2.484848484848485 2.242424242424242 2.757575757575758 2.4242424242424243 1.8181818181818181 1.6666666666666667 2.242424242424242 1.393939393939394 3.0 1.2121212121212122 2.8484848484848486 1.4545454545454546 2.0 2.090909090909091 1.696969696969697 2.0303030303030303 2.606060606060606 1.5151515151515151 2.303030303030303 1.303030303030303 1.7272727272727273 2.4242424242424243 2.696969696969697 1.5757575757575757 2.1515151515151514 2.727272727272727 2.0 2.5454545454545454 2.393939393939394 1.4545454545454546 2.5757575757575757 2.6666666666666665 2.8181818181818183 1.5454545454545454 2.0 1.303030303030303 2.8181818181818183 2.212121212121212 1.9090909090909092 1.2424242424242424 2.1515151515151514 2.303030303030303 2.4242424242424243 2.121212121212121
45 205.5302509767218 1.8181818181818181 1.3333333333333333 1.2424242424242424 1.4242424242424243 1.393939393939394 2.212121212121212 2.484848484848485 2.242424242424242 2.757575757575758 2.4242424242424243 1.8181818181818181 1.6666666666666667 2.242424242424242 1.393939393939394 3.0 1.2121212121212122 2.8484848484848486 1.4545454545454546 2.0 2.090909090909091 1.696969696969697 2.0303030303030303 2.606060606060606 1.5151515151515151 2.303030303030303 1.303030303030303 1.7272727272727273 2.4242424242424243 2.696969696969697 1.5757575757575757 2.1515151515151514 2.727272727272727 2.0 2.5454545454545454 2.393939393939394 1.4545454545454546 2.5757575757575757 2.6666666666666665 2.8181818181818183 1.5454545454545454 2.0 1.303030303030303 2.8181818181818183 2.212121212121212 1.9090909090909092 1.2424242424242424 2.1515151515151514 2.303030303030303 2.4242424242424243 2.121212121212121
46 197.7491285076842 1.8181818181818181 1.3333333333333333 1.2424242424242424 1.4242424242424243 1.393939393939394 2.212121212121212 2.484848484848485 2.242424242424242 2.757575757575758 2.4242424242424243 1.8181818181818181 1.6666666666666667 2.242424242424242 1.393939393939394 3.0 1.2121212121212122 2.8484848484848486 1.4545454545454546 2.0 2.090909090909091 1.696969696969697 2.0303030303030303 2.606060606060606 1.5151515151515151 2.303030303030303 1.303030303030303 1.7272727272727273 2.4242424242424243 2.696969696969697 1.5757575757575757 2.1515151515151514 2.727272727272727 2.0 2.5454545454545454 2.393939393939394 1.4545454545454546 2.5757575757575757 2.6666666666666665 2.8181818181818183 1.5454545454545454 2.0 1.303030303030303 2.8181818181818183 2.212121212121212 1.9090909090909092 1.2424242424242424 2.1515151515151514 2.303030303030303 2.4242424242424243 2.121212121212121
47 10.463658765070056 1.8181818181818181 1.3333333333333333 1.2424242424242424 1.4242424242424243 1.393939393939394 2.212121212121212 2.484848484848485 2.242424242424242 2.757575757575758 2.4242424242424243 1.8181818181818181 1.6666666666666667 2.242424242424242 1.393939393939394 3.0 1.2121212121212122 2.8484848484848486 1.4545454545454546 2.0 2.090909090909091 1.696969696969697 2.0303030303030303 2.606060606060606 1.5151515151515151 2.303030303030303 1.303030303030303 1.7272727272727273 2.4242424242424243 2.696969696969697 1.5757575757575757 2.1515151515151514 2.727272727272727 2.0 2.5454545454545454 2.393939393939394 1.4545454545454546 2.5757575757575757 2.6666666666666665 2.8181818181818183 1.5454545454545454 2.0 1.303030303030303 2.8181818181818183 2.212121212121212 1.9090909090909092 1.2424242424242424 2.1515151515151514 2.303030303030303 2.4242424242424243 2.121212121212121
48 29.31757185135307 1.8181818181818181 1.3333333333333333 1.2424242424242424 1.4242424242424243 1.393939393939394 2.212121212121212 2.484848484848485 2.242424242424242 2.757575757575758 2.4242424242424243 1.8181818181818181 1.6666666666666667 2.242424242424242 1.393939393939394 3.0 1.2121212121212122 2.8484848484848486 1.4545454545454546 2.0 2.090909090909091 1.696969696969697 2.0303030303030303 2.606060606060606 1.5151515151515151 2.303030303030303 1.303030303030303 1.7272727272727273 2.4242424242424243 2.696969696969697 1.5757575757575757 2.1515151515151514 2.727272727272727 2.0 2.5454545454545454 2.393939393939394 1.4545454545454546 2.5757575757575757 2.6666666666666665 2.8181818181818183 1.5454545454545454 2.0 1.303030303030303 2.8181818181818183 2.212121212121212 1.9090909090909092 1.2424242424242424 2.1515151515151514 2.303030303030303 2.4242424242424243 2.121212121212121
49 141.1190268296035 1.2121212121212122 0.8888888888888888 0.8282828282828283 0.9494949494949495 0.9292929292929293 1.4747474747474747 1.6565656565656566 1.494949494949495 1.8383838383838385 1.6161616161616161 1.2121212121212122 1.1111111111111112 1.494949494949495 0.9292929292929293 2.0 0.8080808080808081 1.898989898989899 0.9696969696969697 1.3333333333333333 1.393939393939394 1.1313131313131313 1.3535353535353536 1.7373737373737375 1.0101010101010102 1.5353535353535352 0.8686868686868687 1.1515151515151516 1.6161616161616161 1.797979797979798 1.0505050505050506 1.4343434343434343 1.8181818181818181 1.3333333333333333 1.696969696969697 1.595959595959596 0.9696969696969697 1.7171717171717171 1.7777777777777777 1.878787878787879 1.0303030303030303 1.3333333333333333 0.8686868686868687 1.878787878787879 1.4747474747474747 1.2727272727272727 0.8282828282828283 1.4343434343434343 1.5353535353535352 1.6161616161616161 1.4141414141414141
50 76.63940437714378 1.2121212121212122 0.8888888888888888 0.8282828282828283 0.9494949494949495 0.9292929292929293 1.4747474747474747 1.6565656565656566 1.494949494949495 1.8383838383838385 1.6161616161616161 1.2121212121212122 1.1111111111111112 1.494949494949495 0.9292929292929293 2.0 0.8080808080808081 1.898989898989899 0.9696969696969697 1.3333333333333333 1.393939393939394 1.1313131313131313 1.3535353535353536 1.7373737373737375 1.0101010101010102 1.5353535353535352 0.8686868686868687 1.1515151515151516 1.6161616161616161 1.797979797979798 1.0505050505050506 1.4343434343434343 1.8181818181818181 1.3333333333333333 1.696969696969697 1.595959595959596 0.9696969696969697 1.7171717171717171 1.7777777777777777 1.878787878787879 1.0303030303030303 1.3333333333333333 0.8686868686868687 1.878787878787879 1.4747474747474747 1.2727272727272727 0.8282828282828283 1.4343434343434343 1.5353535353535352 1.6161616161616161 1.4141414141414141
51 120.23511386049853 1.2121212121212122 0.8888888888888888 0.8282828282828283 0.9494949494949495 0.9292929292929293 1.4747474747474747 1.6565656565656566 1.494949494949495 1.8383838383838385 1.6161616161616161 1.2121212121212122 1.1111111111111112 1.494949494949495 0.9292929292929293 2.0 0.8080808080808081 1.898989898989899 0.9696969696969697 1.3333333333333333 1.393939393939394 1.1313131313131313 1.3535353535353536 1.7373737373737375 1.0101010101010102 1.5353535353535352 0.8686868686868687 1.1515151515151516 1.6161616161616161 1.797979797979798 1.0505050505050506 1.4343434343434343 1.8181818181818181 1.3333333333333333 1.696969696969697 1.595959595959596 0.9696969696969697 1.7171717171717171 1.7777777777777777 1.878787878787879 1.0303030303030303 1.3333333333333333 0.8686868686868687 1.878787878787879 1.4747474747474747 1.2727272727272727 0.8282828282828283 1.4343434343434343 1.5353535353535352 1.6161616161616161 1.4141414141414141
52 39.50859880859882 1.2121212121212122 0.8888888888888888 0.8282828282828283 0.9494949494949495 0.9292929292929293 1.4747474747474747 1.6565656565656566 1.494949494949495 1.8383838383838385 1.6161616161616161 1.2121212121212122 1.1111111111111112 1.494949494949495 0.9292929292929293 2.0 0.8080808080808081 1.898989898989899 0.9696969696969697 1.3333333333333333 1.393939393939394 1.1313131313131313 1.3535353535353536 1.7373737373737375 1.0101010101010102 1.5353535353535352 0.8686868686868687 1.1515151515151516 1.6161616161616161 1.797979797979798 1.0505050505050506 1.4343434343434343 1.8181818181818181 1.3333333333333333 1.696969696969697 1.595959595959596 0.9696969696969697 1.7171717171717171 1.7777777777777777 1.878787878787879 1.0303030303030303 1.3333333333333333 0.8686868686868687 1.878787878787879 1.4747474747474747 1.2727272727272727 0.8282828282828283 1.4343434343434343 1.5353535353535352 1.6161616161616161 1.4141414141414141
53 16.618279214367067 1.2121212121212122 0.8888888888888888 0.8282828282828283 0.9494949494949495 0.9292929292929293 1.4747474747474747 1.6565656565656566 1.494949494949495 1.8383838383838385 1.6161616161616161 1.2121212121212122 1.1111111111111112 1.494949494949495 0.9292929292929293 2.0 0.8080808080808081 1.898989898989899 0.9696969696969697 1.3333333333333333 1.393939393939394 1.1313131313131313 1.3535353535353536 1.7373737373737375 1.0101010101010102 1.5353535353535352 0.8686868686868687 1.1515151515151516 1.6161616161616161 1.797979797979798 1.0505050505050506 1.4343434343434343 1.8181818181818181 1.3333333333333333 1.696969696969697 1.595959595959596 0.9696969696969697 1.7171717171717171 1.7777777777777777 1.878787878787879 1.0303030303030303 1.3333333333333333 0.8686868686868687 1.878787878787879 1.4747474747474747 1.2727272727272727 0.8282828282828283 1.4343434343434343 1.5353535353535352 1.6161616161616161 1.4141414141414141
54 84.18464997597079 1.8181818181818181 1.3333333333333333 1.2424242424242424 1.4242424242424243 1.393939393939394 2.212121212121212 2.484848484848485 2.242424242424242 2.757575757575758 2.4242424242424243 1.8181818181818181 1.6666666666666667 2.242424242424242 1.393939393939394 3.0 1.2121212121212122 2.8484848484848486 1.4545454545454546 2.0 2.090909090909091 1.696969696969697 2.0303030303030303 2.606060606060606 1.5151515151515151 2.303030303030303 1.303030303030303 1.7272727272727273 2.4242424242424243 2.696969696969697 1.5757575757575757 2.1515151515151514 2.727272727272727 2.0 2.5454545454545454 2.393939393939394 1.4545454545454546 2.5757575757575757 2.6666666666666665 2.8181818181818183 1.5454545454545454 2.0 1.303030303030303 2.8181818181818183 2.212121212121212 1.9090909090909092 1.2424242424242424 2.1515151515151514 2.303030303030303 2.4242424242424243 2.121212121212121
55 144.58780239420625 1.2121212121212122 0.8888888888888888 0.8282828282828283 0.9494949494949495 0.9292929292929293 1.4747474747474747 1.6565656565656566 1.494949494949495 1.8383838383838385 1.6161616161616161 1.2121212121212122 1.1111111111111112 1.494949494949495 0.9292929292929293 2.0 0.8080808080808081 1.898989898989899 0.9696969696969697 1.3333333333333333 1.393939393939394 1.1313131313131313 1.3535353535353536 1.7373737373737375 1.0101010101010102 1.5353535353535352 0.8686868686868687 1.1515151515151516 1.6161616161616161 1.797979797979798 1.0505050505050506 1.4343434343434343 1.8181818181818181 1.3333333333333333 1.696969696969697 1.595959595959596 0.9696969696969697 1.7171717171717171 1.7777777777777777 1.878787878787879 1.0303030303030303 1.3333333333333333 0.8686868686868687 1.878787878787879 1.4747474747474747 1.2727272727272727 0.8282828282828283 1.4343434343434343 1.5353535353535352 1.6161616161616161 1.4141414141414141
56 11.178303395950445 1.8181818181818181 1.3333333333333333 1.2424242424242424 1.4242424242424243 1.393939393939394 2.212121212121212 2.484848484848485 2.242424242424242 2.757575757575758 2.4242424242424243 1.8181818181818181 1.6666666666666667 2.242424242424242 1.393939393939394 3.0 1.2121212121212122 2.8484848484848486 1.4545454545454546 2.0 2.090909090909091 1.696969696969697 2.0303030303030303 2.606060606060606 1.5151515151515151 2.303030303030303 1.303030303030303 1.7272727272727273 2.4242424242424243 2.696969696969697 1.5757575757575757 2.1515151515151514 2.727272727272727 2.0 2.5454545454545454 2.393939393939394 1.4545454545454546 2.5757575757575757 2.6666666666666665 2.8181818181818183 1.5454545454545454 2.0 1.303030303030303 2.8181818181818183 2.212121212121212 1.9090909090909092 1.2424242424242424 2.1515151515151514 2.303030303030303 2.4242424242424243 2.121212121212121
57 88.40053749618501 1.2121212121212122 0.8888888888888888 0.8282828282828283 0.9494949494949495 0.9292929292929293 1.4747474747474747 1.6565656565656566 1.494949494949495 1.8383838383838385 1.6161616161616161 1.2121212121212122 1.1111111111111112 1.494949494949495 0.9292929292929293 2.0 0.8080808080808081 1.898989898989899 0.9696969696969697 1.3333333333333333 1.393939393939394 1.1313131313131313 1.3535353535353536 1.7373737373737375 1.0101010101010102 1.5353535353535352 0.8686868686868687 1.1515151515151516 1.6161616161616161 1.797979797979798 1.0505050505050506 1.4343434343434343 1.8181818181818181 1.3333333333333333 1.696969696969697 1.595959595959596 0.9696969696969697 1.7171717171717171 1.7777777777777777 1.878787878787879 1.0303030303030303 1.3333333333333333 0.8686868686868687 1.878787878787879 1.4747474747474747 1.2727272727272727 0.8282828282828283 1.4343434343434343 1.5353535353535352 1.6161616161616161 1.4141414141414141
58 74.39985222114412 1.2121212121212122 0.8888888888888888 0.8282828282828283 0.9494949494949495 0.9292929292929293 1.4747474747474747 1.6565656565656566 1.494949494949495 1.8383838383838385 1.6161616161616161 1.2121212121212122 1.1111111111111112 1.494949494949495 0.9292929292929293 2.0 0.8080808080808081 1.898989898989899 0.9696969696969697 1.3333333333333333 1.393939393939394 1.1313131313131313 1.3535353535353536 1.7373737373737375 1.0101010101010102 1.5353535353535352 0.8686868686868687 1.1515151515151516 1.6161616161616161 1.797979797979798 1.0505050505050506 1.4343434343434343 1.8181818181818181 1.3333333333333333 1.696969696969697 1.595959595959596 0.9696969696969697 1.7171717171717171 1.7777777777777777 1.878787878787879 1.0303030303030303 1.3333333333333333 0.8686868686868687 1.878787878787879 1.4747474747474747 1.2727272727272727 0.8282828282828283 1.4343434343434343 1.5353535353535352 1.6161616161616161 1.4141414141414141
59 330.74704665000576 1.2121212121212122 0.8888888888888888 0.8282828282828283 0.9494949494949495 0.9292929292929293 1.4747474747474747 1.6565656565656566 1.494949494949495 1.8383838383838385 1.6161616161616161 1.2121212121212122 1.1111111111111112 1.494949494949495 0.9292929292929293 2.0 0.8080808080808081 1.898989898989899 0.9696969696969697 1.3333333333333333 1.393939393939394 1.1313131313131313 1.3535353535353536 1.7373737373737375 1.0101010101010102 1.5353535353535352 0.8686868686868687 1.1515151515151516 1.6161616161616161 1.797979797979798 1.0505050505050506 1.4343434343434343 1.8181818181818181 1.3333333333333333 1.696969696969697 1.595959595959596 0.9696969696969697 1.7171717171717171 1.7777777777777777 1.878787878787879 1.0303030303030303 1.3333333333333333 0.8686868686868687 1.878787878787879 1.4747474747474747 1.2727272727272727 0.8282828282828283 1.4343434343434343 1.5353535353535352 1.6161616161616161 1.4141414141414141
60 274.76231888043895 1.2121212121212122 0.8888888888888888 0.8282828282828283 0.9494949494949495 0.9292929292929293 1.4747474747474747 1.6565656565656566 1.494949494949495 1.8383838383838385 1.6161616161616161 1.2121212121212122 1.1111111111111112 1.494949494949495 0.9292929292929293 2.0 0.8080808080808081 1.898989898989899 0.9696969696969697 1.3333333333333333 1.393939393939394 1.1313131313131313 1.3535353535353536 1.7373737373737375 1.0101010101010102 1.5353535353535352 0.8686868686868687 1.1515151515151516 1.6161616161616161 1.797979797979798 1.0505050505050506 1.4343434343434343 1.8181818181818181 1.3333333333333333 1.696969696969697 1.595959595959596 0.9696969696969697 1.7171717171717171 1.7777777777777777 1.878787878787879 1.0303030303030303 1.3333333333333333 0.8686868686868687 1.878787878787879 1.4747474747474747 1.2727272727272727 0.8282828282828283 1.4343434343434343 1.5353535353535352 1.6161616161616161 1.4141414141414141
61 15.079941460055093 1.8181818181818181 1.3333333333333333 1.2424242424242424 1.4242424242424243 1.393939393939394 2.212121212121212 2.484848484848485 2.242424242424242 2.757575757575758 2.4242424242424243 1.8181818181818181 1.6666666666666667 2.242424242424242 1.393939393939394 3.0 1.2121212121212122 2.8484848484848486 1.4545454545454546 2.0 2.090909090909091 1.696969696969697 2.0303030303030303 2.606060606060606 1.5151515151515151 2.303030303030303 1.303030303030303 1.7272727272727273 2.4242424242424243 2.696969696969697 1.5757575757575757 2.1515151515151514 2.727272727272727 2.0 2.5454545454545454 2.393939393939394 1.4545454545454546 2.5757575757575757 2.6666666666666665 2.8181818181818183 1.5454545454545454 2.0 1.303030303030303 2.8181818181818183 2.212121212121212 1.9090909090909092 1.2424242424242424 2.1515151515151514 2.303030303030303 2.4242424242424243 2.121212121212121
62 33.0 1.8181818181818181 1.3333333333333333 1.2424242424242424 1.4242424242424243 1.393939393939394 2.212121212121212 2.484848484848485 2.242424242424242 2.757575757575758 2.4242424242424243 1.8181818181818181 1.6666666666666667 2.242424242424242 1.393939393939394 3.0 1.2121212121212122 2.8484848484848486 1.4545454545454546 2.0 2.090909090909091 1.696969696969697 2.0303030303030303 2.606060606060606 1.5151515151515151 2.303030303030303 1.303030303030303 1.7272727272727273 2.4242424242424243 2.696969696969697 1.5757575757575757 2.1515151515151514 2.727272727272727 2.0 2.5454545454545454 2.393939393939394 1.4545454545454546 2.5757575757575757 2.6666666666666665 2.8181818181818183 1.5454545454545454 2.0 1.303030303030303 2.8181818181818183 2.212121212121212 1.9090909090909092 1.2424242424242424 2.1515151515151514 2.303030303030303 2.4242424242424243 2.121212121212121
63 140.57839576791193 1.2121212121212122 0.8888888888888888 0.8282828282828283 0.9494949494949495 0.9292929292929293 1.4747474747474747 1.6565656565656566 1.494949494949495 1.8383838383838385 1.6161616161616161 1.2121212121212122 1.1111111111111112 1.494949494949495 0.9292929292929293 2.0 0.8080808080808081 1.898989898989899 0.9696969696969697 1.3333333333333333 1.393939393939394 1.1313131313131313 1.3535353535353536 1.7373737373737375 1.0101010101010102 1.5353535353535352 0.8686868686868687 1.1515151515151516 1.6161616161616161 1.797979797979798 1.0505050505050506 1.4343434343434343 1.8181818181818181 1.3333333333333333 1.696969696969697 1.595959595959596 0.9696969696969697 1.7171717171717171 1.7777777777777777 1.878787878787879 1.0303030303030303 1.3333333333333333 0.8686868686868687 1.878787878787879 1.4747474747474747 1.2727272727272727 0.8282828282828283 1.4343434343434343 1.5353535353535352 1.6161616161616161 1.4141414141414141
64 191.65776512399876 1.2121212121212122 0.8888888888888888 0.8282828282828283 0.9494949494949495 0.9292929292929293 1.4747474747474747 1.6565656565656566 1.494949494949495 1.8383838383838385 1.6161616161616161 1.2121212121212122 1.1111111111111112 1.494949494949495 0.9292929292929293 2.0 0.8080808080808081 1.898989898989899 0.9696969696969697 1.3333333333333333 1.393939393939394 1.1313131313131313 1.3535353535353536 1.7373737373737375 1.0101010101010102 1.5353535353535352 0.8686868686868687 1.1515151515151516 1.6161616161616161 1.797979797979798 1.0505050505050506 1.4343434343434343 1.8181818181818181 1.3333333333333333 1.696969696969697 1.595959595959596 0.9696969696969697 1.7171717171717171 1.7777777777777777 1.878787878787879 1.0303030303030303 1.3333333333333333 0.8686868686868687 1.878787878787879 1.4747474747474747 1.2727272727272727 0.8282828282828283 1.4343434343434343 1.5353535353535352 1.6161616161616161 1.4141414141414141
65 24.987816985645935 1.8181818181818181 1.3333333333333333 1.2424242424242424 1.4242424242424243 1.393939393939394 2.212121212121212 2.484848484848485 2.242424242424242 2.757575757575758 2.4242424242424243 1.8181818181818181 1.6666666666666667 2.242424242424242 1.393939393939394 3.0 1.2121212121212122 2.8484848484848486 1.4545454545454546 2.0 2.090909090909091 1.696969696969697 2.0303030303030303 2.606060606060606 1.5151515151515151 2.303030303030303 1.303030303030303 1.7272727272727273 2.4242424242424243 2.696969696969697 1.5757575757575757 2.1515151515151514 2.727272727272727 2.0 2.5454545454545454 2.393939393939394 1.4545454545454546 2.5757575757575757 2.6666666666666665 2.8181818181818183 1.5454545454545454 2.0 1.303030303030303 2.8181818181818183 2.212121212121212 1.9090909090909092 1.2424242424242424 2.1515151515151514 2.303030303030303 2.4242424242424243 2.121212121212121
66 270.1528504123613 1.2121212121212122 0.8888888888888888 0.8282828282828283 0.9494949494949495 0.9292929292929293 1.4747474747474747 1.6565656565656566 1.494949494949495 1.8383838383838385 1.6161616161616161 1.2121212121212122 1.1111111111111112 1.494949494949495 0.9292929292929293 2.0 0.8080808080808081 1.898989898989899 0.9696969696969697 1.3333333333333333 1.393939393939394 1.1313131313131313 1.3535353535353536 1.7373737373737375 1.0101010101010102 1.5353535353535352 0.8686868686868687 1.1515151515151516 1.6161616161616161 1.797979797979798 1.0505050505050506 1.4343434343434343 1.8181818181818181 1.3333333333333333 1.696969696969697 1.595959595959596 0.9696969696969697 1.7171717171717171 1.7777777777777777 1.878787878787879 1.0303030303030303 1.3333333333333333 0.8686868686868687 1.878787878787879 1.4747474747474747 1.2727272727272727 0.8282828282828283 1.4343434343434343 1.5353535353535352 1.6161616161616161 1.4141414141414141
67 18.0 1.8181818181818181 1.3333333333333333 1.2424242424242424 1.4242424242424243 1.393939393939394 2.212121212121212 2.484848484848485 2.242424242424242 2.757575757575758 2.4242424242424243 1.8181818181818181 1.6666666666666667 2.242424242424242 1.393939393939394 3.0 1.2121212121212122 2.8484848484848486 1.4545454545454546 2.0 2.090909090909091 1.696969696969697 2.0303030303030303 2.606060606060606 1.5151515151515151 2.303030303030303 1.303030303030303 1.7272727272727273 2.4242424242424243 2.696969696969697 1.5757575757575757 2.1515151515151514 2.727272727272727 2.0 2.5454545454545454 2.393939393939394 1.4545454545454546 2.5757575757575757 2.6666666666666665 2.8181818181818183 1.5454545454545454 2.0 1.303030303030303 2.8181818181818183 2.212121212121212 1.9090909090909092 1.2424242424242424 2.1515151515151514 2.303030303030303 2.4242424242424243 2.121212121212121
68 56.27823940765114 1.2121212121212122 0.8888888888888888 0.8282828282828283 0.9494949494949495 0.9292929292929293 1.4747474747474747 1.6565656565656566 1.494949494949495 1.8383838383838385 1.6161616161616161 1.2121212121212122 1.1111111111111112 1.494949494949495 0.9292929292929293 2.0 0.8080808080808081 1.898989898989899 0.9696969696969697 1.3333333333333333 1.393939393939394 1.1313131313131313 1.3535353535353536 1.7373737373737375 1.0101010101010102 1.5353535353535352 0.8686868686868687 1.1515151515151516 1.6161616161616161 1.797979797979798 1.0505050505050506 1.4343434343434343 1.8181818181818181 1.3333333333333333 1.696969696969697 1.595959595959596 0.9696969696969697 1.7171717171717171 1.7777777777777777 1.878787878787879 1.0303030303030303 1.3333333333333333 0.8686868686868687 1.878787878787879 1.4747474747474747 1.2727272727272727 0.8282828282828283 1.4343434343434343 1.5353535353535352 1.6161616161616161 1.4141414141414141
69 44.62655391120508 1.2121212121212122 0.8888888888888888 0.8282828282828283 0.9494949494949495 0.9292929292929293 1.4747474747474747 1.6565656565656566 1.494949494949495 1.8383838383838385 1.6161616161616161 1.2121212121212122 1.1111111111111112 1.494949494949495 0.9292929292929293 2.0 0.8080808080808081 1.898989898989899 0.9696969696969697 1.3333333333333333 1.393939393939394 1.1313131313131313 1.3535353535353536 1.7373737373737375 1.0101010101010102 1.5353535353535352 0.8686868686868687 1.1515151515151516 1.6161616161616161 1.797979797979798 1.0505050505050506 1.4343434343434343 1.8181818181818181 1.3333333333333333 1.696969696969697 1.595959595959596 0.9696969696969697 1.7171717171717171 1.7777777777777777 1.878787878787879 1.0303030303030303 1.3333333333333333 0.8686868686868687 1.878787878787879 1.4747474747474747 1.2727272727272727 0.8282828282828283 1.4343434343434343 1.5353535353535352 1.6161616161616161 1.4141414141414141
70 183.51142443761552 1.2121212121212122 0.8888888888888888 0.8282828282828283 0.9494949494949495 0.9292929292929293 1.4747474747474747 1.6565656565656566 1.494949494949495 1.8383838383838385 1.6161616161616161 1.2121212121212122 1.1111111111111112 1.494949494949495 0.9292929292929293 2.0 0.8080808080808081 1.898989898989899 0.9696969696969697 1.3333333333333333 1.393939393939394 1.1313131313131313 1.3535353535353536 1.7373737373737375 1.0101010101010102 1.5353535353535352 0.8686868686868687 1.1515151515151516 1.6161616161616161 1.797979797979798 1.0505050505050506 1.4343434343434343 1.8181818181818181 1.3333333333333333 1.696969696969697 1.595959595959596 0.9696969696969697 1.7171717171717171 1.7777777777777777 1.878787878787879 1.0303030303030303 1.3333333333333333 0.8686868686868687 1.878787878787879 1.4747474747474747 1.2727272727272727 0.8282828282828283 1.4343434343434343 1.5353535353535352 1.6161616161616161 1.4141414141414141
71 29.42984696623216 1.8181818181818181 1.3333333333333333 1.2424242424242424 1.4242424242424243 1.393939393939394 2.212121212121212 2.484848484848485 2.242424242424242 2.757575757575758 2.4242424242424243 1.8181818181818181 1.6666666666666667 2.242424242424242 1.393939393939394 3.0 1.2121212121212122 2.8484848484848486 1.4545454545454546 2.0 2.090909090909091 1.696969696969697 2.0303030303030303 2.606060606060606 1.5151515151515151 2.303030303030303 1.303030303030303 1.7272727272727273 2.4242424242424243 2.696969696969697 1.5757575757575757 2.1515151515151514 2.727272727272727 2.0 2.5454545454545454 2.393939393939394 1.4545454545454546 2.5757575757575757 2.6666666666666665 2.8181818181818183 1.5454545454545454 2.0 1.303030303030303 2.8181818181818183 2.212121212121212 1.9090909090909092 1.2424242424242424 2.1515151515151514 2.303030303030303 2.4242424242424243 2.121212121212121
72 32.0 1.8181818181818181 1.3333333333333333 1.2424242424242424 1.4242424242424243 1.393939393939394 2.212121212121212 2.484848484848485 2.242424242424242 2.757575757575758 2.4242424242424243 1.8181818181818181 1.6666666666666667 2.242424242424242 1.393939393939394 3.0 1.2121212121212122 2.8484848484848486 1.4545454545454546 2.0 2.090909090909091 1.696969696969697 2.0303030303030303 2.606060606060606 1.5151515151515151 2.303030303030303 1.303030303030303 1.7272727272727273 2.4242424242424243 2.696969696969697 1.5757575757575757 2.1515151515151514 2.727272727272727 2.0 2.5454545454545454 2.393939393939394 1.4545454545454546 2.5757575757575757 2.6666666666666665 2.8181818181818183 1.5454545454545454 2.0 1.303030303030303 2.8181818181818183 2.212121212121212 1.9090909090909092 1.2424242424242424 2.1515151515151514 2.303030303030303 2.4242424242424243 2.121212121212121
73 59.38970807627479 1.2121212121212122 0.8888888888888888 0.8282828282828283 0.9494949494949495 0.9292929292929293 1.4747474747474747 1.6565656565656566 1.494949494949495 1.8383838383838385 1.6161616161616161 1.2121212121212122 1.1111111111111112 1.494949494949495 0.9292929292929293 2.0 0.8080808080808081 1.898989898989899 0.9696969696969697 1.3333333333333333 1.393939393939394 1.1313131313131313 1.3535353535353536 1.7373737373737375 1.0101010101010102 1.5353535353535352 0.8686868686868687 1.1515151515151516 1.6161616161616161 1.797979797979798 1.0505050505050506 1.4343434343434343 1.8181818181818181 1.3333333333333333 1.696969696969697 1.595959595959596 0.9696969696969697 1.7171717171717171 1.7777777777777777 1.878787878787879 1.0303030303030303 1.3333333333333333 0.8686868686868687 1.878787878787879 1.4747474747474747 1.2727272727272727 0.8282828282828283 1.4343434343434343 1.5353535353535352 1.6161616161616161 1.4141414141414141
74 240.42715347622172 1.8181818181818181 1.3333333333333333 1.2424242424242424 1.4242424242424243 1.393939393939394 2.212121212121212 2.484848484848485 2.242424242424242 2.757575757575758 2.4242424242424243 1.8181818181818181 1.6666666666666667 2.242424242424242 1.393939393939394 3.0 1.2121212121212122 2.8484848484848486 1.4545454545454546 2.0 2.090909090909091 1.696969696969697 2.0303030303030303 2.606060606060606 1.5151515151515151 2.303030303030303 1.303030303030303 1.7272727272727273 2.4242424242424243 2.696969696969697 1.5757575757575757 2.1515151515151514 2.727272727272727 2.0 2.5454545454545454 2.393939393939394 1.4545454545454546 2.5757575757575757 2.6666666666666665 2.8181818181818183 1.5454545454545454 2.0 1.303030303030303 2.8181818181818183 2.212121212121212 1.9090909090909092 1.2424242424242424 2.1515151515151514 2.303030303030303 2.4242424242424243 2.121212121212121
75 100.0754988867861 1.8181818181818181 1.3333333333333333 1.2424242424242424 1.4242424242424243 1.393939393939394 2.212121212121212 2.484848484848485 2.242424242424242 2.757575757575758 2.4242424242424243 1.8181818181818181 1.6666666666666667 2.242424242424242 1.393939393939394 3.0 1.2121212121212122 2.8484848484848486 1.4545454545454546 2.0 2.090909090909091 1.696969696969697 2.0303030303030303 2.606060606060606 1.5151515151515151 2.303030303030303 1.303030303030303 1.7272727272727273 2.4242424242424243 2.696969696969697 1.5757575757575757 2.1515151515151514 2.727272727272727 2.0 2.5454545454545454 2.393939393939394 1.4545454545454546 2.5757575757575757 2.6666666666666665 2.8181818181818183 1.5454545454545454 2.0 1.303030303030303 2.8181818181818183 2.212121212121212 1.9090909090909092 1.2424242424242424 2.1515151515151514 2.303030303030303 2.4242424242424243 2.121212121212121
76 90.98458192035123 1.2121212121212122 0.8888888888888888 0.8282828282828283 0.9494949494949495 0.9292929292929293 1.4747474747474747 1.6565656565656566 1.494949494949495 1.8383838383838385 1.6161616161616161 1.2121212121212122 1.1111111111111112 1.494949494949495 0.9292929292929293 2.0 0.8080808080808081 1.898989898989899 0.9696969696969697 1.3333333333333333 1.393939393939394 1.1313131313131313 1.3535353535353536 1.7373737373737375 1.0101010101010102 1.5353535353535352 0.8686868686868687 1.1515151515151516 1.6161616161616161 1.797979797979798 1.0505050505050506 1.4343434343434343 1.8181818181818181 1.3333333333333333 1.696969696969697 1.595959595959596 0.9696969696969697 1.7171717171717171 1.7777777777777777 1.878787878787879 1.0303030303030303 1.3333333333333333 0.8686868686868687 1.878787878787879 1.4747474747474747 1.2727272727272727 0.8282828282828283 1.4343434343434343 1.5353535353535352 1.6161616161616161 1.4141414141414141
77 28.017806309586785 1.8181818181818181 1.3333333333333333 1.2424242424242424 1.4242424242424243 1.393939393939394 2.212121212121212 2.484848484848485 2.242424242424242 2.757575757575758 2.4242424242424243 1.8181818181818181 1.6666666666666667 2.242424242424242 1.393939393939394 3.0 1.2121212121212122 2.8484848484848486 1.4545454545454546 2.0 2.090909090909091 1.696969696969697 2.0303030303030303 2.606060606060606 1.5151515151515151 2.303030303030303 1.303030303030303 1.7272727272727273 2.4242424242424243 2.696969696969697 1.5757575757575757 2.1515151515151514 2.727272727272727 2.0 2.5454545454545454 2.393939393939394 1.4545454545454546 2.5757575757575757 2.6666666666666665 2.8181818181818183 1.5454545454545454 2.0 1.303030303030303 2.8181818181818183 2.212121212121212 1.9090909090909092 1.2424242424242424 2.1515151515151514 2.303030303030303 2.4242424242424243 2.121212121212121
78 12.963613002828682 1.8181818181818181 1.3333333333333333 1.2424242424242424 1.4242424242424243 1.393939393939394 2.212121212121212 2.484848484848485 2.242424242424242 2.757575757575758 2.4242424242424243 1.8181818181818181 1.6666666666666667 2.242424242424242 1.393939393939394 3.0 1.2121212121212122 2.8484848484848486 1.4545454545454546 2.0 2.090909090909091 1.696969696969697 2.0303030303030303 2.606060606060606 1.5151515151515151 2.303030303030303 1.303030303030303 1.7272727272727273 2.4242424242424243 2.696969696969697 1.5757575757575757 2.1515151515151514 2.727272727272727 2.0 2.5454545454545454 2.393939393939394 1.4545454545454546 2.5757575757575757 2.6666666666666665 2.8181818181818183 1.5454545454545454 2.0 1.303030303030303 2.8181818181818183 2.212121212121212 1.9090909090909092 1.2424242424242424 2.1515151515151514 2.303030303030303 2.4242424242424243 2.121212121212121
79 35.55569203152612 1.8181818181818181 1.3333333333333333 1.2424242424242424 1.4242424242424243 1.393939393939394 2.212121212121212 2.484848484848485 2.242424242424242 2.757575757575758 2.4242424242424243 1.8181818181818181 1.6666666666666667 2.242424242424242 1.393939393939394 3.0 1.2121212121212122 2.8484848484848486 1.4545454545454546 2.0 2.090909090909091 1.696969696969697 2.0303030303030303 2.606060606060606 1.5151515151515151 2.303030303030303 1.303030303030303 1.7272727272727273 2.4242424242424243 2.696969696969697 1.5757575757575757 2.1515151515151514 2.727272727272727 2.0 2.5454545454545454 2.393939393939394 1.4545454545454546 2.5757575757575757 2.6666666666666665 2.8181818181818183 1.5454545454545454 2.0 1.303030303030303 2.8181818181818183 2.212121212121212 1.9090909090909092 1.2424242424242424 2.1515151515151514 2.303030303030303 2.4242424242424243 2.121212121212121
80 78.4173036266059 1.8181818181818181 1.3333333333333333 1.2424242424242424 1.4242424242424243 1.393939393939394 2.212121212121212 2.484848484848485 2.242424242424242 2.757575757575758 2.4242424242424243 1.8181818181818181 1.6666666666666667 2.242424242424242 1.393939393939394 3.0 1.2121212121212122 2.8484848484848486 1.4545454545454546 2.0 2.090909090909091 1.696969696969697 2.0303030303030303 2.606060606060606 1.5151515151515151 2.303030303030303 1.303030303030303 1.7272727272727273 2.4242424242424243 2.696969696969697 1.5757575757575757 2.1515151515151514 2.727272727272727 2.0 2.5454545454545454 2.393939393939394 1.4545454545454546 2.5757575757575757 2.6666666666666665 2.8181818181818183 1.5454545454545454 2.0 1.303030303030303 2.8181818181818183 2.212121212121212 1.9090909090909092 1.2424242424242424 2.1515151515151514 2.303030303030303 2.4242424242424243 2.121212121212121
81 9.50505285412262 1.8181818181818181 1.3333333333333333 1.2424242424242424 1.4242424242424243 1.393939393939394 2.212121212121212 2.484848484848485 2.242424242424242 2.757575757575758 2.4242424242424243 1.8181818181818181 1.6666666666666667 2.242424242424242 1.393939393939394 3.0 1.2121212121212122 2.8484848484848486 1.4545454545454546 2.0 2.090909090909091 1.696969696969697 2.0303030303030303 2.606060606060606 1.5151515151515151 2.303030303030303 1.303030303030303 1.7272727272727273 2.4242424242424243 2.696969696969697 1.5757575757575757 2.1515151515151514 2.727272727272727 2.0 2.5454545454545454 2.393939393939394 1.4545454545454546 2.5757575757575757 2.6666666666666665 2.8181818181818183 1.5454545454545454 2.0 1.303030303030303 2.8181818181818183 2.212121212121212 1.9090909090909092 1.2424242424242424 2.1515151515151514 2.303030303030303 2.4242424242424243 2.121212121212121
82 3.1586469344608883 1.8181818181818181 1.3333333333333333 1.2424242424242424 1.4242424242424243 1.393939393939394 2.212121212121212 2.484848484848485 2.242424242424242 2.757575757575758 2.4242424242424243 1.8181818181818181 1.6666666666666667 2.242424242424242 1.393939393939394 3.0 1.2121212121212122 2.8484848484848486 1.4545454545454546 2.0 2.090909090909091 1.696969696969697 2.0303030303030303 2.606060606060606 1.5151515151515151 2.303030303030303 1.303030303030303 1.7272727272727273 2.4242424242424243 2.696969696969697 1.5757575757575757 2.1515151515151514 2.727272727272727 2.0 2.5454545454545454 2.393939393939394 1.4545454545454546 2.5757575757575757 2.6666666666666665 2.8181818181818183 1.5454545454545454 2.0 1.303030303030303 2.8181818181818183 2.212121212121212 1.9090909090909092 1.2424242424242424 2.1515151515151514 2.303030303030303 2.4242424242424243 2.121212121212121
83 115.68568696450426 1.2121212121212122 0.8888888888888888 0.8282828282828283 0.9494949494949495 0.9292929292929293 1.4747474747474747 1.6565656565656566 1.494949494949495 1.8383838383838385 1.6161616161616161 1.2121212121212122 1.1111111111111112 1.494949494949495 0.9292929292929293 2.0 0.8080808080808081 1.898989898989899 0.9696969696969697 1.3333333333333333 1.393939393939394 1.1313131313131313 1.3535353535353536 1.7373737373737375 1.0101010101010102 1.5353535353535352 0.8686868686868687 1.1515151515151516 1.6161616161616161 1.797979797979798 1.0505050505050506 1.4343434343434343 1.8181818181818181 1.3333333333333333 1.696969696969697 1.595959595959596 0.9696969696969697 1.7171717171717171 1.7777777777777777 1.878787878787879 1.0303030303030303 1.3333333333333333 0.8686868686868687 1.878787878787879 1.4747474747474747 1.2727272727272727 0.8282828282828283 1.4343434343434343 1.5353535353535352 1.6161616161616161 1.4141414141414141
84 179.20155645340276 1.2121212121212122 0.8888888888888888 0.8282828282828283 0.9494949494949495 0.9292929292929293 1.4747474747474747 1.6565656565656566 1.494949494949495 1.8383838383838385 1.6161616161616161 1.2121212121212122 1.1111111111111112 1.494949494949495 0.9292929292929293 2.0 0.8080808080808081 1.898989898989899 0.9696969696969697 1.3333333333333333 1.393939393939394 1.1313131313131313 1.3535353535353536 1.7373737373737375 1.0101010101010102 1.5353535353535352 0.8686868686868687 1.1515151515151516 1.6161616161616161 1.797979797979798 1.0505050505050506 1.4343434343434343 1.8181818181818181 1.3333333333333333 1.696969696969697 1.595959595959596 0.9696969696969697 1.7171717171717171 1.7777777777777777 1.878787878787879 1.0303030303030303 1.3333333333333333 0.8686868686868687 1.878787878787879 1.4747474747474747 1.2727272727272727 0.8282828282828283 1.4343434343434343 1.5353535353535352 1.6161616161616161 1.4141414141414141
85 167.44360323856944 1.8181818181818181 1.3333333333333333 1.2424242424242424 1.4242424242424243 1.393939393939394 2.212121212121212 2.484848484848485 2.242424242424242 2.757575757575758 2.4242424242424243 1.8181818181818181 1.6666666666666667 2.242424242424242 1.393939393939394 3.0 1.2121212121212122 2.8484848484848486 1.4545454545454546 2.0 2.090909090909091 1.696969696969697 2.0303030303030303 2.606060606060606 1.5151515151515151 2.303030303030303 1.303030303030303 1.7272727272727273 2.4242424242424243 2.696969696969697 1.5757575757575757 2.1515151515151514 2.727272727272727 2.0 2.5454545454545454 2.393939393939394 1.4545454545454546 2.5757575757575757 2.6666666666666665 2.8181818181818183 1.5454545454545454 2.0 1.303030303030303 2.8181818181818183 2.212121212121212 1.9090909090909092 1.2424242424242424 2.1515151515151514 2.303030303030303 2.4242424242424243 2.121212121212121
86 62.03056884635831 1.2121212121212122 0.8888888888888888 0.8282828282828283 0.9494949494949495 0.9292929292929293 1.4747474747474747 1.6565656565656566 1.494949494949495 1.8383838383838385 1.6161616161616161 1.2121212121212122 1.1111111111111112 1.494949494949495 0.9292929292929293 2.0 0.8080808080808081 1.898989898989899 0.9696969696969697 1.3333333333333333 1.393939393939394 1.1313131313131313 1.3535353535353536 1.7373737373737375 1.0101010101010102 1.5353535353535352 0.8686868686868687 1.1515151515151516 1.6161616161616161 1.797979797979798 1.0505050505050506 1.4343434343434343 1.8181818181818181 1.3333333333333333 1.696969696969697 1.595959595959596 0.9696969696969697 1.7171717171717171 1.7777777777777777 1.878787878787879 1.0303030303030303 1.3333333333333333 0.8686868686868687 1.878787878787879 1.4747474747474747 1.2727272727272727 0.8282828282828283 1.4343434343434343 1.5353535353535352 1.6161616161616161 1.4141414141414141
87 153.94163139840953 1.2121212121212122 0.8888888888888888 0.8282828282828283 0.9494949494949495 0.9292929292929293 1.4747474747474747 1.6565656565656566 1.494949494949495 1.8383838383838385 1.6161616161616161 1.2121212121212122 1.1111111111111112 1.494949494949495 0.9292929292929293 2.0 0.8080808080808081 1.898989898989899 0.9696969696969697 1.3333333333333333 1.393939393939394 1.1313131313131313 1.3535353535353536 1.7373737373737375 1.0101010101010102 1.5353535353535352 0.8686868686868687 1.1515151515151516 1.6161616161616161 1.797979797979798 1.0505050505050506 1.4343434343434343 1.8181818181818181 1.3333333333333333 1.696969696969697 1.595959595959596 0.9696969696969697 1.7171717171717171 1.7777777777777777 1.878787878787879 1.0303030303030303 1.3333333333333333 0.8686868686868687 1.878787878787879 1.4747474747474747 1.2727272727272727 0.8282828282828283 1.4343434343434343 1.5353535353535352 1.6161616161616161 1.4141414141414141
88 101.09306412093208 1.8181818181818181 1.3333333333333333 1.2424242424242424 1.4242424242424243 1.393939393939394 2.212121212121212 2.484848484848485 2.242424242424242 2.757575757575758 2.4242424242424243 1.8181818181818181 1.6666666666666667 2.242424242424242 1.393939393939394 3.0 1.2121212121212122 2.8484848484848486 1.4545454545454546 2.0 2.090909090909091 1.696969696969697 2.0303030303030303 2.606060606060606 1.5151515151515151 2.303030303030303 1.303030303030303 1.7272727272727273 2.4242424242424243 2.696969696969697 1.5757575757575757 2.1515151515151514 2.727272727272727 2.0 2.5454545454545454 2.393939393939394 1.4545454545454546 2.5757575757575757 2.6666666666666665 2.8181818181818183 1.5454545454545454 2.0 1.303030303030303 2.8181818181818183 2.212121212121212 1.9090909090909092 1.2424242424242424 2.1515151515151514 2.303030303030303 2.4242424242424243 2.121212121212121
89 38.01287874095719 1.8181818181818181 1.3333333333333333 1.2424242424242424 1.4242424242424243 1.393939393939394 2.212121212121212 2.484848484848485 2.242424242424242 2.757575757575758 2.4242424242424243 1.8181818181818181 1.6666666666666667 2.242424242424242 1.393939393939394 3.0 1.2121212121212122 2.8484848484848486 1.4545454545454546 2.0 2.090909090909091 1.696969696969697 2.0303030303030303 2.606060606060606 1.5151515151515151 2.303030303030303 1.303030303030303 1.7272727272727273 2.4242424242424243 2.696969696969697 1.5757575757575757 2.1515151515151514 2.727272727272727 2.0 2.5454545454545454 2.393939393939394 1.4545454545454546 2.5757575757575757 2.6666666666666665 2.8181818181818183 1.5454545454545454 2.0 1.303030303030303 2.8181818181818183 2.212121212121212 1.9090909090909092 1.2424242424242424 2.1515151515151514 2.303030303030303 2.4242424242424243 2.121212121212121
