30 10
TREE NETWORK (nID nID Weight):
2 0 46
20 0 52
4 20 44
17 0 32
29 20 48
18 20 42
3 20 39
1 0 36
14 20 45
11 2 57
16 0 36
21 3 35
24 18 42
15 0 40
10 16 56
12 14 39
13 17 42
23 13 52
5 1 54
7 24 56
22 7 41
6 23 30
25 16 31
27 1 35
28 25 39
26 17 37
9 1 35
19 5 34
8 26 41
PROGRAMS ASSIGNED TO NODES (nID pID1 pID2 ...):
0 1 2 3 4 5 6 7 8 9 10
1 2 6 8
2 1 3 4 6 7 8
4 4 6
5 1 2 3 4 5 6 7 9 10
7 2 4
8 5 6 7 9 10
9 1 4 5 6 10
10 7
11 1 2 3 4 7 8 9 10
12 4
13 8 10
14 1 2 3 4 5 6 8 9 10
15 1 3 4 5 6 7
16 2 6 8 9 10
17 1 2 3 4 5 6 7 9 10
19 1 2 3 4 5 7 8 9 10
20 1 2 5 9
21 2 3 4 5 6 7 8 9
22 3 4 5 6 9 10
23 1 2 4 5 7 9
25 4 5 8 10
26 2 4 5 8 9 10
27 1 2 5 6 7 8 10
28 1 2 3 4 5 6 7 9 10
29 6 7
SIZE OF PROGRAMS (pID SIZE):
1 53.0
2 47.0
3 54.0
4 49.0
5 82.0
6 74.0
7 85.0
8 51.0
9 88.0
10 94.0
COST TO INSTALL SERVERS AND PROGRAMS ON NODES (COST_TO_INSTALL_SERVER COST_TO_INSTALL_pID1 ...):
0 2440.425531914894 1.127659574468085 1.0 1.148936170212766 1.0425531914893618 1.7446808510638299 1.574468085106383 1.8085106382978724 1.0851063829787233 1.872340425531915 2.0
1 15.0 1.6914893617021276 1.5 1.7234042553191489 1.5638297872340425 2.617021276595745 2.3617021276595747 2.7127659574468086 1.627659574468085 2.8085106382978724 3.0
2 34.0 1.6914893617021276 1.5 1.7234042553191489 1.5638297872340425 2.617021276595745 2.3617021276595747 2.7127659574468086 1.627659574468085 2.8085106382978724 3.0
3 3.751636661211129 1.127659574468085 1.0 1.148936170212766 1.0425531914893618 1.7446808510638299 1.574468085106383 1.8085106382978724 1.0851063829787233 1.872340425531915 2.0
4 2.4590239547686354 1.127659574468085 1.0 1.148936170212766 1.0425531914893618 1.7446808510638299 1.574468085106383 1.8085106382978724 1.0851063829787233 1.872340425531915 2.0
5 2.9208628841607567 1.6914893617021276 1.5 1.7234042553191489 1.5638297872340425 2.617021276595745 2.3617021276595747 2.7127659574468086 1.627659574468085 2.8085106382978724 3.0
6 42.0 1.6914893617021276 1.5 1.7234042553191489 1.5638297872340425 2.617021276595745 2.3617021276595747 2.7127659574468086 1.627659574468085 2.8085106382978724 3.0
7 17.02470968747565 1.127659574468085 1.0 1.148936170212766 1.0425531914893618 1.7446808510638299 1.574468085106383 1.8085106382978724 1.0851063829787233 1.872340425531915 2.0
8 13.596561882003954 1.6914893617021276 1.5 1.7234042553191489 1.5638297872340425 2.617021276595745 2.3617021276595747 2.7127659574468086 1.627659574468085 2.8085106382978724 3.0
9 13.991633457165369 1.127659574468085 1.0 1.148936170212766 1.0425531914893618 1.7446808510638299 1.574468085106383 1.8085106382978724 1.0851063829787233 1.872340425531915 2.0
10 1.6563660925363053 1.127659574468085 1.0 1.148936170212766 1.0425531914893618 1.7446808510638299 1.574468085106383 1.8085106382978724 1.0851063829787233 1.872340425531915 2.0
11 8.026250241185247 1.127659574468085 1.0 1.148936170212766 1.0425531914893618 1.7446808510638299 1.574468085106383 1.8085106382978724 1.0851063829787233 1.872340425531915 2.0
12 1.379021640298236 1.6914893617021276 1.5 1.7234042553191489 1.5638297872340425 2.617021276595745 2.3617021276595747 2.7127659574468086 1.627659574468085 2.8085106382978724 3.0
13 7.624806864235055 1.127659574468085 1.0 1.148936170212766 1.0425531914893618 1.7446808510638299 1.574468085106383 1.8085106382978724 1.0851063829787233 1.872340425531915 2.0
14 14.333311511183853 1.127659574468085 1.0 1.148936170212766 1.0425531914893618 1.7446808510638299 1.574468085106383 1.8085106382978724 1.0851063829787233 1.872340425531915 2.0
15 0.44345744680851007 1.127659574468085 1.0 1.148936170212766 1.0425531914893618 1.7446808510638299 1.574468085106383 1.8085106382978724 1.0851063829787233 1.872340425531915 2.0
16 14.546115409413279 1.6914893617021276 1.5 1.7234042553191489 1.5638297872340425 2.617021276595745 2.3617021276595747 2.7127659574468086 1.627659574468085 2.8085106382978724 3.0
17 6.936139990328819 1.127659574468085 1.0 1.148936170212766 1.0425531914893618 1.7446808510638299 1.574468085106383 1.8085106382978724 1.0851063829787233 1.872340425531915 2.0
18 2.3074078403865643 1.6914893617021276 1.5 1.7234042553191489 1.5638297872340425 2.617021276595745 2.3617021276595747 2.7127659574468086 1.627659574468085 2.8085106382978724 3.0
19 13.20363996662495 1.6914893617021276 1.5 1.7234042553191489 1.5638297872340425 2.617021276595745 2.3617021276595747 2.7127659574468086 1.627659574468085 2.8085106382978724 3.0
20 63.0 1.6914893617021276 1.5 1.7234042553191489 1.5638297872340425 2.617021276595745 2.3617021276595747 2.7127659574468086 1.627659574468085 2.8085106382978724 3.0
21 20.582632773058304 1.127659574468085 1.0 1.148936170212766 1.0425531914893618 1.7446808510638299 1.574468085106383 1.8085106382978724 1.0851063829787233 1.872340425531915 2.0
22 39.282157897888304 1.127659574468085 1.0 1.148936170212766 1.0425531914893618 1.7446808510638299 1.574468085106383 1.8085106382978724 1.0851063829787233 1.872340425531915 2.0
23 15.60420312969705 1.127659574468085 1.0 1.148936170212766 1.0425531914893618 1.7446808510638299 1.574468085106383 1.8085106382978724 1.0851063829787233 1.872340425531915 2.0
24 23.35171849427169 1.127659574468085 1.0 1.148936170212766 1.0425531914893618 1.7446808510638299 1.574468085106383 1.8085106382978724 1.0851063829787233 1.872340425531915 2.0
25 19.79928020770505 1.127659574468085 1.0 1.148936170212766 1.0425531914893618 1.7446808510638299 1.574468085106383 1.8085106382978724 1.0851063829787233 1.872340425531915 2.0
26 9.516730161012074 1.6914893617021276 1.5 1.7234042553191489 1.5638297872340425 2.617021276595745 2.3617021276595747 2.7127659574468086 1.627659574468085 2.8085106382978724 3.0
27 9.500060790273558 1.6914893617021276 1.5 1.7234042553191489 1.5638297872340425 2.617021276595745 2.3617021276595747 2.7127659574468086 1.627659574468085 2.8085106382978724 3.0
28 26.923996738409922 1.6914893617021276 1.5 1.7234042553191489 1.5638297872340425 2.617021276595745 2.3617021276595747 2.7127659574468086 1.627659574468085 2.8085106382978724 3.0
29 0.896164075286416 1.127659574468085 1.0 1.148936170212766 1.0425531914893618 1.7446808510638299 1.574468085106383 1.8085106382978724 1.0851063829787233 1.872340425531915 2.0
