70 20
TREE NETWORK (nID nID Weight):
41 0 30
33 41 53
69 33 36
64 41 53
62 41 54
10 64 40
43 10 51
7 64 56
52 0 47
59 10 50
66 10 50
36 64 49
6 0 57
25 36 36
63 59 52
49 33 42
46 62 59
37 41 50
29 52 45
55 63 45
39 49 43
44 10 48
27 37 47
53 6 49
21 0 58
24 25 31
56 39 56
4 49 41
9 37 57
28 43 32
42 66 39
3 7 35
23 69 30
51 52 44
22 4 42
17 27 45
13 23 41
58 66 41
15 58 40
61 53 41
16 21 37
18 39 59
57 23 59
34 33 55
20 69 51
35 18 30
32 22 53
30 3 42
38 22 35
11 59 35
65 51 51
26 64 32
14 29 59
50 57 30
47 22 43
19 46 43
5 9 52
31 69 46
2 24 49
67 2 48
8 9 32
60 15 38
45 58 49
68 18 57
1 8 36
40 1 41
54 49 58
12 60 38
48 9 40
PROGRAMS ASSIGNED TO NODES (nID pID1 pID2 ...):
0 1 2 3 4 5 6 7 8 9 10 11 12 13 14 15 16 17 18 19 20
1 2 3 6 7 8 9 11 12 13 14 18 19 20
2 1 2 3 4 5 6 7 8 9 10 12 13 15 16 17 18 19 20
3 1 2 3 4 5 6 8 9 10 11 13 14 15 16 17 19 20
4 16 18 2 4 20 5 6 7 9 13 14
5 1 2 3 4 6 7 8 9 10 11 12 13 14 15 16 17 18 19 20
6 1 3 5 6 9 10 11 13 14 17 18 19 20
7 16 4 7 8 9 11 14
8 16 1
9 16 7 12 14 15
10 1 2 7 8
11 2 3 6 7 15
12 17 18 2 3 19 12 14
13 17 18 19 4 5 6 9 13
14 3 5 6 7 8 10 11 12 13 14 15 16 17 18 19 20
15 2 18 11 14
16 2 3 4 5 6 7 10 12 13 14 15 16 17 19 20
17 1 2 3 4 6 8 9 10 15 16 17 18 19 20
18 1 2 3 4 5 6 7 8 9 10 11 12 13 14 15 16 17
19 17 2 20 6 10 15
20 19 20 6 7 9 12 13
21 16 1 17 2 3 19 5 6 11 13 14 15
22 18 8 9 11
23 1 2 3 4 7 9 10 11 12 13 14 16 17 19 20
24 15
25 1 2 5 6 7 8 9 10 12 13 14 15 16 17 18 19 20
26 1 2 3 5 6 8 9 10 12 13 14 15 16 17 18 20
27 3 4 5 6 7 8 9 10 12 14 16 18 19
28 8 9 14
29 2 3 4 6 7 8 9 10 11 12 13 14 15 16 17 18
30 16 17 2 19 4 20 5 6 8 10 13
31 16 1 17 2 20 5 6 11 12 13 15
32 16 2
33 16 1 2 18 19 20 4 6 10 11 13
34 17
35 1 3 4 6 7 8 9 10 12 14 15 16 20
36 1 18 19 20 7 13
37 1 2 3 4 5 6 7 8 9 10 11 12 13 14 15 16 17 18 19
38 1 2 4 5 6 7 10 11 12 13 14 15 16 17 18
39 1 2 3 4 5 6 7 9 10 11 12 13 14 15 16 17 18 19 20
40 3 4 5 6 8 9 10 11 12 13 14 15 16 17 18 20
41 1 2 3 4 5 6 7 9 10 12 13 14 15 16 17 18 19 20
42 1 2 3 4 5 6 8 10 11 13 14 15 19
43 1 7 8 9 10 12 13 14 15 16 18 19 20
44 16 2 3 19 20 5 6 10 12 14
45 3 19 9 10 12 13 14
46 2 19 5 6 8 11 13 14 15
47 2 4 5 6 7 8 10 11 13 14 15 16 18 19
48 5 6 12
49 11 12
50 1
51 1 15
52 2 3 4 5 6 7 8 9 11 12 14 15 16 17 18 19
53 16 18 19 9 10 11 12 13 14
54 1 2 5 6 7 8 10 13 14 15 17 18 20
55 1 18 2 12
56 1 2 3 4 6 7 8 9 10 11 12 13 14 16 17 18 20
57 1 2 3 4 5 6 7 8 9 10 12 13 14 15 16 17 18 19
58 3 4 6 7 8 9 11 13 15 16 17 19 20
59 2 10 11
60 16 18 3 19 5 6 8 9 10 13 15
61 16 17 2 19 20 5 6 8 9 12 14
62 1 2 3 4 7 8 11 12 13 14 16 17 18 19 20
63 3 7 9 11 12 14
64 1 18 8 10
65 2 7 10 11 15
67 1 20 6 7 9 10 14 15
68 2 19 5 6 8 10 11 13
69 16 19
SIZE OF PROGRAMS (pID SIZE):
1 83.0
2 76.0
3 88.0
4 44.0
5 67.0
6 64.0
7 75.0
8 89.0
9 65.0
10 50.0
11 64.0
12 83.0
13 58.0
14 52.0
15 57.0
16 78.0
17 86.0
18 47.0
19 45.0
20 96.0
COST TO INSTALL SERVERS AND PROGRAMS ON NODES (COST_TO_INSTALL_SERVER COST_TO_INSTALL_pID1 ...):
0 5271.875 2.59375 2.375 2.75 1.375 2.09375 2.0 2.34375 2.78125 2.03125 1.5625 2.0 2.59375 1.8125 1.625 1.78125 2.4375 2.6875 1.46875 1.40625 3.0
1 101.33838596491223 2.59375 2.375 2.75 1.375 2.09375 2.0 2.34375 2.78125 2.03125 1.5625 2.0 2.59375 1.8125 1.625 1.78125 2.4375 2.6875 1.46875 1.40625 3.0
2 129.21208622904425 1.7291666666666667 1.5833333333333333 1.8333333333333333 0.9166666666666666 1.3958333333333333 1.3333333333333333 1.5625 1.8541666666666667 1.3541666666666667 1.0416666666666667 1.3333333333333333 1.7291666666666667 1.2083333333333333 1.0833333333333333 1.1875 1.625 1.7916666666666667 0.9791666666666666 0.9375 2.0
3 32.142054507337534 1.7291666666666667 1.5833333333333333 1.8333333333333333 0.9166666666666666 1.3958333333333333 1.3333333333333333 1.5625 1.8541666666666667 1.3541666666666667 1.0416666666666667 1.3333333333333333 1.7291666666666667 1.2083333333333333 1.0833333333333333 1.1875 1.625 1.7916666666666667 0.9791666666666666 0.9375 2.0
4 50.88353918764931 1.7291666666666667 1.5833333333333333 1.8333333333333333 0.9166666666666666 1.3958333333333333 1.3333333333333333 1.5625 1.8541666666666667 1.3541666666666667 1.0416666666666667 1.3333333333333333 1.7291666666666667 1.2083333333333333 1.0833333333333333 1.1875 1.625 1.7916666666666667 0.9791666666666666 0.9375 2.0
5 76.54846491228074 1.7291666666666667 1.5833333333333333 1.8333333333333333 0.9166666666666666 1.3958333333333333 1.3333333333333333 1.5625 1.8541666666666667 1.3541666666666667 1.0416666666666667 1.3333333333333333 1.7291666666666667 1.2083333333333333 1.0833333333333333 1.1875 1.625 1.7916666666666667 0.9791666666666666 0.9375 2.0
6 107.0 2.59375 2.375 2.75 1.375 2.09375 2.0 2.34375 2.78125 2.03125 1.5625 2.0 2.59375 1.8125 1.625 1.78125 2.4375 2.6875 1.46875 1.40625 3.0
7 72.74920893034472 1.7291666666666667 1.5833333333333333 1.8333333333333333 0.9166666666666666 1.3958333333333333 1.3333333333333333 1.5625 1.8541666666666667 1.3541666666666667 1.0416666666666667 1.3333333333333333 1.7291666666666667 1.2083333333333333 1.0833333333333333 1.1875 1.625 1.7916666666666667 0.9791666666666666 0.9375 2.0
8 75.20441436925648 2.59375 2.375 2.75 1.375 2.09375 2.0 2.34375 2.78125 2.03125 1.5625 2.0 2.59375 1.8125 1.625 1.78125 2.4375 2.6875 1.46875 1.40625 3.0
9 26.569278091060983 2.59375 2.375 2.75 1.375 2.09375 2.0 2.34375 2.78125 2.03125 1.5625 2.0 2.59375 1.8125 1.625 1.78125 2.4375 2.6875 1.46875 1.40625 3.0
10 34.12433625336927 1.7291666666666667 1.5833333333333333 1.8333333333333333 0.9166666666666666 1.3958333333333333 1.3333333333333333 1.5625 1.8541666666666667 1.3541666666666667 1.0416666666666667 1.3333333333333333 1.7291666666666667 1.2083333333333333 1.0833333333333333 1.1875 1.625 1.7916666666666667 0.9791666666666666 0.9375 2.0
11 42.81525606469001 1.7291666666666667 1.5833333333333333 1.8333333333333333 0.9166666666666666 1.3958333333333333 1.3333333333333333 1.5625 1.8541666666666667 1.3541666666666667 1.0416666666666667 1.3333333333333333 1.7291666666666667 1.2083333333333333 1.0833333333333333 1.1875 1.625 1.7916666666666667 0.9791666666666666 0.9375 2.0
12 57.43703891206674 1.7291666666666667 1.5833333333333333 1.8333333333333333 0.9166666666666666 1.3958333333333333 1.3333333333333333 1.5625 1.8541666666666667 1.3541666666666667 1.0416666666666667 1.3333333333333333 1.7291666666666667 1.2083333333333333 1.0833333333333333 1.1875 1.625 1.7916666666666667 0.9791666666666666 0.9375 2.0
13 32.09191436143921 2.59375 2.375 2.75 1.375 2.09375 2.0 2.34375 2.78125 2.03125 1.5625 2.0 2.59375 1.8125 1.625 1.78125 2.4375 2.6875 1.46875 1.40625 3.0
14 48.91452279391141 1.7291666666666667 1.5833333333333333 1.8333333333333333 0.9166666666666666 1.3958333333333333 1.3333333333333333 1.5625 1.8541666666666667 1.3541666666666667 1.0416666666666667 1.3333333333333333 1.7291666666666667 1.2083333333333333 1.0833333333333333 1.1875 1.625 1.7916666666666667 0.9791666666666666 0.9375 2.0
15 102.2665248199832 2.59375 2.375 2.75 1.375 2.09375 2.0 2.34375 2.78125 2.03125 1.5625 2.0 2.59375 1.8125 1.625 1.78125 2.4375 2.6875 1.46875 1.40625 3.0
16 11.441714599836908 2.59375 2.375 2.75 1.375 2.09375 2.0 2.34375 2.78125 2.03125 1.5625 2.0 2.59375 1.8125 1.625 1.78125 2.4375 2.6875 1.46875 1.40625 3.0
17 41.68788494877857 1.7291666666666667 1.5833333333333333 1.8333333333333333 0.9166666666666666 1.3958333333333333 1.3333333333333333 1.5625 1.8541666666666667 1.3541666666666667 1.0416666666666667 1.3333333333333333 1.7291666666666667 1.2083333333333333 1.0833333333333333 1.1875 1.625 1.7916666666666667 0.9791666666666666 0.9375 2.0
18 44.861915032186715 2.59375 2.375 2.75 1.375 2.09375 2.0 2.34375 2.78125 2.03125 1.5625 2.0 2.59375 1.8125 1.625 1.78125 2.4375 2.6875 1.46875 1.40625 3.0
19 13.531444674374807 1.7291666666666667 1.5833333333333333 1.8333333333333333 0.9166666666666666 1.3958333333333333 1.3333333333333333 1.5625 1.8541666666666667 1.3541666666666667 1.0416666666666667 1.3333333333333333 1.7291666666666667 1.2083333333333333 1.0833333333333333 1.1875 1.625 1.7916666666666667 0.9791666666666666 0.9375 2.0
20 9.963516925638176 2.59375 2.375 2.75 1.375 2.09375 2.0 2.34375 2.78125 2.03125 1.5625 2.0 2.59375 1.8125 1.625 1.78125 2.4375 2.6875 1.46875 1.40625 3.0
21 1.5217193486590048 2.59375 2.375 2.75 1.375 2.09375 2.0 2.34375 2.78125 2.03125 1.5625 2.0 2.59375 1.8125 1.625 1.78125 2.4375 2.6875 1.46875 1.40625 3.0
22 107.49108515795939 1.7291666666666667 1.5833333333333333 1.8333333333333333 0.9166666666666666 1.3958333333333333 1.3333333333333333 1.5625 1.8541666666666667 1.3541666666666667 1.0416666666666667 1.3333333333333333 1.7291666666666667 1.2083333333333333 1.0833333333333333 1.1875 1.625 1.7916666666666667 0.9791666666666666 0.9375 2.0
23 116.18493548467607 1.7291666666666667 1.5833333333333333 1.8333333333333333 0.9166666666666666 1.3958333333333333 1.3333333333333333 1.5625 1.8541666666666667 1.3541666666666667 1.0416666666666667 1.3333333333333333 1.7291666666666667 1.2083333333333333 1.0833333333333333 1.1875 1.625 1.7916666666666667 0.9791666666666666 0.9375 2.0
24 94.69911418762064 1.7291666666666667 1.5833333333333333 1.8333333333333333 0.9166666666666666 1.3958333333333333 1.3333333333333333 1.5625 1.8541666666666667 1.3541666666666667 1.0416666666666667 1.3333333333333333 1.7291666666666667 1.2083333333333333 1.0833333333333333 1.1875 1.625 1.7916666666666667 0.9791666666666666 0.9375 2.0
25 57.01227776173364 1.7291666666666667 1.5833333333333333 1.8333333333333333 0.9166666666666666 1.3958333333333333 1.3333333333333333 1.5625 1.8541666666666667 1.3541666666666667 1.0416666666666667 1.3333333333333333 1.7291666666666667 1.2083333333333333 1.0833333333333333 1.1875 1.625 1.7916666666666667 0.9791666666666666 0.9375 2.0
26 29.7873466981132 1.7291666666666667 1.5833333333333333 1.8333333333333333 0.9166666666666666 1.3958333333333333 1.3333333333333333 1.5625 1.8541666666666667 1.3541666666666667 1.0416666666666667 1.3333333333333333 1.7291666666666667 1.2083333333333333 1.0833333333333333 1.1875 1.625 1.7916666666666667 0.9791666666666666 0.9375 2.0
27 76.46607362821948 1.7291666666666667 1.5833333333333333 1.8333333333333333 0.9166666666666666 1.3958333333333333 1.3333333333333333 1.5625 1.8541666666666667 1.3541666666666667 1.0416666666666667 1.3333333333333333 1.7291666666666667 1.2083333333333333 1.0833333333333333 1.1875 1.625 1.7916666666666667 0.9791666666666666 0.9375 2.0
28 15.954139844617092 2.59375 2.375 2.75 1.375 2.09375 2.0 2.34375 2.78125 2.03125 1.5625 2.0 2.59375 1.8125 1.625 1.78125 2.4375 2.6875 1.46875 1.40625 3.0
29 11.640992907801419 1.7291666666666667 1.5833333333333333 1.8333333333333333 0.9166666666666666 1.3958333333333333 1.3333333333333333 1.5625 1.8541666666666667 1.3541666666666667 1.0416666666666667 1.3333333333333333 1.7291666666666667 1.2083333333333333 1.0833333333333333 1.1875 1.625 1.7916666666666667 0.9791666666666666 0.9375 2.0
30 93.08635500898471 1.7291666666666667 1.5833333333333333 1.8333333333333333 0.9166666666666666 1.3958333333333333 1.3333333333333333 1.5625 1.8541666666666667 1.3541666666666667 1.0416666666666667 1.3333333333333333 1.7291666666666667 1.2083333333333333 1.0833333333333333 1.1875 1.625 1.7916666666666667 0.9791666666666666 0.9375 2.0
31 45.776120681797494 2.59375 2.375 2.75 1.375 2.09375 2.0 2.34375 2.78125 2.03125 1.5625 2.0 2.59375 1.8125 1.625 1.78125 2.4375 2.6875 1.46875 1.40625 3.0
32 18.198226594058397 1.7291666666666667 1.5833333333333333 1.8333333333333333 0.9166666666666666 1.3958333333333333 1.3333333333333333 1.5625 1.8541666666666667 1.3541666666666667 1.0416666666666667 1.3333333333333333 1.7291666666666667 1.2083333333333333 1.0833333333333333 1.1875 1.625 1.7916666666666667 0.9791666666666666 0.9375 2.0
33 23.073498427672945 1.7291666666666667 1.5833333333333333 1.8333333333333333 0.9166666666666666 1.3958333333333333 1.3333333333333333 1.5625 1.8541666666666667 1.3541666666666667 1.0416666666666667 1.3333333333333333 1.7291666666666667 1.2083333333333333 1.0833333333333333 1.1875 1.625 1.7916666666666667 0.9791666666666666 0.9375 2.0
34 1.2783833619210978 1.7291666666666667 1.5833333333333333 1.8333333333333333 0.9166666666666666 1.3958333333333333 1.3333333333333333 1.5625 1.8541666666666667 1.3541666666666667 1.0416666666666667 1.3333333333333333 1.7291666666666667 1.2083333333333333 1.0833333333333333 1.1875 1.625 1.7916666666666667 0.9791666666666666 0.9375 2.0
35 103.0621598031081 2.59375 2.375 2.75 1.375 2.09375 2.0 2.34375 2.78125 2.03125 1.5625 2.0 2.59375 1.8125 1.625 1.78125 2.4375 2.6875 1.46875 1.40625 3.0
36 77.58387875433192 1.7291666666666667 1.5833333333333333 1.8333333333333333 0.9166666666666666 1.3958333333333333 1.3333333333333333 1.5625 1.8541666666666667 1.3541666666666667 1.0416666666666667 1.3333333333333333 1.7291666666666667 1.2083333333333333 1.0833333333333333 1.1875 1.625 1.7916666666666667 0.9791666666666666 0.9375 2.0
37 11.931414682539677 2.59375 2.375 2.75 1.375 2.09375 2.0 2.34375 2.78125 2.03125 1.5625 2.0 2.59375 1.8125 1.625 1.78125 2.4375 2.6875 1.46875 1.40625 3.0
38 152.55902291105124 1.7291666666666667 1.5833333333333333 1.8333333333333333 0.9166666666666666 1.3958333333333333 1.3333333333333333 1.5625 1.8541666666666667 1.3541666666666667 1.0416666666666667 1.3333333333333333 1.7291666666666667 1.2083333333333333 1.0833333333333333 1.1875 1.625 1.7916666666666667 0.9791666666666666 0.9375 2.0
39 89.87939667826326 2.59375 2.375 2.75 1.375 2.09375 2.0 2.34375 2.78125 2.03125 1.5625 2.0 2.59375 1.8125 1.625 1.78125 2.4375 2.6875 1.46875 1.40625 3.0
40 120.43600171159602 1.7291666666666667 1.5833333333333333 1.8333333333333333 0.9166666666666666 1.3958333333333333 1.3333333333333333 1.5625 1.8541666666666667 1.3541666666666667 1.0416666666666667 1.3333333333333333 1.7291666666666667 1.2083333333333333 1.0833333333333333 1.1875 1.625 1.7916666666666667 0.9791666666666666 0.9375 2.0
41 15.704226190476204 1.7291666666666667 1.5833333333333333 1.8333333333333333 0.9166666666666666 1.3958333333333333 1.3333333333333333 1.5625 1.8541666666666667 1.3541666666666667 1.0416666666666667 1.3333333333333333 1.7291666666666667 1.2083333333333333 1.0833333333333333 1.1875 1.625 1.7916666666666667 0.9791666666666666 0.9375 2.0
42 80.5025489321999 1.7291666666666667 1.5833333333333333 1.8333333333333333 0.9166666666666666 1.3958333333333333 1.3333333333333333 1.5625 1.8541666666666667 1.3541666666666667 1.0416666666666667 1.3333333333333333 1.7291666666666667 1.2083333333333333 1.0833333333333333 1.1875 1.625 1.7916666666666667 0.9791666666666666 0.9375 2.0
43 43.835847206807244 1.7291666666666667 1.5833333333333333 1.8333333333333333 0.9166666666666666 1.3958333333333333 1.3333333333333333 1.5625 1.8541666666666667 1.3541666666666667 1.0416666666666667 1.3333333333333333 1.7291666666666667 1.2083333333333333 1.0833333333333333 1.1875 1.625 1.7916666666666667 0.9791666666666666 0.9375 2.0
44 43.71172920240135 2.59375 2.375 2.75 1.375 2.09375 2.0 2.34375 2.78125 2.03125 1.5625 2.0 2.59375 1.8125 1.625 1.78125 2.4375 2.6875 1.46875 1.40625 3.0
45 22.70959971813161 1.7291666666666667 1.5833333333333333 1.8333333333333333 0.9166666666666666 1.3958333333333333 1.3333333333333333 1.5625 1.8541666666666667 1.3541666666666667 1.0416666666666667 1.3333333333333333 1.7291666666666667 1.2083333333333333 1.0833333333333333 1.1875 1.625 1.7916666666666667 0.9791666666666666 0.9375 2.0
46 13.702072649572647 2.59375 2.375 2.75 1.375 2.09375 2.0 2.34375 2.78125 2.03125 1.5625 2.0 2.59375 1.8125 1.625 1.78125 2.4375 2.6875 1.46875 1.40625 3.0
47 124.12682380105558 2.59375 2.375 2.75 1.375 2.09375 2.0 2.34375 2.78125 2.03125 1.5625 2.0 2.59375 1.8125 1.625 1.78125 2.4375 2.6875 1.46875 1.40625 3.0
48 16.862355263157895 1.7291666666666667 1.5833333333333333 1.8333333333333333 0.9166666666666666 1.3958333333333333 1.3333333333333333 1.5625 1.8541666666666667 1.3541666666666667 1.0416666666666667 1.3333333333333333 1.7291666666666667 1.2083333333333333 1.0833333333333333 1.1875 1.625 1.7916666666666667 0.9791666666666666 0.9375 2.0
49 62.06210266653831 2.59375 2.375 2.75 1.375 2.09375 2.0 2.34375 2.78125 2.03125 1.5625 2.0 2.59375 1.8125 1.625 1.78125 2.4375 2.6875 1.46875 1.40625 3.0
50 8.787698361937249 2.59375 2.375 2.75 1.375 2.09375 2.0 2.34375 2.78125 2.03125 1.5625 2.0 2.59375 1.8125 1.625 1.78125 2.4375 2.6875 1.46875 1.40625 3.0
51 5.239106970157502 2.59375 2.375 2.75 1.375 2.09375 2.0 2.34375 2.78125 2.03125 1.5625 2.0 2.59375 1.8125 1.625 1.78125 2.4375 2.6875 1.46875 1.40625 3.0
52 5.04228406788247 2.59375 2.375 2.75 1.375 2.09375 2.0 2.34375 2.78125 2.03125 1.5625 2.0 2.59375 1.8125 1.625 1.78125 2.4375 2.6875 1.46875 1.40625 3.0
53 13.968850698174007 1.7291666666666667 1.5833333333333333 1.8333333333333333 0.9166666666666666 1.3958333333333333 1.3333333333333333 1.5625 1.8541666666666667 1.3541666666666667 1.0416666666666667 1.3333333333333333 1.7291666666666667 1.2083333333333333 1.0833333333333333 1.1875 1.625 1.7916666666666667 0.9791666666666666 0.9375 2.0
54 75.41903622216614 1.7291666666666667 1.5833333333333333 1.8333333333333333 0.9166666666666666 1.3958333333333333 1.3333333333333333 1.5625 1.8541666666666667 1.3541666666666667 1.0416666666666667 1.3333333333333333 1.7291666666666667 1.2083333333333333 1.0833333333333333 1.1875 1.625 1.7916666666666667 0.9791666666666666 0.9375 2.0
55 15.519914025963555 2.59375 2.375 2.75 1.375 2.09375 2.0 2.34375 2.78125 2.03125 1.5625 2.0 2.59375 1.8125 1.625 1.78125 2.4375 2.6875 1.46875 1.40625 3.0
56 85.87606288495607 1.7291666666666667 1.5833333333333333 1.8333333333333333 0.9166666666666666 1.3958333333333333 1.3333333333333333 1.5625 1.8541666666666667 1.3541666666666667 1.0416666666666667 1.3333333333333333 1.7291666666666667 1.2083333333333333 1.0833333333333333 1.1875 1.625 1.7916666666666667 0.9791666666666666 0.9375 2.0
57 61.01142067088758 2.59375 2.375 2.75 1.375 2.09375 2.0 2.34375 2.78125 2.03125 1.5625 2.0 2.59375 1.8125 1.625 1.78125 2.4375 2.6875 1.46875 1.40625 3.0
58 129.37348826507133 1.7291666666666667 1.5833333333333333 1.8333333333333333 0.9166666666666666 1.3958333333333333 1.3333333333333333 1.5625 1.8541666666666667 1.3541666666666667 1.0416666666666667 1.3333333333333333 1.7291666666666667 1.2083333333333333 1.0833333333333333 1.1875 1.625 1.7916666666666667 0.9791666666666666 0.9375 2.0
59 15.907443396226416 2.59375 2.375 2.75 1.375 2.09375 2.0 2.34375 2.78125 2.03125 1.5625 2.0 2.59375 1.8125 1.625 1.78125 2.4375 2.6875 1.46875 1.40625 3.0
60 51.607521914055866 2.59375 2.375 2.75 1.375 2.09375 2.0 2.34375 2.78125 2.03125 1.5625 2.0 2.59375 1.8125 1.625 1.78125 2.4375 2.6875 1.46875 1.40625 3.0
61 34.91108850632679 1.7291666666666667 1.5833333333333333 1.8333333333333333 0.9166666666666666 1.3958333333333333 1.3333333333333333 1.5625 1.8541666666666667 1.3541666666666667 1.0416666666666667 1.3333333333333333 1.7291666666666667 1.2083333333333333 1.0833333333333333 1.1875 1.625 1.7916666666666667 0.9791666666666666 0.9375 2.0
62 28.27027777777777 1.7291666666666667 1.5833333333333333 1.8333333333333333 0.9166666666666666 1.3958333333333333 1.3333333333333333 1.5625 1.8541666666666667 1.3541666666666667 1.0416666666666667 1.3333333333333333 1.7291666666666667 1.2083333333333333 1.0833333333333333 1.1875 1.625 1.7916666666666667 0.9791666666666666 0.9375 2.0
63 64.70426777939042 2.59375 2.375 2.75 1.375 2.09375 2.0 2.34375 2.78125 2.03125 1.5625 2.0 2.59375 1.8125 1.625 1.78125 2.4375 2.6875 1.46875 1.40625 3.0
64 34.50482610811618 2.59375 2.375 2.75 1.375 2.09375 2.0 2.34375 2.78125 2.03125 1.5625 2.0 2.59375 1.8125 1.625 1.78125 2.4375 2.6875 1.46875 1.40625 3.0
65 11.01971024386544 1.7291666666666667 1.5833333333333333 1.8333333333333333 0.9166666666666666 1.3958333333333333 1.3333333333333333 1.5625 1.8541666666666667 1.3541666666666667 1.0416666666666667 1.3333333333333333 1.7291666666666667 1.2083333333333333 1.0833333333333333 1.1875 1.625 1.7916666666666667 0.9791666666666666 0.9375 2.0
66 31.318485849056614 1.7291666666666667 1.5833333333333333 1.8333333333333333 0.9166666666666666 1.3958333333333333 1.3333333333333333 1.5625 1.8541666666666667 1.3541666666666667 1.0416666666666667 1.3333333333333333 1.7291666666666667 1.2083333333333333 1.0833333333333333 1.1875 1.625 1.7916666666666667 0.9791666666666666 0.9375 2.0
67 24.88648717916869 1.7291666666666667 1.5833333333333333 1.8333333333333333 0.9166666666666666 1.3958333333333333 1.3333333333333333 1.5625 1.8541666666666667 1.3541666666666667 1.0416666666666667 1.3333333333333333 1.7291666666666667 1.2083333333333333 1.0833333333333333 1.1875 1.625 1.7916666666666667 0.9791666666666666 0.9375 2.0
68 68.87373480706567 1.7291666666666667 1.5833333333333333 1.8333333333333333 0.9166666666666666 1.3958333333333333 1.3333333333333333 1.5625 1.8541666666666667 1.3541666666666667 1.0416666666666667 1.3333333333333333 1.7291666666666667 1.2083333333333333 1.0833333333333333 1.1875 1.625 1.7916666666666667 0.9791666666666666 0.9375 2.0
69 77.08028470350403 2.59375 2.375 2.75 1.375 2.09375 2.0 2.34375 2.78125 2.03125 1.5625 2.0 2.59375 1.8125 1.625 1.78125 2.4375 2.6875 1.46875 1.40625 3.0
