50 40
TREE NETWORK (nID nID Weight):
25 0 40
9 0 31
4 9 53
21 9 55
16 21 48
20 25 38
37 4 39
17 0 47
27 0 42
2 9 35
12 21 39
10 25 48
35 9 34
11 16 49
49 37 35
36 17 41
48 49 55
31 9 39
33 25 34
14 9 52
47 0 44
32 27 54
38 16 31
23 0 41
30 4 47
13 23 44
44 14 52
6 38 42
1 38 53
22 4 58
46 36 43
5 4 31
45 38 50
18 10 38
3 12 50
8 1 36
42 10 59
28 36 41
40 8 41
24 18 54
34 5 40
26 37 49
15 35 44
19 14 57
41 18 47
29 3 36
43 6 35
7 6 52
39 28 47
PROGRAMS ASSIGNED TO NODES (nID pID1 pID2 ...):
0 1 2 3 4 5 6 7 8 9 10 11 12 13 14 15 16 17 18 19 20 21 22 23 24 25 26 27 28 29 30 31 32 33 34 35 36 37 38 39 40
1 2 3 4 5 6 8 9 12 14 15 16 17 19 21 23 24 25 28 29 30 31 33 35 38 39
2 3 4 5 6 7 9 12 13 14 15 16 18 19 20 21 23 24 25 26 27 28 29 30 32 33 34 37 38 39 40
3 34 2 35 3 37 5 38 7 12 13 15 17 18 20 22 24 29 30
4 33 34 3 35 37 7 39 8 11 13 15 18 20 21 22 24 25 27 29
6 32 1 35 3 36 4 37 7 39 40 12 13 14 16 17 18 22 23 26 27 28 29 30 31
7 1 2 5 7 9 10 11 13 15 16 17 18 19 20 21 23 24 25 26 27 28 29 30 31 32 33 34 36 38 40
8 32 1 5 6 39 40 8 11 12 15 17 19 20 23 25 27 28 30
9 36 7 23 24 11 28 29 30
10 1 2 3 4 5 6 7 9 10 11 12 13 14 15 16 17 18 19 20 21 22 23 24 25 27 28 29 30 31 32 33 34 35 36 37 38 40
11 33 34 3 36 37 39 7 10 11 12 13 14 15 16 17 20 22 23 24 28 29 30
12 1 3 4 6 7 8 9 10 11 12 13 14 15 16 18 19 20 22 23 24 25 26 27 28 29 30 31 32 33 34 36 37 38 39 40
13 32 1 34 3 40 9 10 12 14 15 16 17 18 19 20 22 24 25 27 29 31
14 3 5 6 8 9 10 11 14 15 16 17 19 20 21 22 23 25 26 27 29 30 31 32 33 34 36 37 38 40
15 34 3 35 37 11 14 15 18 20 22 28 30 31
16 33 34 3 36 6 7 40 11 15 18 19 26 27 28 31
17 16 32 1 18 36 23 7 8 28
18 37 6 39 7 40 13 18 20 23 24 25 29 30 31
19 19 36 20 37 38 39 24 9 26 27
20 33 3 19 35 20 5 21 38 6 22 39 8
21 32 33 4 37 38 6 9 10 11 13 15 16 17 20 25
22 32 1 3 36 37 5 38 39 40 8 11 12 13 16 17 18 19 22 23 24 26 28 29 30
23 33 1 34 4 37 6 8 11 14 19 23 24 28 29 30 31
24 2 4 37 5 14
25 1 2 3 5 6 7 8 9 11 12 13 14 15 16 17 18 19 20 21 22 23 24 25 26 27 28 29 30 31 32 33 34 36 37 38 39
26 32 18 34 36 21 39 23 24 25 29 30
27 2 4 7 8 9 10 11 13 14 15 16 17 18 20 21 22 23 24 25 28 30 31 32 34 35 36 37 38 39 40
28 32 33 34 35 36 5 6 39 7 11 16 18 19 20 25 28 30
29 1 2 3 4 5 6 7 8 9 10 11 12 13 14 15 16 17 18 19 21 23 24 25 27 32 33 34 35 36 37 38 39 40
30 2 3 4 5 6 8 10 11 12 13 14 16 17 18 20 22 23 26 27 28 29 31 33 34 35 37 38 39
31 2 3 4 5 6 8 9 10 11 12 13 14 15 16 17 18 19 20 21 22 23 24 25 26 27 28 29 30 32 33 34 35 36 37 40
32 1 2 3 5 7 8 11 12 13 14 15 17 18 19 20 21 22 23 24 28 30 31 32 34 36 37 40
33 2 3 6 7 9 10 12 15 16 18 20 21 24 25 28 29 31 32 33 34 36 37 38 39 40
34 2 34 35 36 38 7 40 10 11 13 15 17 18 19 20 21 23 25 26 27 28 29 30
35 2 3 4 5 6 7 8 9 10 11 13 14 15 18 19 20 21 23 27 28 29 30 31 32 34 35 36 37 39 40
36 2 3 6 7 8 9 10 11 12 13 14 15 16 17 18 19 20 21 22 23 24 25 26 28 29 30 31 32 33 34 35 36 37 38 40
37 17 3 35 20 38 23 7 26 12 31
38 1 2 3 4 6 7 8 10 11 12 14 15 16 17 18 19 21 22 23 24 25 27 29 30 31 32 33 34 35 36 37 38 39 40
39 1 36 5 6 39 40 9 10 13 17 18 19 24 25 27 31
41 4 38 6 24 9 29 14 31
42 30
43 2 3 4 5 6 7 8 10 11 13 14 15 17 20 21 22 23 24 25 27 29 30 31 32 33 34 35 36 37 38 40
44 1 2 3 4 5 6 7 9 10 11 12 13 14 16 17 18 19 20 22 23 24 26 27 28 29 31 32 33 34 35 36 37 38 39
45 1 33 3 5 6 7 39 40 8 9 11 13 14 16 19 20 24 26 27 30 31
46 2 3 5 8 9 12 13 16 17 18 20 22 23 24 25 28 29 30 31 32 33 36 37 38 39 40
47 1 2 3 4 5 9 10 11 13 14 15 17 19 21 23 24 26 27 28 29 31 34 35 36 37 39 40
48 19 21 38 7 39 10 11 28 29 13
49 1 2 3 4 5 7 8 9 10 11 12 13 14 15 16 17 18 19 20 21 22 23 25 26 27 28 29 30 31 32 33 34 35 36 37 38 39 40
SIZE OF PROGRAMS (pID SIZE):
1 47.0
2 88.0
3 53.0
4 79.0
5 57.0
6 63.0
7 50.0
8 62.0
9 74.0
10 76.0
11 90.0
12 55.0
13 44.0
14 69.0
15 51.0
16 53.0
17 56.0
18 48.0
19 86.0
20 71.0
21 68.0
22 87.0
23 90.0
24 77.0
25 42.0
26 71.0
27 47.0
28 82.0
29 46.0
30 82.0
31 96.0
32 68.0
33 73.0
34 77.0
35 62.0
36 89.0
37 76.0
38 95.0
39 95.0
40 87.0
COST TO INSTALL SERVERS AND PROGRAMS ON NODES (COST_TO_INSTALL_SERVER COST_TO_INSTALL_pID1 ...):
0 6795.833333333333 0.9791666666666666 1.8333333333333333 1.1041666666666667 1.6458333333333333 1.1875 1.3125 1.0416666666666667 1.2916666666666667 1.5416666666666667 1.5833333333333333 1.875 1.1458333333333333 0.9166666666666666 1.4375 1.0625 1.1041666666666667 1.1666666666666667 1.0 1.7916666666666667 1.4791666666666667 1.4166666666666667 1.8125 1.875 1.6041666666666667 0.875 1.4791666666666667 0.9791666666666666 1.7083333333333333 0.9583333333333334 1.7083333333333333 2.0 1.4166666666666667 1.5208333333333333 1.6041666666666667 1.2916666666666667 1.8541666666666667 1.5833333333333333 1.9791666666666667 1.9791666666666667 1.8125
1 223.90958169645327 0.9791666666666666 1.8333333333333333 1.1041666666666667 1.6458333333333333 1.1875 1.3125 1.0416666666666667 1.2916666666666667 1.5416666666666667 1.5833333333333333 1.875 1.1458333333333333 0.9166666666666666 1.4375 1.0625 1.1041666666666667 1.1666666666666667 1.0 1.7916666666666667 1.4791666666666667 1.4166666666666667 1.8125 1.875 1.6041666666666667 0.875 1.4791666666666667 0.9791666666666666 1.7083333333333333 0.9583333333333334 1.7083333333333333 2.0 1.4166666666666667 1.5208333333333333 1.6041666666666667 1.2916666666666667 1.8541666666666667 1.5833333333333333 1.9791666666666667 1.9791666666666667 1.8125
2 58.661573602646065 1.46875 2.75 1.65625 2.46875 1.78125 1.96875 1.5625 1.9375 2.3125 2.375 2.8125 1.71875 1.375 2.15625 1.59375 1.65625 1.75 1.5 2.6875 2.21875 2.125 2.71875 2.8125 2.40625 1.3125 2.21875 1.46875 2.5625 1.4375 2.5625 3.0 2.125 2.28125 2.40625 1.9375 2.78125 2.375 2.96875 2.96875 2.71875
3 83.83694215681037 1.46875 2.75 1.65625 2.46875 1.78125 1.96875 1.5625 1.9375 2.3125 2.375 2.8125 1.71875 1.375 2.15625 1.59375 1.65625 1.75 1.5 2.6875 2.21875 2.125 2.71875 2.8125 2.40625 1.3125 2.21875 1.46875 2.5625 1.4375 2.5625 3.0 2.125 2.28125 2.40625 1.9375 2.78125 2.375 2.96875 2.96875 2.71875
4 23.331793324970683 1.46875 2.75 1.65625 2.46875 1.78125 1.96875 1.5625 1.9375 2.3125 2.375 2.8125 1.71875 1.375 2.15625 1.59375 1.65625 1.75 1.5 2.6875 2.21875 2.125 2.71875 2.8125 2.40625 1.3125 2.21875 1.46875 2.5625 1.4375 2.5625 3.0 2.125 2.28125 2.40625 1.9375 2.78125 2.375 2.96875 2.96875 2.71875
5 42.48132164232098 0.9791666666666666 1.8333333333333333 1.1041666666666667 1.6458333333333333 1.1875 1.3125 1.0416666666666667 1.2916666666666667 1.5416666666666667 1.5833333333333333 1.875 1.1458333333333333 0.9166666666666666 1.4375 1.0625 1.1041666666666667 1.1666666666666667 1.0 1.7916666666666667 1.4791666666666667 1.4166666666666667 1.8125 1.875 1.6041666666666667 0.875 1.4791666666666667 0.9791666666666666 1.7083333333333333 0.9583333333333334 1.7083333333333333 2.0 1.4166666666666667 1.5208333333333333 1.6041666666666667 1.2916666666666667 1.8541666666666667 1.5833333333333333 1.9791666666666667 1.9791666666666667 1.8125
6 298.47186085878445 0.9791666666666666 1.8333333333333333 1.1041666666666667 1.6458333333333333 1.1875 1.3125 1.0416666666666667 1.2916666666666667 1.5416666666666667 1.5833333333333333 1.875 1.1458333333333333 0.9166666666666666 1.4375 1.0625 1.1041666666666667 1.1666666666666667 1.0 1.7916666666666667 1.4791666666666667 1.4166666666666667 1.8125 1.875 1.6041666666666667 0.875 1.4791666666666667 0.9791666666666666 1.7083333333333333 0.9583333333333334 1.7083333333333333 2.0 1.4166666666666667 1.5208333333333333 1.6041666666666667 1.2916666666666667 1.8541666666666667 1.5833333333333333 1.9791666666666667 1.9791666666666667 1.8125
7 257.78947359287434 1.46875 2.75 1.65625 2.46875 1.78125 1.96875 1.5625 1.9375 2.3125 2.375 2.8125 1.71875 1.375 2.15625 1.59375 1.65625 1.75 1.5 2.6875 2.21875 2.125 2.71875 2.8125 2.40625 1.3125 2.21875 1.46875 2.5625 1.4375 2.5625 3.0 2.125 2.28125 2.40625 1.9375 2.78125 2.375 2.96875 2.96875 2.71875
8 105.56146777522325 1.46875 2.75 1.65625 2.46875 1.78125 1.96875 1.5625 1.9375 2.3125 2.375 2.8125 1.71875 1.375 2.15625 1.59375 1.65625 1.75 1.5 2.6875 2.21875 2.125 2.71875 2.8125 2.40625 1.3125 2.21875 1.46875 2.5625 1.4375 2.5625 3.0 2.125 2.28125 2.40625 1.9375 2.78125 2.375 2.96875 2.96875 2.71875
9 15.736759113558884 0.9791666666666666 1.8333333333333333 1.1041666666666667 1.6458333333333333 1.1875 1.3125 1.0416666666666667 1.2916666666666667 1.5416666666666667 1.5833333333333333 1.875 1.1458333333333333 0.9166666666666666 1.4375 1.0625 1.1041666666666667 1.1666666666666667 1.0 1.7916666666666667 1.4791666666666667 1.4166666666666667 1.8125 1.875 1.6041666666666667 0.875 1.4791666666666667 0.9791666666666666 1.7083333333333333 0.9583333333333334 1.7083333333333333 2.0 1.4166666666666667 1.5208333333333333 1.6041666666666667 1.2916666666666667 1.8541666666666667 1.5833333333333333 1.9791666666666667 1.9791666666666667 1.8125
10 45.267900641025655 1.46875 2.75 1.65625 2.46875 1.78125 1.96875 1.5625 1.9375 2.3125 2.375 2.8125 1.71875 1.375 2.15625 1.59375 1.65625 1.75 1.5 2.6875 2.21875 2.125 2.71875 2.8125 2.40625 1.3125 2.21875 1.46875 2.5625 1.4375 2.5625 3.0 2.125 2.28125 2.40625 1.9375 2.78125 2.375 2.96875 2.96875 2.71875
11 51.773903780050844 0.9791666666666666 1.8333333333333333 1.1041666666666667 1.6458333333333333 1.1875 1.3125 1.0416666666666667 1.2916666666666667 1.5416666666666667 1.5833333333333333 1.875 1.1458333333333333 0.9166666666666666 1.4375 1.0625 1.1041666666666667 1.1666666666666667 1.0 1.7916666666666667 1.4791666666666667 1.4166666666666667 1.8125 1.875 1.6041666666666667 0.875 1.4791666666666667 0.9791666666666666 1.7083333333333333 0.9583333333333334 1.7083333333333333 2.0 1.4166666666666667 1.5208333333333333 1.6041666666666667 1.2916666666666667 1.8541666666666667 1.5833333333333333 1.9791666666666667 1.9791666666666667 1.8125
12 139.82837833488298 0.9791666666666666 1.8333333333333333 1.1041666666666667 1.6458333333333333 1.1875 1.3125 1.0416666666666667 1.2916666666666667 1.5416666666666667 1.5833333333333333 1.875 1.1458333333333333 0.9166666666666666 1.4375 1.0625 1.1041666666666667 1.1666666666666667 1.0 1.7916666666666667 1.4791666666666667 1.4166666666666667 1.8125 1.875 1.6041666666666667 0.875 1.4791666666666667 0.9791666666666666 1.7083333333333333 0.9583333333333334 1.7083333333333333 2.0 1.4166666666666667 1.5208333333333333 1.6041666666666667 1.2916666666666667 1.8541666666666667 1.5833333333333333 1.9791666666666667 1.9791666666666667 1.8125
13 30.355364341866547 0.9791666666666666 1.8333333333333333 1.1041666666666667 1.6458333333333333 1.1875 1.3125 1.0416666666666667 1.2916666666666667 1.5416666666666667 1.5833333333333333 1.875 1.1458333333333333 0.9166666666666666 1.4375 1.0625 1.1041666666666667 1.1666666666666667 1.0 1.7916666666666667 1.4791666666666667 1.4166666666666667 1.8125 1.875 1.6041666666666667 0.875 1.4791666666666667 0.9791666666666666 1.7083333333333333 0.9583333333333334 1.7083333333333333 2.0 1.4166666666666667 1.5208333333333333 1.6041666666666667 1.2916666666666667 1.8541666666666667 1.5833333333333333 1.9791666666666667 1.9791666666666667 1.8125
14 50.54613493312353 0.9791666666666666 1.8333333333333333 1.1041666666666667 1.6458333333333333 1.1875 1.3125 1.0416666666666667 1.2916666666666667 1.5416666666666667 1.5833333333333333 1.875 1.1458333333333333 0.9166666666666666 1.4375 1.0625 1.1041666666666667 1.1666666666666667 1.0 1.7916666666666667 1.4791666666666667 1.4166666666666667 1.8125 1.875 1.6041666666666667 0.875 1.4791666666666667 0.9791666666666666 1.7083333333333333 0.9583333333333334 1.7083333333333333 2.0 1.4166666666666667 1.5208333333333333 1.6041666666666667 1.2916666666666667 1.8541666666666667 1.5833333333333333 1.9791666666666667 1.9791666666666667 1.8125
15 48.00335805876605 0.9791666666666666 1.8333333333333333 1.1041666666666667 1.6458333333333333 1.1875 1.3125 1.0416666666666667 1.2916666666666667 1.5416666666666667 1.5833333333333333 1.875 1.1458333333333333 0.9166666666666666 1.4375 1.0625 1.1041666666666667 1.1666666666666667 1.0 1.7916666666666667 1.4791666666666667 1.4166666666666667 1.8125 1.875 1.6041666666666667 0.875 1.4791666666666667 0.9791666666666666 1.7083333333333333 0.9583333333333334 1.7083333333333333 2.0 1.4166666666666667 1.5208333333333333 1.6041666666666667 1.2916666666666667 1.8541666666666667 1.5833333333333333 1.9791666666666667 1.9791666666666667 1.8125
16 98.5806953186467 1.46875 2.75 1.65625 2.46875 1.78125 1.96875 1.5625 1.9375 2.3125 2.375 2.8125 1.71875 1.375 2.15625 1.59375 1.65625 1.75 1.5 2.6875 2.21875 2.125 2.71875 2.8125 2.40625 1.3125 2.21875 1.46875 2.5625 1.4375 2.5625 3.0 2.125 2.28125 2.40625 1.9375 2.78125 2.375 2.96875 2.96875 2.71875
17 0.6889295212766038 0.9791666666666666 1.8333333333333333 1.1041666666666667 1.6458333333333333 1.1875 1.3125 1.0416666666666667 1.2916666666666667 1.5416666666666667 1.5833333333333333 1.875 1.1458333333333333 0.9166666666666666 1.4375 1.0625 1.1041666666666667 1.1666666666666667 1.0 1.7916666666666667 1.4791666666666667 1.4166666666666667 1.8125 1.875 1.6041666666666667 0.875 1.4791666666666667 0.9791666666666666 1.7083333333333333 0.9583333333333334 1.7083333333333333 2.0 1.4166666666666667 1.5208333333333333 1.6041666666666667 1.2916666666666667 1.8541666666666667 1.5833333333333333 1.9791666666666667 1.9791666666666667 1.8125
18 64.84594872598161 1.46875 2.75 1.65625 2.46875 1.78125 1.96875 1.5625 1.9375 2.3125 2.375 2.8125 1.71875 1.375 2.15625 1.59375 1.65625 1.75 1.5 2.6875 2.21875 2.125 2.71875 2.8125 2.40625 1.3125 2.21875 1.46875 2.5625 1.4375 2.5625 3.0 2.125 2.28125 2.40625 1.9375 2.78125 2.375 2.96875 2.96875 2.71875
19 35.67819737386268 1.46875 2.75 1.65625 2.46875 1.78125 1.96875 1.5625 1.9375 2.3125 2.375 2.8125 1.71875 1.375 2.15625 1.59375 1.65625 1.75 1.5 2.6875 2.21875 2.125 2.71875 2.8125 2.40625 1.3125 2.21875 1.46875 2.5625 1.4375 2.5625 3.0 2.125 2.28125 2.40625 1.9375 2.78125 2.375 2.96875 2.96875 2.71875
20 22.286896086369765 0.9791666666666666 1.8333333333333333 1.1041666666666667 1.6458333333333333 1.1875 1.3125 1.0416666666666667 1.2916666666666667 1.5416666666666667 1.5833333333333333 1.875 1.1458333333333333 0.9166666666666666 1.4375 1.0625 1.1041666666666667 1.1666666666666667 1.0 1.7916666666666667 1.4791666666666667 1.4166666666666667 1.8125 1.875 1.6041666666666667 0.875 1.4791666666666667 0.9791666666666666 1.7083333333333333 0.9583333333333334 1.7083333333333333 2.0 1.4166666666666667 1.5208333333333333 1.6041666666666667 1.2916666666666667 1.8541666666666667 1.5833333333333333 1.9791666666666667 1.9791666666666667 1.8125
21 32.94322482297403 1.46875 2.75 1.65625 2.46875 1.78125 1.96875 1.5625 1.9375 2.3125 2.375 2.8125 1.71875 1.375 2.15625 1.59375 1.65625 1.75 1.5 2.6875 2.21875 2.125 2.71875 2.8125 2.40625 1.3125 2.21875 1.46875 2.5625 1.4375 2.5625 3.0 2.125 2.28125 2.40625 1.9375 2.78125 2.375 2.96875 2.96875 2.71875
22 46.758279569892494 0.9791666666666666 1.8333333333333333 1.1041666666666667 1.6458333333333333 1.1875 1.3125 1.0416666666666667 1.2916666666666667 1.5416666666666667 1.5833333333333333 1.875 1.1458333333333333 0.9166666666666666 1.4375 1.0625 1.1041666666666667 1.1666666666666667 1.0 1.7916666666666667 1.4791666666666667 1.4166666666666667 1.8125 1.875 1.6041666666666667 0.875 1.4791666666666667 0.9791666666666666 1.7083333333333333 0.9583333333333334 1.7083333333333333 2.0 1.4166666666666667 1.5208333333333333 1.6041666666666667 1.2916666666666667 1.8541666666666667 1.5833333333333333 1.9791666666666667 1.9791666666666667 1.8125
23 3.148198596905323 0.9791666666666666 1.8333333333333333 1.1041666666666667 1.6458333333333333 1.1875 1.3125 1.0416666666666667 1.2916666666666667 1.5416666666666667 1.5833333333333333 1.875 1.1458333333333333 0.9166666666666666 1.4375 1.0625 1.1041666666666667 1.1666666666666667 1.0 1.7916666666666667 1.4791666666666667 1.4166666666666667 1.8125 1.875 1.6041666666666667 0.875 1.4791666666666667 0.9791666666666666 1.7083333333333333 0.9583333333333334 1.7083333333333333 2.0 1.4166666666666667 1.5208333333333333 1.6041666666666667 1.2916666666666667 1.8541666666666667 1.5833333333333333 1.9791666666666667 1.9791666666666667 1.8125
24 13.885902777777774 1.46875 2.75 1.65625 2.46875 1.78125 1.96875 1.5625 1.9375 2.3125 2.375 2.8125 1.71875 1.375 2.15625 1.59375 1.65625 1.75 1.5 2.6875 2.21875 2.125 2.71875 2.8125 2.40625 1.3125 2.21875 1.46875 2.5625 1.4375 2.5625 3.0 2.125 2.28125 2.40625 1.9375 2.78125 2.375 2.96875 2.96875 2.71875
25 5.456565040650394 0.9791666666666666 1.8333333333333333 1.1041666666666667 1.6458333333333333 1.1875 1.3125 1.0416666666666667 1.2916666666666667 1.5416666666666667 1.5833333333333333 1.875 1.1458333333333333 0.9166666666666666 1.4375 1.0625 1.1041666666666667 1.1666666666666667 1.0 1.7916666666666667 1.4791666666666667 1.4166666666666667 1.8125 1.875 1.6041666666666667 0.875 1.4791666666666667 0.9791666666666666 1.7083333333333333 0.9583333333333334 1.7083333333333333 2.0 1.4166666666666667 1.5208333333333333 1.6041666666666667 1.2916666666666667 1.8541666666666667 1.5833333333333333 1.9791666666666667 1.9791666666666667 1.8125
26 36.946667229539095 1.46875 2.75 1.65625 2.46875 1.78125 1.96875 1.5625 1.9375 2.3125 2.375 2.8125 1.71875 1.375 2.15625 1.59375 1.65625 1.75 1.5 2.6875 2.21875 2.125 2.71875 2.8125 2.40625 1.3125 2.21875 1.46875 2.5625 1.4375 2.5625 3.0 2.125 2.28125 2.40625 1.9375 2.78125 2.375 2.96875 2.96875 2.71875
27 71.0 1.46875 2.75 1.65625 2.46875 1.78125 1.96875 1.5625 1.9375 2.3125 2.375 2.8125 1.71875 1.375 2.15625 1.59375 1.65625 1.75 1.5 2.6875 2.21875 2.125 2.71875 2.8125 2.40625 1.3125 2.21875 1.46875 2.5625 1.4375 2.5625 3.0 2.125 2.28125 2.40625 1.9375 2.78125 2.375 2.96875 2.96875 2.71875
28 44.04345268984606 1.46875 2.75 1.65625 2.46875 1.78125 1.96875 1.5625 1.9375 2.3125 2.375 2.8125 1.71875 1.375 2.15625 1.59375 1.65625 1.75 1.5 2.6875 2.21875 2.125 2.71875 2.8125 2.40625 1.3125 2.21875 1.46875 2.5625 1.4375 2.5625 3.0 2.125 2.28125 2.40625 1.9375 2.78125 2.375 2.96875 2.96875 2.71875
29 117.51061705656777 1.46875 2.75 1.65625 2.46875 1.78125 1.96875 1.5625 1.9375 2.3125 2.375 2.8125 1.71875 1.375 2.15625 1.59375 1.65625 1.75 1.5 2.6875 2.21875 2.125 2.71875 2.8125 2.40625 1.3125 2.21875 1.46875 2.5625 1.4375 2.5625 3.0 2.125 2.28125 2.40625 1.9375 2.78125 2.375 2.96875 2.96875 2.71875
30 68.7343242639576 1.46875 2.75 1.65625 2.46875 1.78125 1.96875 1.5625 1.9375 2.3125 2.375 2.8125 1.71875 1.375 2.15625 1.59375 1.65625 1.75 1.5 2.6875 2.21875 2.125 2.71875 2.8125 2.40625 1.3125 2.21875 1.46875 2.5625 1.4375 2.5625 3.0 2.125 2.28125 2.40625 1.9375 2.78125 2.375 2.96875 2.96875 2.71875
31 83.48670474910394 0.9791666666666666 1.8333333333333333 1.1041666666666667 1.6458333333333333 1.1875 1.3125 1.0416666666666667 1.2916666666666667 1.5416666666666667 1.5833333333333333 1.875 1.1458333333333333 0.9166666666666666 1.4375 1.0625 1.1041666666666667 1.1666666666666667 1.0 1.7916666666666667 1.4791666666666667 1.4166666666666667 1.8125 1.875 1.6041666666666667 0.875 1.4791666666666667 0.9791666666666666 1.7083333333333333 0.9583333333333334 1.7083333333333333 2.0 1.4166666666666667 1.5208333333333333 1.6041666666666667 1.2916666666666667 1.8541666666666667 1.5833333333333333 1.9791666666666667 1.9791666666666667 1.8125
32 8.596719104308393 1.46875 2.75 1.65625 2.46875 1.78125 1.96875 1.5625 1.9375 2.3125 2.375 2.8125 1.71875 1.375 2.15625 1.59375 1.65625 1.75 1.5 2.6875 2.21875 2.125 2.71875 2.8125 2.40625 1.3125 2.21875 1.46875 2.5625 1.4375 2.5625 3.0 2.125 2.28125 2.40625 1.9375 2.78125 2.375 2.96875 2.96875 2.71875
33 38.03454751131224 0.9791666666666666 1.8333333333333333 1.1041666666666667 1.6458333333333333 1.1875 1.3125 1.0416666666666667 1.2916666666666667 1.5416666666666667 1.5833333333333333 1.875 1.1458333333333333 0.9166666666666666 1.4375 1.0625 1.1041666666666667 1.1666666666666667 1.0 1.7916666666666667 1.4791666666666667 1.4166666666666667 1.8125 1.875 1.6041666666666667 0.875 1.4791666666666667 0.9791666666666666 1.7083333333333333 0.9583333333333334 1.7083333333333333 2.0 1.4166666666666667 1.5208333333333333 1.6041666666666667 1.2916666666666667 1.8541666666666667 1.5833333333333333 1.9791666666666667 1.9791666666666667 1.8125
34 123.58367831541217 0.9791666666666666 1.8333333333333333 1.1041666666666667 1.6458333333333333 1.1875 1.3125 1.0416666666666667 1.2916666666666667 1.5416666666666667 1.5833333333333333 1.875 1.1458333333333333 0.9166666666666666 1.4375 1.0625 1.1041666666666667 1.1666666666666667 1.0 1.7916666666666667 1.4791666666666667 1.4166666666666667 1.8125 1.875 1.6041666666666667 0.875 1.4791666666666667 0.9791666666666666 1.7083333333333333 0.9583333333333334 1.7083333333333333 2.0 1.4166666666666667 1.5208333333333333 1.6041666666666667 1.2916666666666667 1.8541666666666667 1.5833333333333333 1.9791666666666667 1.9791666666666667 1.8125
35 41.23184421450032 0.9791666666666666 1.8333333333333333 1.1041666666666667 1.6458333333333333 1.1875 1.3125 1.0416666666666667 1.2916666666666667 1.5416666666666667 1.5833333333333333 1.875 1.1458333333333333 0.9166666666666666 1.4375 1.0625 1.1041666666666667 1.1666666666666667 1.0 1.7916666666666667 1.4791666666666667 1.4166666666666667 1.8125 1.875 1.6041666666666667 0.875 1.4791666666666667 0.9791666666666666 1.7083333333333333 0.9583333333333334 1.7083333333333333 2.0 1.4166666666666667 1.5208333333333333 1.6041666666666667 1.2916666666666667 1.8541666666666667 1.5833333333333333 1.9791666666666667 1.9791666666666667 1.8125
36 39.94293550531918 1.46875 2.75 1.65625 2.46875 1.78125 1.96875 1.5625 1.9375 2.3125 2.375 2.8125 1.71875 1.375 2.15625 1.59375 1.65625 1.75 1.5 2.6875 2.21875 2.125 2.71875 2.8125 2.40625 1.3125 2.21875 1.46875 2.5625 1.4375 2.5625 3.0 2.125 2.28125 2.40625 1.9375 2.78125 2.375 2.96875 2.96875 2.71875
37 163.48995556615475 0.9791666666666666 1.8333333333333333 1.1041666666666667 1.6458333333333333 1.1875 1.3125 1.0416666666666667 1.2916666666666667 1.5416666666666667 1.5833333333333333 1.875 1.1458333333333333 0.9166666666666666 1.4375 1.0625 1.1041666666666667 1.1666666666666667 1.0 1.7916666666666667 1.4791666666666667 1.4166666666666667 1.8125 1.875 1.6041666666666667 0.875 1.4791666666666667 0.9791666666666666 1.7083333333333333 0.9583333333333334 1.7083333333333333 2.0 1.4166666666666667 1.5208333333333333 1.6041666666666667 1.2916666666666667 1.8541666666666667 1.5833333333333333 1.9791666666666667 1.9791666666666667 1.8125
38 187.84423929499567 1.46875 2.75 1.65625 2.46875 1.78125 1.96875 1.5625 1.9375 2.3125 2.375 2.8125 1.71875 1.375 2.15625 1.59375 1.65625 1.75 1.5 2.6875 2.21875 2.125 2.71875 2.8125 2.40625 1.3125 2.21875 1.46875 2.5625 1.4375 2.5625 3.0 2.125 2.28125 2.40625 1.9375 2.78125 2.375 2.96875 2.96875 2.71875
39 42.52652133764768 1.46875 2.75 1.65625 2.46875 1.78125 1.96875 1.5625 1.9375 2.3125 2.375 2.8125 1.71875 1.375 2.15625 1.59375 1.65625 1.75 1.5 2.6875 2.21875 2.125 2.71875 2.8125 2.40625 1.3125 2.21875 1.46875 2.5625 1.4375 2.5625 3.0 2.125 2.28125 2.40625 1.9375 2.78125 2.375 2.96875 2.96875 2.71875
40 22.0 1.46875 2.75 1.65625 2.46875 1.78125 1.96875 1.5625 1.9375 2.3125 2.375 2.8125 1.71875 1.375 2.15625 1.59375 1.65625 1.75 1.5 2.6875 2.21875 2.125 2.71875 2.8125 2.40625 1.3125 2.21875 1.46875 2.5625 1.4375 2.5625 3.0 2.125 2.28125 2.40625 1.9375 2.78125 2.375 2.96875 2.96875 2.71875
41 42.0334107876073 0.9791666666666666 1.8333333333333333 1.1041666666666667 1.6458333333333333 1.1875 1.3125 1.0416666666666667 1.2916666666666667 1.5416666666666667 1.5833333333333333 1.875 1.1458333333333333 0.9166666666666666 1.4375 1.0625 1.1041666666666667 1.1666666666666667 1.0 1.7916666666666667 1.4791666666666667 1.4166666666666667 1.8125 1.875 1.6041666666666667 0.875 1.4791666666666667 0.9791666666666666 1.7083333333333333 0.9583333333333334 1.7083333333333333 2.0 1.4166666666666667 1.5208333333333333 1.6041666666666667 1.2916666666666667 1.8541666666666667 1.5833333333333333 1.9791666666666667 1.9791666666666667 1.8125
42 0.7756991525423726 1.46875 2.75 1.65625 2.46875 1.78125 1.96875 1.5625 1.9375 2.3125 2.375 2.8125 1.71875 1.375 2.15625 1.59375 1.65625 1.75 1.5 2.6875 2.21875 2.125 2.71875 2.8125 2.40625 1.3125 2.21875 1.46875 2.5625 1.4375 2.5625 3.0 2.125 2.28125 2.40625 1.9375 2.78125 2.375 2.96875 2.96875 2.71875
43 89.65006567147566 1.46875 2.75 1.65625 2.46875 1.78125 1.96875 1.5625 1.9375 2.3125 2.375 2.8125 1.71875 1.375 2.15625 1.59375 1.65625 1.75 1.5 2.6875 2.21875 2.125 2.71875 2.8125 2.40625 1.3125 2.21875 1.46875 2.5625 1.4375 2.5625 3.0 2.125 2.28125 2.40625 1.9375 2.78125 2.375 2.96875 2.96875 2.71875
44 44.47096552640907 1.46875 2.75 1.65625 2.46875 1.78125 1.96875 1.5625 1.9375 2.3125 2.375 2.8125 1.71875 1.375 2.15625 1.59375 1.65625 1.75 1.5 2.6875 2.21875 2.125 2.71875 2.8125 2.40625 1.3125 2.21875 1.46875 2.5625 1.4375 2.5625 3.0 2.125 2.28125 2.40625 1.9375 2.78125 2.375 2.96875 2.96875 2.71875
45 161.45113384208665 1.46875 2.75 1.65625 2.46875 1.78125 1.96875 1.5625 1.9375 2.3125 2.375 2.8125 1.71875 1.375 2.15625 1.59375 1.65625 1.75 1.5 2.6875 2.21875 2.125 2.71875 2.8125 2.40625 1.3125 2.21875 1.46875 2.5625 1.4375 2.5625 3.0 2.125 2.28125 2.40625 1.9375 2.78125 2.375 2.96875 2.96875 2.71875
46 26.01450212303337 1.46875 2.75 1.65625 2.46875 1.78125 1.96875 1.5625 1.9375 2.3125 2.375 2.8125 1.71875 1.375 2.15625 1.59375 1.65625 1.75 1.5 2.6875 2.21875 2.125 2.71875 2.8125 2.40625 1.3125 2.21875 1.46875 2.5625 1.4375 2.5625 3.0 2.125 2.28125 2.40625 1.9375 2.78125 2.375 2.96875 2.96875 2.71875
47 2.1442911255411183 0.9791666666666666 1.8333333333333333 1.1041666666666667 1.6458333333333333 1.1875 1.3125 1.0416666666666667 1.2916666666666667 1.5416666666666667 1.5833333333333333 1.875 1.1458333333333333 0.9166666666666666 1.4375 1.0625 1.1041666666666667 1.1666666666666667 1.0 1.7916666666666667 1.4791666666666667 1.4166666666666667 1.8125 1.875 1.6041666666666667 0.875 1.4791666666666667 0.9791666666666666 1.7083333333333333 0.9583333333333334 1.7083333333333333 2.0 1.4166666666666667 1.5208333333333333 1.6041666666666667 1.2916666666666667 1.8541666666666667 1.5833333333333333 1.9791666666666667 1.9791666666666667 1.8125
48 63.550139251828796 0.9791666666666666 1.8333333333333333 1.1041666666666667 1.6458333333333333 1.1875 1.3125 1.0416666666666667 1.2916666666666667 1.5416666666666667 1.5833333333333333 1.875 1.1458333333333333 0.9166666666666666 1.4375 1.0625 1.1041666666666667 1.1666666666666667 1.0 1.7916666666666667 1.4791666666666667 1.4166666666666667 1.8125 1.875 1.6041666666666667 0.875 1.4791666666666667 0.9791666666666666 1.7083333333333333 0.9583333333333334 1.7083333333333333 2.0 1.4166666666666667 1.5208333333333333 1.6041666666666667 1.2916666666666667 1.8541666666666667 1.5833333333333333 1.9791666666666667 1.9791666666666667 1.8125
49 199.25497905800546 1.46875 2.75 1.65625 2.46875 1.78125 1.96875 1.5625 1.9375 2.3125 2.375 2.8125 1.71875 1.375 2.15625 1.59375 1.65625 1.75 1.5 2.6875 2.21875 2.125 2.71875 2.8125 2.40625 1.3125 2.21875 1.46875 2.5625 1.4375 2.5625 3.0 2.125 2.28125 2.40625 1.9375 2.78125 2.375 2.96875 2.96875 2.71875
