10 40
TREE NETWORK (nID nID Weight):
8 0 34
4 8 46
2 4 46
7 0 40
6 7 52
9 8 35
3 2 31
1 6 37
5 1 43
PROGRAMS ASSIGNED TO NODES (nID pID1 pID2 ...):
0 1 2 3 4 5 6 7 8 9 10 11 12 13 14 15 16 17 18 19 20 21 22 23 24 25 26 27 28 29 30 31 32 33 34 35 36 37 38 39 40
1 2 3 4 36 5 38 40 12 14 16 19 20 22 24 28 29 30 31
2 1 33 4 38 6 40 11 17 18 24 25 29 30
3 32 33 5 39 8 9 12 13 19 20 21 22 25 26 28 31
4 1 2 3 4 5 6 7 8 9 10 11 12 13 14 15 16 18 19 20 21 22 23 24 25 26 27 28 29 30 31 32 33 34 35 36 37 38 40
5 7 31
6 1 3 4 5 8 9 10 12 13 14 15 16 18 19 21 22 23 26 27 28 30 31 32 33 34 35 36 37 38 39 40
7 1 3 5 7 8 10 13 14 15 16 17 19 20 21 22 24 25 26 27 28 29 31 35 36 37 38 39
8 34 20 21 37 38 23 8 40 13 14 30
9 2 34 35 36 5 6 39 40 8 9 11 13 14 16 17 19 20 25 26 28 29
SIZE OF PROGRAMS (pID SIZE):
1 77.0
2 88.0
3 50.0
4 62.0
5 84.0
6 82.0
7 95.0
8 55.0
9 94.0
10 99.0
11 49.0
12 54.0
13 83.0
14 76.0
15 81.0
16 51.0
17 66.0
18 42.0
19 94.0
20 49.0
21 80.0
22 76.0
23 55.0
24 86.0
25 40.0
26 43.0
27 93.0
28 89.0
29 43.0
30 86.0
31 95.0
32 59.0
33 71.0
34 67.0
35 65.0
36 57.0
37 73.0
38 87.0
39 43.0
40 60.0
COST TO INSTALL SERVERS AND PROGRAMS ON NODES (COST_TO_INSTALL_SERVER COST_TO_INSTALL_pID1 ...):
0 6654.545454545456 1.5555555555555556 1.7777777777777777 1.0101010101010102 1.2525252525252526 1.696969696969697 1.6565656565656566 1.9191919191919191 1.1111111111111112 1.898989898989899 2.0 0.98989898989899 1.0909090909090908 1.6767676767676767 1.5353535353535352 1.6363636363636365 1.0303030303030303 1.3333333333333333 0.8484848484848485 1.898989898989899 0.98989898989899 1.6161616161616161 1.5353535353535352 1.1111111111111112 1.7373737373737375 0.8080808080808081 0.8686868686868687 1.878787878787879 1.797979797979798 0.8686868686868687 1.7373737373737375 1.9191919191919191 1.1919191919191918 1.4343434343434343 1.3535353535353536 1.3131313131313131 1.1515151515151516 1.4747474747474747 1.7575757575757576 0.8686868686868687 1.2121212121212122
1 45.27958923958923 2.3333333333333335 2.6666666666666665 1.5151515151515151 1.878787878787879 2.5454545454545454 2.484848484848485 2.878787878787879 1.6666666666666667 2.8484848484848486 3.0 1.4848484848484849 1.6363636363636365 2.515151515151515 2.303030303030303 2.4545454545454546 1.5454545454545454 2.0 1.2727272727272727 2.8484848484848486 1.4848484848484849 2.4242424242424243 2.303030303030303 1.6666666666666667 2.606060606060606 1.2121212121212122 1.303030303030303 2.8181818181818183 2.696969696969697 1.303030303030303 2.606060606060606 2.878787878787879 1.7878787878787878 2.1515151515151514 2.0303030303030303 1.9696969696969697 1.7272727272727273 2.212121212121212 2.6363636363636362 1.303030303030303 1.8181818181818181
2 43.30884484228473 2.3333333333333335 2.6666666666666665 1.5151515151515151 1.878787878787879 2.5454545454545454 2.484848484848485 2.878787878787879 1.6666666666666667 2.8484848484848486 3.0 1.4848484848484849 1.6363636363636365 2.515151515151515 2.303030303030303 2.4545454545454546 1.5454545454545454 2.0 1.2727272727272727 2.8484848484848486 1.4848484848484849 2.4242424242424243 2.303030303030303 1.6666666666666667 2.606060606060606 1.2121212121212122 1.303030303030303 2.8181818181818183 2.696969696969697 1.303030303030303 2.606060606060606 2.878787878787879 1.7878787878787878 2.1515151515151514 2.0303030303030303 1.9696969696969697 1.7272727272727273 2.212121212121212 2.6363636363636362 1.303030303030303 1.8181818181818181
3 28.26155745225541 1.5555555555555556 1.7777777777777777 1.0101010101010102 1.2525252525252526 1.696969696969697 1.6565656565656566 1.9191919191919191 1.1111111111111112 1.898989898989899 2.0 0.98989898989899 1.0909090909090908 1.6767676767676767 1.5353535353535352 1.6363636363636365 1.0303030303030303 1.3333333333333333 0.8484848484848485 1.898989898989899 0.98989898989899 1.6161616161616161 1.5353535353535352 1.1111111111111112 1.7373737373737375 0.8080808080808081 0.8686868686868687 1.878787878787879 1.797979797979798 0.8686868686868687 1.7373737373737375 1.9191919191919191 1.1919191919191918 1.4343434343434343 1.3535353535353536 1.3131313131313131 1.1515151515151516 1.4747474747474747 1.7575757575757576 0.8686868686868687 1.2121212121212122
4 45.97091487515663 2.3333333333333335 2.6666666666666665 1.5151515151515151 1.878787878787879 2.5454545454545454 2.484848484848485 2.878787878787879 1.6666666666666667 2.8484848484848486 3.0 1.4848484848484849 1.6363636363636365 2.515151515151515 2.303030303030303 2.4545454545454546 1.5454545454545454 2.0 1.2727272727272727 2.8484848484848486 1.4848484848484849 2.4242424242424243 2.303030303030303 1.6666666666666667 2.606060606060606 1.2121212121212122 1.303030303030303 2.8181818181818183 2.696969696969697 1.303030303030303 2.606060606060606 2.878787878787879 1.7878787878787878 2.1515151515151514 2.0303030303030303 1.9696969696969697 1.7272727272727273 2.212121212121212 2.6363636363636362 1.303030303030303 1.8181818181818181
5 3.660003054770496 2.3333333333333335 2.6666666666666665 1.5151515151515151 1.878787878787879 2.5454545454545454 2.484848484848485 2.878787878787879 1.6666666666666667 2.8484848484848486 3.0 1.4848484848484849 1.6363636363636365 2.515151515151515 2.303030303030303 2.4545454545454546 1.5454545454545454 2.0 1.2727272727272727 2.8484848484848486 1.4848484848484849 2.4242424242424243 2.303030303030303 1.6666666666666667 2.606060606060606 1.2121212121212122 1.303030303030303 2.8181818181818183 2.696969696969697 1.303030303030303 2.606060606060606 2.878787878787879 1.7878787878787878 2.1515151515151514 2.0303030303030303 1.9696969696969697 1.7272727272727273 2.212121212121212 2.6363636363636362 1.303030303030303 1.8181818181818181
6 25.123810558810558 1.5555555555555556 1.7777777777777777 1.0101010101010102 1.2525252525252526 1.696969696969697 1.6565656565656566 1.9191919191919191 1.1111111111111112 1.898989898989899 2.0 0.98989898989899 1.0909090909090908 1.6767676767676767 1.5353535353535352 1.6363636363636365 1.0303030303030303 1.3333333333333333 0.8484848484848485 1.898989898989899 0.98989898989899 1.6161616161616161 1.5353535353535352 1.1111111111111112 1.7373737373737375 0.8080808080808081 0.8686868686868687 1.878787878787879 1.797979797979798 0.8686868686868687 1.7373737373737375 1.9191919191919191 1.1919191919191918 1.4343434343434343 1.3535353535353536 1.3131313131313131 1.1515151515151516 1.4747474747474747 1.7575757575757576 0.8686868686868687 1.2121212121212122
7 8.107306397306392 1.5555555555555556 1.7777777777777777 1.0101010101010102 1.2525252525252526 1.696969696969697 1.6565656565656566 1.9191919191919191 1.1111111111111112 1.898989898989899 2.0 0.98989898989899 1.0909090909090908 1.6767676767676767 1.5353535353535352 1.6363636363636365 1.0303030303030303 1.3333333333333333 0.8484848484848485 1.898989898989899 0.98989898989899 1.6161616161616161 1.5353535353535352 1.1111111111111112 1.7373737373737375 0.8080808080808081 0.8686868686868687 1.878787878787879 1.797979797979798 0.8686868686868687 1.7373737373737375 1.9191919191919191 1.1919191919191918 1.4343434343434343 1.3535353535353536 1.3131313131313131 1.1515151515151516 1.4747474747474747 1.7575757575757576 0.8686868686868687 1.2121212121212122
8 20.30809312638579 1.5555555555555556 1.7777777777777777 1.0101010101010102 1.2525252525252526 1.696969696969697 1.6565656565656566 1.9191919191919191 1.1111111111111112 1.898989898989899 2.0 0.98989898989899 1.0909090909090908 1.6767676767676767 1.5353535353535352 1.6363636363636365 1.0303030303030303 1.3333333333333333 0.8484848484848485 1.898989898989899 0.98989898989899 1.6161616161616161 1.5353535353535352 1.1111111111111112 1.7373737373737375 0.8080808080808081 0.8686868686868687 1.878787878787879 1.797979797979798 0.8686868686868687 1.7373737373737375 1.9191919191919191 1.1919191919191918 1.4343434343434343 1.3535353535353536 1.3131313131313131 1.1515151515151516 1.4747474747474747 1.7575757575757576 0.8686868686868687 1.2121212121212122
9 37.449750677130346 2.3333333333333335 2.6666666666666665 1.5151515151515151 1.878787878787879 2.5454545454545454 2.484848484848485 2.878787878787879 1.6666666666666667 2.8484848484848486 3.0 1.4848484848484849 1.6363636363636365 2.515151515151515 2.303030303030303 2.4545454545454546 1.5454545454545454 2.0 1.2727272727272727 2.8484848484848486 1.4848484848484849 2.4242424242424243 2.303030303030303 1.6666666666666667 2.606060606060606 1.2121212121212122 1.303030303030303 2.8181818181818183 2.696969696969697 1.303030303030303 2.606060606060606 2.878787878787879 1.7878787878787878 2.1515151515151514 2.0303030303030303 1.9696969696969697 1.7272727272727273 2.212121212121212 2.6363636363636362 1.303030303030303 1.8181818181818181
