30 30
TREE NETWORK (nID nID Weight):
19 0 48
11 0 40
4 0 52
12 11 57
27 11 31
7 0 46
13 11 59
3 7 38
18 11 32
29 4 52
14 4 33
9 11 59
20 19 55
26 4 34
16 3 50
17 7 53
15 20 34
21 17 48
8 4 38
5 17 47
24 7 47
28 3 58
10 13 47
23 29 45
1 5 57
22 5 31
6 14 45
25 24 30
2 3 44
PROGRAMS ASSIGNED TO NODES (nID pID1 pID2 ...):
0 1 2 3 4 5 6 7 8 9 10 11 12 13 14 15 16 17 18 19 20 21 22 23 24 25 26 27 28 29 30
1 16 19 7 8 24 10
2 5 22 9 28
3 17 19 20 23 26 27 11 28
4 3 5 6 8 9 10 12 16 17 19 20 21 22 28 29
5 2 20 21 22 6 28 30
6 1 2 3 4 9 10 11 13 14 16 18 22 23 24 26 29 30
7 2 5 6 7 8 10 11 12 15 16 17 19 20 21 22 24 25 26 27 28
9 16 21 15
10 1 3 7 9 10 11 14 16 17 19 20 22 23 24 25 26 27 28 29
11 2 3 4 5 6 7 8 9 10 11 12 13 14 16 17 18 19 20 21 22 23 24 25 26 27 28 29 30
12 2 3 5 6 9 10 11 12 13 15 16 17 18 22 23 25 27 28 29
13 1 7 9 10 11 12 13 16 19 21 23 25 28 29 30
14 17
15 4 25 10
16 2 3 5 11 13 14 16 18 19 20 24 26 27 28 30
17 1 2 3 4 6 7 8 9 10 11 12 13 14 15 16 17 18 19 20 21 22 24 25 26 28 29 30
18 2 3 4 5 6 7 9 11 12 13 14 15 16 19 20 21 22 24 25 26 27 28 29 30
19 1 3 4 7 8 9 10 13 15 16 17 18 20 21 22 23 24 25 27
20 6 9 10 12 13 14 17 19 20 21 23 24 28 29 30
21 1 3 4 5 7 8 9 10 11 12 13 14 15 16 18 19 20 21 22 25 28 29
22 1 2 3 4 6 7 11 12 13 14 17 18 19 20 23 24 25 26 27 29
23 17 3 20 21 6 23 24 9 26 11 14
24 1 2 3 4 5 7 8 9 10 11 12 13 14 15 16 17 18 19 20 21 22 23 25 26 27 28 29 30
25 1 22 8 26 12 29 30 15
26 21 6 24 29 14
27 1 2 3 4 8 9 10 12 14 15 19 21 23 24 25 28
29 3 4 5 6 7 10 13 15 17 18 20 21 24 25 27 28 29 30
SIZE OF PROGRAMS (pID SIZE):
1 79.0
2 67.0
3 42.0
4 56.0
5 99.0
6 83.0
7 93.0
8 98.0
9 91.0
10 71.0
11 46.0
12 70.0
13 98.0
14 96.0
15 59.0
16 91.0
17 53.0
18 99.0
19 62.0
20 45.0
21 83.0
22 53.0
23 89.0
24 83.0
25 45.0
26 90.0
27 90.0
28 93.0
29 62.0
30 97.0
COST TO INSTALL SERVERS AND PROGRAMS ON NODES (COST_TO_INSTALL_SERVER COST_TO_INSTALL_pID1 ...):
0 7918.181818181819 2.393939393939394 2.0303030303030303 1.2727272727272727 1.696969696969697 3.0 2.515151515151515 2.8181818181818183 2.9696969696969697 2.757575757575758 2.1515151515151514 1.393939393939394 2.121212121212121 2.9696969696969697 2.909090909090909 1.7878787878787878 2.757575757575758 1.606060606060606 3.0 1.878787878787879 1.3636363636363635 2.515151515151515 1.606060606060606 2.696969696969697 2.515151515151515 1.3636363636363635 2.727272727272727 2.727272727272727 2.8181818181818183 1.878787878787879 2.9393939393939394
1 8.84828822913727 1.595959595959596 1.3535353535353536 0.8484848484848485 1.1313131313131313 2.0 1.6767676767676767 1.878787878787879 1.97979797979798 1.8383838383838385 1.4343434343434343 0.9292929292929293 1.4141414141414141 1.97979797979798 1.9393939393939394 1.1919191919191918 1.8383838383838385 1.0707070707070707 2.0 1.2525252525252526 0.9090909090909091 1.6767676767676767 1.0707070707070707 1.797979797979798 1.6767676767676767 0.9090909090909091 1.8181818181818181 1.8181818181818181 1.878787878787879 1.2525252525252526 1.9595959595959596
2 8.497468968864847 1.595959595959596 1.3535353535353536 0.8484848484848485 1.1313131313131313 2.0 1.6767676767676767 1.878787878787879 1.97979797979798 1.8383838383838385 1.4343434343434343 0.9292929292929293 1.4141414141414141 1.97979797979798 1.9393939393939394 1.1919191919191918 1.8383838383838385 1.0707070707070707 2.0 1.2525252525252526 0.9090909090909091 1.6767676767676767 1.0707070707070707 1.797979797979798 1.6767676767676767 0.9090909090909091 1.8181818181818181 1.8181818181818181 1.878787878787879 1.2525252525252526 1.9595959595959596
3 27.660994383191166 2.393939393939394 2.0303030303030303 1.2727272727272727 1.696969696969697 3.0 2.515151515151515 2.8181818181818183 2.9696969696969697 2.757575757575758 2.1515151515151514 1.393939393939394 2.121212121212121 2.9696969696969697 2.909090909090909 1.7878787878787878 2.757575757575758 1.606060606060606 3.0 1.878787878787879 1.3636363636363635 2.515151515151515 1.606060606060606 2.696969696969697 2.515151515151515 1.3636363636363635 2.727272727272727 2.727272727272727 2.8181818181818183 1.878787878787879 2.9393939393939394
4 28.0 2.393939393939394 2.0303030303030303 1.2727272727272727 1.696969696969697 3.0 2.515151515151515 2.8181818181818183 2.9696969696969697 2.757575757575758 2.1515151515151514 1.393939393939394 2.121212121212121 2.9696969696969697 2.909090909090909 1.7878787878787878 2.757575757575758 1.606060606060606 3.0 1.878787878787879 1.3636363636363635 2.515151515151515 1.606060606060606 2.696969696969697 2.515151515151515 1.3636363636363635 2.727272727272727 2.727272727272727 2.8181818181818183 1.878787878787879 2.9393939393939394
5 62.85851800530471 2.393939393939394 2.0303030303030303 1.2727272727272727 1.696969696969697 3.0 2.515151515151515 2.8181818181818183 2.9696969696969697 2.757575757575758 2.1515151515151514 1.393939393939394 2.121212121212121 2.9696969696969697 2.909090909090909 1.7878787878787878 2.757575757575758 1.606060606060606 3.0 1.878787878787879 1.3636363636363635 2.515151515151515 1.606060606060606 2.696969696969697 2.515151515151515 1.3636363636363635 2.727272727272727 2.727272727272727 2.8181818181818183 1.878787878787879 2.9393939393939394
6 39.02065095398427 1.595959595959596 1.3535353535353536 0.8484848484848485 1.1313131313131313 2.0 1.6767676767676767 1.878787878787879 1.97979797979798 1.8383838383838385 1.4343434343434343 0.9292929292929293 1.4141414141414141 1.97979797979798 1.9393939393939394 1.1919191919191918 1.8383838383838385 1.0707070707070707 2.0 1.2525252525252526 0.9090909090909091 1.6767676767676767 1.0707070707070707 1.797979797979798 1.6767676767676767 0.9090909090909091 1.8181818181818181 1.8181818181818181 1.878787878787879 1.2525252525252526 1.9595959595959596
7 47.0 2.393939393939394 2.0303030303030303 1.2727272727272727 1.696969696969697 3.0 2.515151515151515 2.8181818181818183 2.9696969696969697 2.757575757575758 2.1515151515151514 1.393939393939394 2.121212121212121 2.9696969696969697 2.909090909090909 1.7878787878787878 2.757575757575758 1.606060606060606 3.0 1.878787878787879 1.3636363636363635 2.515151515151515 1.606060606060606 2.696969696969697 2.515151515151515 1.3636363636363635 2.727272727272727 2.727272727272727 2.8181818181818183 1.878787878787879 2.9393939393939394
8 71.0 1.595959595959596 1.3535353535353536 0.8484848484848485 1.1313131313131313 2.0 1.6767676767676767 1.878787878787879 1.97979797979798 1.8383838383838385 1.4343434343434343 0.9292929292929293 1.4141414141414141 1.97979797979798 1.9393939393939394 1.1919191919191918 1.8383838383838385 1.0707070707070707 2.0 1.2525252525252526 0.9090909090909091 1.6767676767676767 1.0707070707070707 1.797979797979798 1.6767676767676767 0.9090909090909091 1.8181818181818181 1.8181818181818181 1.878787878787879 1.2525252525252526 1.9595959595959596
9 1.520124550590652 1.595959595959596 1.3535353535353536 0.8484848484848485 1.1313131313131313 2.0 1.6767676767676767 1.878787878787879 1.97979797979798 1.8383838383838385 1.4343434343434343 0.9292929292929293 1.4141414141414141 1.97979797979798 1.9393939393939394 1.1919191919191918 1.8383838383838385 1.0707070707070707 2.0 1.2525252525252526 0.9090909090909091 1.6767676767676767 1.0707070707070707 1.797979797979798 1.6767676767676767 0.9090909090909091 1.8181818181818181 1.8181818181818181 1.878787878787879 1.2525252525252526 1.9595959595959596
10 41.38022167218526 1.595959595959596 1.3535353535353536 0.8484848484848485 1.1313131313131313 2.0 1.6767676767676767 1.878787878787879 1.97979797979798 1.8383838383838385 1.4343434343434343 0.9292929292929293 1.4141414141414141 1.97979797979798 1.9393939393939394 1.1919191919191918 1.8383838383838385 1.0707070707070707 2.0 1.2525252525252526 0.9090909090909091 1.6767676767676767 1.0707070707070707 1.797979797979798 1.6767676767676767 0.9090909090909091 1.8181818181818181 1.8181818181818181 1.878787878787879 1.2525252525252526 1.9595959595959596
11 3.7324706744868017 2.393939393939394 2.0303030303030303 1.2727272727272727 1.696969696969697 3.0 2.515151515151515 2.8181818181818183 2.9696969696969697 2.757575757575758 2.1515151515151514 1.393939393939394 2.121212121212121 2.9696969696969697 2.909090909090909 1.7878787878787878 2.757575757575758 1.606060606060606 3.0 1.878787878787879 1.3636363636363635 2.515151515151515 1.606060606060606 2.696969696969697 2.515151515151515 1.3636363636363635 2.727272727272727 2.727272727272727 2.8181818181818183 1.878787878787879 2.9393939393939394
12 31.30091706539076 1.595959595959596 1.3535353535353536 0.8484848484848485 1.1313131313131313 2.0 1.6767676767676767 1.878787878787879 1.97979797979798 1.8383838383838385 1.4343434343434343 0.9292929292929293 1.4141414141414141 1.97979797979798 1.9393939393939394 1.1919191919191918 1.8383838383838385 1.0707070707070707 2.0 1.2525252525252526 0.9090909090909091 1.6767676767676767 1.0707070707070707 1.797979797979798 1.6767676767676767 0.9090909090909091 1.8181818181818181 1.8181818181818181 1.878787878787879 1.2525252525252526 1.9595959595959596
13 26.83813602122925 1.595959595959596 1.3535353535353536 0.8484848484848485 1.1313131313131313 2.0 1.6767676767676767 1.878787878787879 1.97979797979798 1.8383838383838385 1.4343434343434343 0.9292929292929293 1.4141414141414141 1.97979797979798 1.9393939393939394 1.1919191919191918 1.8383838383838385 1.0707070707070707 2.0 1.2525252525252526 0.9090909090909091 1.6767676767676767 1.0707070707070707 1.797979797979798 1.6767676767676767 0.9090909090909091 1.8181818181818181 1.8181818181818181 1.878787878787879 1.2525252525252526 1.9595959595959596
14 25.797672064777316 2.393939393939394 2.0303030303030303 1.2727272727272727 1.696969696969697 3.0 2.515151515151515 2.8181818181818183 2.9696969696969697 2.757575757575758 2.1515151515151514 1.393939393939394 2.121212121212121 2.9696969696969697 2.909090909090909 1.7878787878787878 2.757575757575758 1.606060606060606 3.0 1.878787878787879 1.3636363636363635 2.515151515151515 1.606060606060606 2.696969696969697 2.515151515151515 1.3636363636363635 2.727272727272727 2.727272727272727 2.8181818181818183 1.878787878787879 2.9393939393939394
15 6.885173796791443 2.393939393939394 2.0303030303030303 1.2727272727272727 1.696969696969697 3.0 2.515151515151515 2.8181818181818183 2.9696969696969697 2.757575757575758 2.1515151515151514 1.393939393939394 2.121212121212121 2.9696969696969697 2.909090909090909 1.7878787878787878 2.757575757575758 1.606060606060606 3.0 1.878787878787879 1.3636363636363635 2.515151515151515 1.606060606060606 2.696969696969697 2.515151515151515 1.3636363636363635 2.727272727272727 2.727272727272727 2.8181818181818183 1.878787878787879 2.9393939393939394
16 27.701392795229175 2.393939393939394 2.0303030303030303 1.2727272727272727 1.696969696969697 3.0 2.515151515151515 2.8181818181818183 2.9696969696969697 2.757575757575758 2.1515151515151514 1.393939393939394 2.121212121212121 2.9696969696969697 2.909090909090909 1.7878787878787878 2.757575757575758 1.606060606060606 3.0 1.878787878787879 1.3636363636363635 2.515151515151515 1.606060606060606 2.696969696969697 2.515151515151515 1.3636363636363635 2.727272727272727 2.727272727272727 2.8181818181818183 1.878787878787879 2.9393939393939394
17 21.475216092224994 2.393939393939394 2.0303030303030303 1.2727272727272727 1.696969696969697 3.0 2.515151515151515 2.8181818181818183 2.9696969696969697 2.757575757575758 2.1515151515151514 1.393939393939394 2.121212121212121 2.9696969696969697 2.909090909090909 1.7878787878787878 2.757575757575758 1.606060606060606 3.0 1.878787878787879 1.3636363636363635 2.515151515151515 1.606060606060606 2.696969696969697 2.515151515151515 1.3636363636363635 2.727272727272727 2.727272727272727 2.8181818181818183 1.878787878787879 2.9393939393939394
18 60.78987121212123 1.595959595959596 1.3535353535353536 0.8484848484848485 1.1313131313131313 2.0 1.6767676767676767 1.878787878787879 1.97979797979798 1.8383838383838385 1.4343434343434343 0.9292929292929293 1.4141414141414141 1.97979797979798 1.9393939393939394 1.1919191919191918 1.8383838383838385 1.0707070707070707 2.0 1.2525252525252526 0.9090909090909091 1.6767676767676767 1.0707070707070707 1.797979797979798 1.6767676767676767 0.9090909090909091 1.8181818181818181 1.8181818181818181 1.878787878787879 1.2525252525252526 1.9595959595959596
19 0.8847058548447551 1.595959595959596 1.3535353535353536 0.8484848484848485 1.1313131313131313 2.0 1.6767676767676767 1.878787878787879 1.97979797979798 1.8383838383838385 1.4343434343434343 0.9292929292929293 1.4141414141414141 1.97979797979798 1.9393939393939394 1.1919191919191918 1.8383838383838385 1.0707070707070707 2.0 1.2525252525252526 0.9090909090909091 1.6767676767676767 1.0707070707070707 1.797979797979798 1.6767676767676767 0.9090909090909091 1.8181818181818181 1.8181818181818181 1.878787878787879 1.2525252525252526 1.9595959595959596
20 3.337613636363636 2.393939393939394 2.0303030303030303 1.2727272727272727 1.696969696969697 3.0 2.515151515151515 2.8181818181818183 2.9696969696969697 2.757575757575758 2.1515151515151514 1.393939393939394 2.121212121212121 2.9696969696969697 2.909090909090909 1.7878787878787878 2.757575757575758 1.606060606060606 3.0 1.878787878787879 1.3636363636363635 2.515151515151515 1.606060606060606 2.696969696969697 2.515151515151515 1.3636363636363635 2.727272727272727 2.727272727272727 2.8181818181818183 1.878787878787879 2.9393939393939394
21 19.651598908531042 2.393939393939394 2.0303030303030303 1.2727272727272727 1.696969696969697 3.0 2.515151515151515 2.8181818181818183 2.9696969696969697 2.757575757575758 2.1515151515151514 1.393939393939394 2.121212121212121 2.9696969696969697 2.909090909090909 1.7878787878787878 2.757575757575758 1.606060606060606 3.0 1.878787878787879 1.3636363636363635 2.515151515151515 1.606060606060606 2.696969696969697 2.515151515151515 1.3636363636363635 2.727272727272727 2.727272727272727 2.8181818181818183 1.878787878787879 2.9393939393939394
22 78.00426568536237 1.595959595959596 1.3535353535353536 0.8484848484848485 1.1313131313131313 2.0 1.6767676767676767 1.878787878787879 1.97979797979798 1.8383838383838385 1.4343434343434343 0.9292929292929293 1.4141414141414141 1.97979797979798 1.9393939393939394 1.1919191919191918 1.8383838383838385 1.0707070707070707 2.0 1.2525252525252526 0.9090909090909091 1.6767676767676767 1.0707070707070707 1.797979797979798 1.6767676767676767 0.9090909090909091 1.8181818181818181 1.8181818181818181 1.878787878787879 1.2525252525252526 1.9595959595959596
23 11.356317016317014 2.393939393939394 2.0303030303030303 1.2727272727272727 1.696969696969697 3.0 2.515151515151515 2.8181818181818183 2.9696969696969697 2.757575757575758 2.1515151515151514 1.393939393939394 2.121212121212121 2.9696969696969697 2.909090909090909 1.7878787878787878 2.757575757575758 1.606060606060606 3.0 1.878787878787879 1.3636363636363635 2.515151515151515 1.606060606060606 2.696969696969697 2.515151515151515 1.3636363636363635 2.727272727272727 2.727272727272727 2.8181818181818183 1.878787878787879 2.9393939393939394
24 14.570020743980036 2.393939393939394 2.0303030303030303 1.2727272727272727 1.696969696969697 3.0 2.515151515151515 2.8181818181818183 2.9696969696969697 2.757575757575758 2.1515151515151514 1.393939393939394 2.121212121212121 2.9696969696969697 2.909090909090909 1.7878787878787878 2.757575757575758 1.606060606060606 3.0 1.878787878787879 1.3636363636363635 2.515151515151515 1.606060606060606 2.696969696969697 2.515151515151515 1.3636363636363635 2.727272727272727 2.727272727272727 2.8181818181818183 1.878787878787879 2.9393939393939394
25 23.95212114982698 2.393939393939394 2.0303030303030303 1.2727272727272727 1.696969696969697 3.0 2.515151515151515 2.8181818181818183 2.9696969696969697 2.757575757575758 2.1515151515151514 1.393939393939394 2.121212121212121 2.9696969696969697 2.909090909090909 1.7878787878787878 2.757575757575758 1.606060606060606 3.0 1.878787878787879 1.3636363636363635 2.515151515151515 1.606060606060606 2.696969696969697 2.515151515151515 1.3636363636363635 2.727272727272727 2.727272727272727 2.8181818181818183 1.878787878787879 2.9393939393939394
26 13.118660968660976 1.595959595959596 1.3535353535353536 0.8484848484848485 1.1313131313131313 2.0 1.6767676767676767 1.878787878787879 1.97979797979798 1.8383838383838385 1.4343434343434343 0.9292929292929293 1.4141414141414141 1.97979797979798 1.9393939393939394 1.1919191919191918 1.8383838383838385 1.0707070707070707 2.0 1.2525252525252526 0.9090909090909091 1.6767676767676767 1.0707070707070707 1.797979797979798 1.6767676767676767 0.9090909090909091 1.8181818181818181 1.8181818181818181 1.878787878787879 1.2525252525252526 1.9595959595959596
27 18.961122419642344 2.393939393939394 2.0303030303030303 1.2727272727272727 1.696969696969697 3.0 2.515151515151515 2.8181818181818183 2.9696969696969697 2.757575757575758 2.1515151515151514 1.393939393939394 2.121212121212121 2.9696969696969697 2.909090909090909 1.7878787878787878 2.757575757575758 1.606060606060606 3.0 1.878787878787879 1.3636363636363635 2.515151515151515 1.606060606060606 2.696969696969697 2.515151515151515 1.3636363636363635 2.727272727272727 2.727272727272727 2.8181818181818183 1.878787878787879 2.9393939393939394
28 20.0 2.393939393939394 2.0303030303030303 1.2727272727272727 1.696969696969697 3.0 2.515151515151515 2.8181818181818183 2.9696969696969697 2.757575757575758 2.1515151515151514 1.393939393939394 2.121212121212121 2.9696969696969697 2.909090909090909 1.7878787878787878 2.757575757575758 1.606060606060606 3.0 1.878787878787879 1.3636363636363635 2.515151515151515 1.606060606060606 2.696969696969697 2.515151515151515 1.3636363636363635 2.727272727272727 2.727272727272727 2.8181818181818183 1.878787878787879 2.9393939393939394
29 28.435852110852114 1.595959595959596 1.3535353535353536 0.8484848484848485 1.1313131313131313 2.0 1.6767676767676767 1.878787878787879 1.97979797979798 1.8383838383838385 1.4343434343434343 0.9292929292929293 1.4141414141414141 1.97979797979798 1.9393939393939394 1.1919191919191918 1.8383838383838385 1.0707070707070707 2.0 1.2525252525252526 0.9090909090909091 1.6767676767676767 1.0707070707070707 1.797979797979798 1.6767676767676767 0.9090909090909091 1.8181818181818181 1.8181818181818181 1.878787878787879 1.2525252525252526 1.9595959595959596
