50 10
TREE NETWORK (nID nID Weight):
17 0 45
8 0 55
9 0 54
14 8 42
35 0 33
1 14 40
5 0 54
15 5 44
18 1 36
37 35 31
39 8 56
20 37 45
29 35 43
23 17 37
4 17 58
2 15 43
44 39 54
3 9 36
12 8 54
46 44 35
7 9 58
11 20 41
48 3 34
47 35 41
19 17 54
22 14 56
21 35 32
6 44 49
32 3 46
27 46 52
10 17 31
34 19 49
31 18 38
13 29 58
36 48 34
42 18 59
30 48 43
28 34 51
38 9 47
33 21 32
43 34 36
26 22 45
41 12 52
45 43 45
49 17 39
25 39 37
16 44 56
40 19 45
24 8 50
PROGRAMS ASSIGNED TO NODES (nID pID1 pID2 ...):
0 1 2 3 4 5 6 7 8 9 10
1 2 10
2 2 3 4 5 7 8 9 10
3 2 3 4 6 7 8
4 1 6 8 10
5 3
6 2
7 1 4 5 6 7 9 10
8 7
9 1 2 3 7 10
10 1 2 3 4 5 7 8 9 10
11 5 8 10
12 1 2 3 5 6 9 10
13 3 7
15 3 5 6 9 10
16 2 3 5
17 7
18 2 3 7 9
19 1 2 3 5 6 7 8 10
20 4 5 7 8 10
21 3 4 5 10
22 2 4 7 8 9 10
23 2 3 4 5 6 7 10
24 2 3 5 6 8 9 10
25 1 2 3 4 6 7 8 9 10
27 1 2 3 5 7 8 10
28 8
29 1 5 6
30 1 2 4 6 7 8 9 10
31 2 3 7 8 9 10
32 1 3 4 9
33 3 4 6 7 8 9
34 2 4 5 6 9
35 4 9
36 2 6 7 10
37 1 2 3 4 6 7 9
39 3 6
40 1 2 4 6 9 10
41 8
42 7
43 3 4 5 6 8 9
44 5 7 8 10
46 1
47 1 2 3 4 5 6 8 9 10
48 3 4 5 6 7 8 10
49 1 4 5 6 9 10
SIZE OF PROGRAMS (pID SIZE):
1 58.0
2 88.0
3 59.0
4 91.0
5 66.0
6 42.0
7 67.0
8 58.0
9 90.0
10 94.0
COST TO INSTALL SERVERS AND PROGRAMS ON NODES (COST_TO_INSTALL_SERVER COST_TO_INSTALL_pID1 ...):
0 3275.531914893617 1.851063829787234 2.8085106382978724 1.8829787234042554 2.904255319148936 2.106382978723404 1.3404255319148937 2.1382978723404253 1.851063829787234 2.872340425531915 3.0
1 9.231766470611456 1.2340425531914894 1.872340425531915 1.2553191489361701 1.9361702127659575 1.4042553191489362 0.8936170212765957 1.425531914893617 1.2340425531914894 1.9148936170212767 2.0
2 5.992696259977307 1.851063829787234 2.8085106382978724 1.8829787234042554 2.904255319148936 2.106382978723404 1.3404255319148937 2.1382978723404253 1.851063829787234 2.872340425531915 3.0
3 15.082102944336983 1.2340425531914894 1.872340425531915 1.2553191489361701 1.9361702127659575 1.4042553191489362 0.8936170212765957 1.425531914893617 1.2340425531914894 1.9148936170212767 2.0
4 5.041438004402054 1.2340425531914894 1.872340425531915 1.2553191489361701 1.9361702127659575 1.4042553191489362 0.8936170212765957 1.425531914893617 1.2340425531914894 1.9148936170212767 2.0
5 68.0 1.851063829787234 2.8085106382978724 1.8829787234042554 2.904255319148936 2.106382978723404 1.3404255319148937 2.1382978723404253 1.851063829787234 2.872340425531915 3.0
6 1.4173908428619673 1.2340425531914894 1.872340425531915 1.2553191489361701 1.9361702127659575 1.4042553191489362 0.8936170212765957 1.425531914893617 1.2340425531914894 1.9148936170212767 2.0
7 7.7253933317029455 1.2340425531914894 1.872340425531915 1.2553191489361701 1.9361702127659575 1.4042553191489362 0.8936170212765957 1.425531914893617 1.2340425531914894 1.9148936170212767 2.0
8 98.0 1.2340425531914894 1.872340425531915 1.2553191489361701 1.9361702127659575 1.4042553191489362 0.8936170212765957 1.425531914893617 1.2340425531914894 1.9148936170212767 2.0
9 5.411730783007378 1.2340425531914894 1.872340425531915 1.2553191489361701 1.9361702127659575 1.4042553191489362 0.8936170212765957 1.425531914893617 1.2340425531914894 1.9148936170212767 2.0
10 26.735611988103404 1.2340425531914894 1.872340425531915 1.2553191489361701 1.9361702127659575 1.4042553191489362 0.8936170212765957 1.425531914893617 1.2340425531914894 1.9148936170212767 2.0
11 15.329230730729968 1.2340425531914894 1.872340425531915 1.2553191489361701 1.9361702127659575 1.4042553191489362 0.8936170212765957 1.425531914893617 1.2340425531914894 1.9148936170212767 2.0
12 0.7967762733720167 1.851063829787234 2.8085106382978724 1.8829787234042554 2.904255319148936 2.106382978723404 1.3404255319148937 2.1382978723404253 1.851063829787234 2.872340425531915 3.0
13 3.10304932999741 1.851063829787234 2.8085106382978724 1.8829787234042554 2.904255319148936 2.106382978723404 1.3404255319148937 2.1382978723404253 1.851063829787234 2.872340425531915 3.0
14 4.815660633692549 1.2340425531914894 1.872340425531915 1.2553191489361701 1.9361702127659575 1.4042553191489362 0.8936170212765957 1.425531914893617 1.2340425531914894 1.9148936170212767 2.0
15 9.155876137259117 1.2340425531914894 1.872340425531915 1.2553191489361701 1.9361702127659575 1.4042553191489362 0.8936170212765957 1.425531914893617 1.2340425531914894 1.9148936170212767 2.0
16 9.057764345583495 1.851063829787234 2.8085106382978724 1.8829787234042554 2.904255319148936 2.106382978723404 1.3404255319148937 2.1382978723404253 1.851063829787234 2.872340425531915 3.0
17 0.20226950354609965 1.2340425531914894 1.872340425531915 1.2553191489361701 1.9361702127659575 1.4042553191489362 0.8936170212765957 1.425531914893617 1.2340425531914894 1.9148936170212767 2.0
18 12.692962012658064 1.851063829787234 2.8085106382978724 1.8829787234042554 2.904255319148936 2.106382978723404 1.3404255319148937 2.1382978723404253 1.851063829787234 2.872340425531915 3.0
19 7.608602335410841 1.851063829787234 2.8085106382978724 1.8829787234042554 2.904255319148936 2.106382978723404 1.3404255319148937 2.1382978723404253 1.851063829787234 2.872340425531915 3.0
20 23.082576300640813 1.2340425531914894 1.872340425531915 1.2553191489361701 1.9361702127659575 1.4042553191489362 0.8936170212765957 1.425531914893617 1.2340425531914894 1.9148936170212767 2.0
21 27.150344535783372 1.2340425531914894 1.872340425531915 1.2553191489361701 1.9361702127659575 1.4042553191489362 0.8936170212765957 1.425531914893617 1.2340425531914894 1.9148936170212767 2.0
22 16.40297135488625 1.2340425531914894 1.872340425531915 1.2553191489361701 1.9361702127659575 1.4042553191489362 0.8936170212765957 1.425531914893617 1.2340425531914894 1.9148936170212767 2.0
23 9.227944220816559 1.851063829787234 2.8085106382978724 1.8829787234042554 2.904255319148936 2.106382978723404 1.3404255319148937 2.1382978723404253 1.851063829787234 2.872340425531915 3.0
24 1.3237311411992263 1.851063829787234 2.8085106382978724 1.8829787234042554 2.904255319148936 2.106382978723404 1.3404255319148937 2.1382978723404253 1.851063829787234 2.872340425531915 3.0
25 6.046427432544455 1.851063829787234 2.8085106382978724 1.8829787234042554 2.904255319148936 2.106382978723404 1.3404255319148937 2.1382978723404253 1.851063829787234 2.872340425531915 3.0
26 44.0 1.851063829787234 2.8085106382978724 1.8829787234042554 2.904255319148936 2.106382978723404 1.3404255319148937 2.1382978723404253 1.851063829787234 2.872340425531915 3.0
27 26.818229244160097 1.2340425531914894 1.872340425531915 1.2553191489361701 1.9361702127659575 1.4042553191489362 0.8936170212765957 1.425531914893617 1.2340425531914894 1.9148936170212767 2.0
28 2.7598790248960103 1.2340425531914894 1.872340425531915 1.2553191489361701 1.9361702127659575 1.4042553191489362 0.8936170212765957 1.425531914893617 1.2340425531914894 1.9148936170212767 2.0
29 4.002687938264385 1.851063829787234 2.8085106382978724 1.8829787234042554 2.904255319148936 2.106382978723404 1.3404255319148937 2.1382978723404253 1.851063829787234 2.872340425531915 3.0
30 29.34957409796987 1.851063829787234 2.8085106382978724 1.8829787234042554 2.904255319148936 2.106382978723404 1.3404255319148937 2.1382978723404253 1.851063829787234 2.872340425531915 3.0
31 12.198458137607075 1.851063829787234 2.8085106382978724 1.8829787234042554 2.904255319148936 2.106382978723404 1.3404255319148937 2.1382978723404253 1.851063829787234 2.872340425531915 3.0
32 5.38195943399459 1.851063829787234 2.8085106382978724 1.8829787234042554 2.904255319148936 2.106382978723404 1.3404255319148937 2.1382978723404253 1.851063829787234 2.872340425531915 3.0
33 8.733377659574469 1.2340425531914894 1.872340425531915 1.2553191489361701 1.9361702127659575 1.4042553191489362 0.8936170212765957 1.425531914893617 1.2340425531914894 1.9148936170212767 2.0
34 15.16368118878757 1.851063829787234 2.8085106382978724 1.8829787234042554 2.904255319148936 2.106382978723404 1.3404255319148937 2.1382978723404253 1.851063829787234 2.872340425531915 3.0
35 7.781525115761092 1.2340425531914894 1.872340425531915 1.2553191489361701 1.9361702127659575 1.4042553191489362 0.8936170212765957 1.425531914893617 1.2340425531914894 1.9148936170212767 2.0
36 26.838217911277987 1.2340425531914894 1.872340425531915 1.2553191489361701 1.9361702127659575 1.4042553191489362 0.8936170212765957 1.425531914893617 1.2340425531914894 1.9148936170212767 2.0
37 12.514515561807636 1.851063829787234 2.8085106382978724 1.8829787234042554 2.904255319148936 2.106382978723404 1.3404255319148937 2.1382978723404253 1.851063829787234 2.872340425531915 3.0
38 69.0 1.851063829787234 2.8085106382978724 1.8829787234042554 2.904255319148936 2.106382978723404 1.3404255319148937 2.1382978723404253 1.851063829787234 2.872340425531915 3.0
39 12.726366713557237 1.2340425531914894 1.872340425531915 1.2553191489361701 1.9361702127659575 1.4042553191489362 0.8936170212765957 1.425531914893617 1.2340425531914894 1.9148936170212767 2.0
40 4.3125768321513 1.851063829787234 2.8085106382978724 1.8829787234042554 2.904255319148936 2.106382978723404 1.3404255319148937 2.1382978723404253 1.851063829787234 2.872340425531915 3.0
41 1.1143522513735282 1.851063829787234 2.8085106382978724 1.8829787234042554 2.904255319148936 2.106382978723404 1.3404255319148937 2.1382978723404253 1.851063829787234 2.872340425531915 3.0
42 4.847673863981113 1.2340425531914894 1.872340425531915 1.2553191489361701 1.9361702127659575 1.4042553191489362 0.8936170212765957 1.425531914893617 1.2340425531914894 1.9148936170212767 2.0
43 10.250719512391242 1.851063829787234 2.8085106382978724 1.8829787234042554 2.904255319148936 2.106382978723404 1.3404255319148937 2.1382978723404253 1.851063829787234 2.872340425531915 3.0
44 15.084560588151014 1.2340425531914894 1.872340425531915 1.2553191489361701 1.9361702127659575 1.4042553191489362 0.8936170212765957 1.425531914893617 1.2340425531914894 1.9148936170212767 2.0
45 96.0 1.851063829787234 2.8085106382978724 1.8829787234042554 2.904255319148936 2.106382978723404 1.3404255319148937 2.1382978723404253 1.851063829787234 2.872340425531915 3.0
46 26.34961046636578 1.851063829787234 2.8085106382978724 1.8829787234042554 2.904255319148936 2.106382978723404 1.3404255319148937 2.1382978723404253 1.851063829787234 2.872340425531915 3.0
47 14.714833860137453 1.851063829787234 2.8085106382978724 1.8829787234042554 2.904255319148936 2.106382978723404 1.3404255319148937 2.1382978723404253 1.851063829787234 2.872340425531915 3.0
48 12.205951989650366 1.851063829787234 2.8085106382978724 1.8829787234042554 2.904255319148936 2.106382978723404 1.3404255319148937 2.1382978723404253 1.851063829787234 2.872340425531915 3.0
49 6.867332242225857 1.2340425531914894 1.872340425531915 1.2553191489361701 1.9361702127659575 1.4042553191489362 0.8936170212765957 1.425531914893617 1.2340425531914894 1.9148936170212767 2.0
