90 10
TREE NETWORK (nID nID Weight):
36 0 36
74 0 47
33 74 35
26 33 35
43 74 37
15 36 55
87 74 53
68 26 41
3 43 56
27 0 41
6 0 45
63 87 47
85 63 48
16 33 31
60 27 50
1 43 50
47 63 40
30 87 41
9 16 31
39 16 43
7 68 39
69 3 42
51 1 41
83 39 47
79 7 34
17 60 55
80 36 43
59 15 38
53 7 51
75 17 55
78 16 32
77 85 51
56 26 33
45 77 46
23 51 35
41 3 39
71 60 54
37 15 31
4 27 56
44 7 30
88 74 42
21 30 31
54 4 54
64 33 58
55 83 37
35 23 34
48 36 33
76 35 46
86 9 35
24 74 39
25 85 57
20 27 43
31 75 36
61 47 58
32 4 50
29 75 31
73 68 39
82 63 34
38 30 51
5 79 42
70 63 41
66 77 37
89 44 37
67 23 57
52 33 46
58 45 50
13 61 37
19 69 33
12 59 52
65 82 52
14 24 50
10 66 46
11 27 31
2 77 38
72 61 37
49 70 45
50 76 34
57 23 39
84 45 56
22 38 46
81 26 53
62 14 30
42 31 43
46 84 43
34 79 53
40 34 40
8 62 53
28 76 56
18 46 54
PROGRAMS ASSIGNED TO NODES (nID pID1 pID2 ...):
0 1 2 3 4 5 6 7 8 9 10
1 3 4 5 6 7 8 10
2 3 5 7 10
3 1 2 4 5 6 7 8 9 10
5 4 6 8
6 6
7 3 5 6 10
8 2 3 4 5 7 9 10
9 1 2 3 4 5 6 8 9 10
10 4
11 5 10
12 1 2 3 5 6 7 10
13 3 4 5 6 7 8 10
14 2 4
15 4
16 2 3 9
18 3 4 6 7 8
19 1 3 5 6 8 9
20 1 2 3 4 5 6 7 8 10
21 9
22 1 3 5 6 7 9
23 1 2 3 4 5 6 7 8 9
24 1 2 3 4 5 7 8 9 10
25 2 3 7 9
27 4 5 6 10
29 3 5 7 9
30 1 5 6 9 10
31 1 2 3 4 5 7 8 9 10
32 5 7
33 1 2 3 4 6 8 9
34 1 2 3 4 5 6 8 9 10
35 1 3 6
36 1 2 3 4 5 6 7 9 10
37 1 3 6 7
39 1 2 3 4 5 7 8 9 10
40 7 9 10
42 1 2 3 4 5 6 7 10
43 3 4 5 10
44 2 6 7 8 9 10
45 1 3 4 5 6 8 9
47 1 2 4 5 8 9
48 1 2 3 4 6 7 8 10
49 1 3 4 7
51 1 4 7 9 10
52 1 2 3 5 6 8 9 10
53 5
55 1 2 4 5 6 7 8 9 10
57 2 3 4 5 6 7 8 10
58 1
59 2 5 8
60 2 3 4 5 6
61 1 3 4 5 6 7 8 9 10
62 5 9
63 2 3 5 6 8
64 1 2 4 5 6 7 8 9 10
65 1 2 4 6 7
66 1 2 9
67 1 7 8 10
68 1 2 5 6 7 8 9
69 1 2 3 4 5 6 8 9 10
71 9
72 1 3 7
73 1 2 3 4 5 7 8 9 10
74 1 2 10
75 3 4 7 9
76 5 8 9 10
77 1 2 4 5 8 9
78 1 3 4 5 7 9 10
79 2 3 6
80 2 8 9
81 5 6
82 2 6 10
83 5 6 8 9 10
84 2 7 9
86 2 3 4 5 7 8 9 10
87 1 3 5 6 7 9
88 2 3 5 7 10
89 2 3 4 7 8 10
SIZE OF PROGRAMS (pID SIZE):
1 98.0
2 61.0
3 97.0
4 41.0
5 44.0
6 67.0
7 47.0
8 62.0
9 49.0
10 42.0
COST TO INSTALL SERVERS AND PROGRAMS ON NODES (COST_TO_INSTALL_SERVER COST_TO_INSTALL_pID1 ...):
0 2240.816326530612 2.0 1.2448979591836735 1.9795918367346939 0.8367346938775511 0.8979591836734694 1.3673469387755102 0.9591836734693877 1.2653061224489797 1.0 0.8571428571428571
1 11.38344448486698 2.0 1.2448979591836735 1.9795918367346939 0.8367346938775511 0.8979591836734694 1.3673469387755102 0.9591836734693877 1.2653061224489797 1.0 0.8571428571428571
2 15.708099767300276 3.0 1.8673469387755102 2.9693877551020407 1.2551020408163265 1.346938775510204 2.0510204081632653 1.4387755102040816 1.8979591836734695 1.5 1.2857142857142858
3 33.63398579568793 2.0 1.2448979591836735 1.9795918367346939 0.8367346938775511 0.8979591836734694 1.3673469387755102 0.9591836734693877 1.2653061224489797 1.0 0.8571428571428571
4 0.31763937282229976 3.0 1.8673469387755102 2.9693877551020407 1.2551020408163265 1.346938775510204 2.0510204081632653 1.4387755102040816 1.8979591836734695 1.5 1.2857142857142858
5 21.93188328462997 2.0 1.2448979591836735 1.9795918367346939 0.8367346938775511 0.8979591836734694 1.3673469387755102 0.9591836734693877 1.2653061224489797 1.0 0.8571428571428571
6 0.5758049886621317 3.0 1.8673469387755102 2.9693877551020407 1.2551020408163265 1.346938775510204 2.0510204081632653 1.4387755102040816 1.8979591836734695 1.5 1.2857142857142858
7 49.56599732488825 2.0 1.2448979591836735 1.9795918367346939 0.8367346938775511 0.8979591836734694 1.3673469387755102 0.9591836734693877 1.2653061224489797 1.0 0.8571428571428571
8 18.546565227913117 3.0 1.8673469387755102 2.9693877551020407 1.2551020408163265 1.346938775510204 2.0510204081632653 1.4387755102040816 1.8979591836734695 1.5 1.2857142857142858
9 29.163937284403996 3.0 1.8673469387755102 2.9693877551020407 1.2551020408163265 1.346938775510204 2.0510204081632653 1.4387755102040816 1.8979591836734695 1.5 1.2857142857142858
10 3.936531525708955 3.0 1.8673469387755102 2.9693877551020407 1.2551020408163265 1.346938775510204 2.0510204081632653 1.4387755102040816 1.8979591836734695 1.5 1.2857142857142858
11 1.4180975930891633 3.0 1.8673469387755102 2.9693877551020407 1.2551020408163265 1.346938775510204 2.0510204081632653 1.4387755102040816 1.8979591836734695 1.5 1.2857142857142858
12 13.778790733076447 2.0 1.2448979591836735 1.9795918367346939 0.8367346938775511 0.8979591836734694 1.3673469387755102 0.9591836734693877 1.2653061224489797 1.0 0.8571428571428571
13 51.83223877217279 2.0 1.2448979591836735 1.9795918367346939 0.8367346938775511 0.8979591836734694 1.3673469387755102 0.9591836734693877 1.2653061224489797 1.0 0.8571428571428571
14 18.606108721066168 2.0 1.2448979591836735 1.9795918367346939 0.8367346938775511 0.8979591836734694 1.3673469387755102 0.9591836734693877 1.2653061224489797 1.0 0.8571428571428571
15 10.29500309214595 3.0 1.8673469387755102 2.9693877551020407 1.2551020408163265 1.346938775510204 2.0510204081632653 1.4387755102040816 1.8979591836734695 1.5 1.2857142857142858
16 45.35582775494925 2.0 1.2448979591836735 1.9795918367346939 0.8367346938775511 0.8979591836734694 1.3673469387755102 0.9591836734693877 1.2653061224489797 1.0 0.8571428571428571
17 21.67377722562519 2.0 1.2448979591836735 1.9795918367346939 0.8367346938775511 0.8979591836734694 1.3673469387755102 0.9591836734693877 1.2653061224489797 1.0 0.8571428571428571
18 32.380412297723815 2.0 1.2448979591836735 1.9795918367346939 0.8367346938775511 0.8979591836734694 1.3673469387755102 0.9591836734693877 1.2653061224489797 1.0 0.8571428571428571
19 18.442241110950402 2.0 1.2448979591836735 1.9795918367346939 0.8367346938775511 0.8979591836734694 1.3673469387755102 0.9591836734693877 1.2653061224489797 1.0 0.8571428571428571
20 6.665331010452959 3.0 1.8673469387755102 2.9693877551020407 1.2551020408163265 1.346938775510204 2.0510204081632653 1.4387755102040816 1.8979591836734695 1.5 1.2857142857142858
21 2.594278884708791 3.0 1.8673469387755102 2.9693877551020407 1.2551020408163265 1.346938775510204 2.0510204081632653 1.4387755102040816 1.8979591836734695 1.5 1.2857142857142858
22 39.759864746969576 2.0 1.2448979591836735 1.9795918367346939 0.8367346938775511 0.8979591836734694 1.3673469387755102 0.9591836734693877 1.2653061224489797 1.0 0.8571428571428571
23 36.57768169662364 3.0 1.8673469387755102 2.9693877551020407 1.2551020408163265 1.346938775510204 2.0510204081632653 1.4387755102040816 1.8979591836734695 1.5 1.2857142857142858
24 7.939087811884164 3.0 1.8673469387755102 2.9693877551020407 1.2551020408163265 1.346938775510204 2.0510204081632653 1.4387755102040816 1.8979591836734695 1.5 1.2857142857142858
25 6.0495291049927955 2.0 1.2448979591836735 1.9795918367346939 0.8367346938775511 0.8979591836734694 1.3673469387755102 0.9591836734693877 1.2653061224489797 1.0 0.8571428571428571
26 35.14438242608456 3.0 1.8673469387755102 2.9693877551020407 1.2551020408163265 1.346938775510204 2.0510204081632653 1.4387755102040816 1.8979591836734695 1.5 1.2857142857142858
27 103.0 3.0 1.8673469387755102 2.9693877551020407 1.2551020408163265 1.346938775510204 2.0510204081632653 1.4387755102040816 1.8979591836734695 1.5 1.2857142857142858
28 91.0 2.0 1.2448979591836735 1.9795918367346939 0.8367346938775511 0.8979591836734694 1.3673469387755102 0.9591836734693877 1.2653061224489797 1.0 0.8571428571428571
29 6.584128865851469 2.0 1.2448979591836735 1.9795918367346939 0.8367346938775511 0.8979591836734694 1.3673469387755102 0.9591836734693877 1.2653061224489797 1.0 0.8571428571428571
30 17.69737830705223 3.0 1.8673469387755102 2.9693877551020407 1.2551020408163265 1.346938775510204 2.0510204081632653 1.4387755102040816 1.8979591836734695 1.5 1.2857142857142858
31 18.519319429875022 3.0 1.8673469387755102 2.9693877551020407 1.2551020408163265 1.346938775510204 2.0510204081632653 1.4387755102040816 1.8979591836734695 1.5 1.2857142857142858
32 2.7828379790940763 3.0 1.8673469387755102 2.9693877551020407 1.2551020408163265 1.346938775510204 2.0510204081632653 1.4387755102040816 1.8979591836734695 1.5 1.2857142857142858
33 12.014318083132677 3.0 1.8673469387755102 2.9693877551020407 1.2551020408163265 1.346938775510204 2.0510204081632653 1.4387755102040816 1.8979591836734695 1.5 1.2857142857142858
34 88.9956771254012 2.0 1.2448979591836735 1.9795918367346939 0.8367346938775511 0.8979591836734694 1.3673469387755102 0.9591836734693877 1.2653061224489797 1.0 0.8571428571428571
35 50.97651885133917 3.0 1.8673469387755102 2.9693877551020407 1.2551020408163265 1.346938775510204 2.0510204081632653 1.4387755102040816 1.8979591836734695 1.5 1.2857142857142858
36 2.5662337662337658 2.0 1.2448979591836735 1.9795918367346939 0.8367346938775511 0.8979591836734694 1.3673469387755102 0.9591836734693877 1.2653061224489797 1.0 0.8571428571428571
37 13.23906607217667 3.0 1.8673469387755102 2.9693877551020407 1.2551020408163265 1.346938775510204 2.0510204081632653 1.4387755102040816 1.8979591836734695 1.5 1.2857142857142858
38 7.686373952112885 2.0 1.2448979591836735 1.9795918367346939 0.8367346938775511 0.8979591836734694 1.3673469387755102 0.9591836734693877 1.2653061224489797 1.0 0.8571428571428571
39 57.75618596631946 2.0 1.2448979591836735 1.9795918367346939 0.8367346938775511 0.8979591836734694 1.3673469387755102 0.9591836734693877 1.2653061224489797 1.0 0.8571428571428571
40 13.76235865355095 2.0 1.2448979591836735 1.9795918367346939 0.8367346938775511 0.8979591836734694 1.3673469387755102 0.9591836734693877 1.2653061224489797 1.0 0.8571428571428571
41 42.0 2.0 1.2448979591836735 1.9795918367346939 0.8367346938775511 0.8979591836734694 1.3673469387755102 0.9591836734693877 1.2653061224489797 1.0 0.8571428571428571
42 65.81155843401014 2.0 1.2448979591836735 1.9795918367346939 0.8367346938775511 0.8979591836734694 1.3673469387755102 0.9591836734693877 1.2653061224489797 1.0 0.8571428571428571
43 8.116160845644131 3.0 1.8673469387755102 2.9693877551020407 1.2551020408163265 1.346938775510204 2.0510204081632653 1.4387755102040816 1.8979591836734695 1.5 1.2857142857142858
44 56.364997496113205 2.0 1.2448979591836735 1.9795918367346939 0.8367346938775511 0.8979591836734694 1.3673469387755102 0.9591836734693877 1.2653061224489797 1.0 0.8571428571428571
45 57.895062238411846 3.0 1.8673469387755102 2.9693877551020407 1.2551020408163265 1.346938775510204 2.0510204081632653 1.4387755102040816 1.8979591836734695 1.5 1.2857142857142858
46 51.35377223387355 2.0 1.2448979591836735 1.9795918367346939 0.8367346938775511 0.8979591836734694 1.3673469387755102 0.9591836734693877 1.2653061224489797 1.0 0.8571428571428571
47 28.687789169023336 3.0 1.8673469387755102 2.9693877551020407 1.2551020408163265 1.346938775510204 2.0510204081632653 1.4387755102040816 1.8979591836734695 1.5 1.2857142857142858
48 8.959329691472549 3.0 1.8673469387755102 2.9693877551020407 1.2551020408163265 1.346938775510204 2.0510204081632653 1.4387755102040816 1.8979591836734695 1.5 1.2857142857142858
49 19.719214596139924 3.0 1.8673469387755102 2.9693877551020407 1.2551020408163265 1.346938775510204 2.0510204081632653 1.4387755102040816 1.8979591836734695 1.5 1.2857142857142858
50 10.0 2.0 1.2448979591836735 1.9795918367346939 0.8367346938775511 0.8979591836734694 1.3673469387755102 0.9591836734693877 1.2653061224489797 1.0 0.8571428571428571
51 28.480790557395803 3.0 1.8673469387755102 2.9693877551020407 1.2551020408163265 1.346938775510204 2.0510204081632653 1.4387755102040816 1.8979591836734695 1.5 1.2857142857142858
52 25.72597305342118 2.0 1.2448979591836735 1.9795918367346939 0.8367346938775511 0.8979591836734694 1.3673469387755102 0.9591836734693877 1.2653061224489797 1.0 0.8571428571428571
53 4.493294161063891 2.0 1.2448979591836735 1.9795918367346939 0.8367346938775511 0.8979591836734694 1.3673469387755102 0.9591836734693877 1.2653061224489797 1.0 0.8571428571428571
54 23.0 3.0 1.8673469387755102 2.9693877551020407 1.2551020408163265 1.346938775510204 2.0510204081632653 1.4387755102040816 1.8979591836734695 1.5 1.2857142857142858
55 34.04725606563884 2.0 1.2448979591836735 1.9795918367346939 0.8367346938775511 0.8979591836734694 1.3673469387755102 0.9591836734693877 1.2653061224489797 1.0 0.8571428571428571
56 102.0 3.0 1.8673469387755102 2.9693877551020407 1.2551020408163265 1.346938775510204 2.0510204081632653 1.4387755102040816 1.8979591836734695 1.5 1.2857142857142858
57 45.86767572632026 3.0 1.8673469387755102 2.9693877551020407 1.2551020408163265 1.346938775510204 2.0510204081632653 1.4387755102040816 1.8979591836734695 1.5 1.2857142857142858
58 3.3218818339372125 3.0 1.8673469387755102 2.9693877551020407 1.2551020408163265 1.346938775510204 2.0510204081632653 1.4387755102040816 1.8979591836734695 1.5 1.2857142857142858
59 31.942140620912546 2.0 1.2448979591836735 1.9795918367346939 0.8367346938775511 0.8979591836734694 1.3673469387755102 0.9591836734693877 1.2653061224489797 1.0 0.8571428571428571
60 17.62988153310104 2.0 1.2448979591836735 1.9795918367346939 0.8367346938775511 0.8979591836734694 1.3673469387755102 0.9591836734693877 1.2653061224489797 1.0 0.8571428571428571
61 23.975092191142164 3.0 1.8673469387755102 2.9693877551020407 1.2551020408163265 1.346938775510204 2.0510204081632653 1.4387755102040816 1.8979591836734695 1.5 1.2857142857142858
62 9.126031063161763 2.0 1.2448979591836735 1.9795918367346939 0.8367346938775511 0.8979591836734694 1.3673469387755102 0.9591836734693877 1.2653061224489797 1.0 0.8571428571428571
63 16.54835359055122 2.0 1.2448979591836735 1.9795918367346939 0.8367346938775511 0.8979591836734694 1.3673469387755102 0.9591836734693877 1.2653061224489797 1.0 0.8571428571428571
64 28.62493658945603 2.0 1.2448979591836735 1.9795918367346939 0.8367346938775511 0.8979591836734694 1.3673469387755102 0.9591836734693877 1.2653061224489797 1.0 0.8571428571428571
65 13.137517316162793 2.0 1.2448979591836735 1.9795918367346939 0.8367346938775511 0.8979591836734694 1.3673469387755102 0.9591836734693877 1.2653061224489797 1.0 0.8571428571428571
66 7.341297473913778 3.0 1.8673469387755102 2.9693877551020407 1.2551020408163265 1.346938775510204 2.0510204081632653 1.4387755102040816 1.8979591836734695 1.5 1.2857142857142858
67 24.246927530269232 3.0 1.8673469387755102 2.9693877551020407 1.2551020408163265 1.346938775510204 2.0510204081632653 1.4387755102040816 1.8979591836734695 1.5 1.2857142857142858
68 33.24826967235448 2.0 1.2448979591836735 1.9795918367346939 0.8367346938775511 0.8979591836734694 1.3673469387755102 0.9591836734693877 1.2653061224489797 1.0 0.8571428571428571
69 33.29986298717303 3.0 1.8673469387755102 2.9693877551020407 1.2551020408163265 1.346938775510204 2.0510204081632653 1.4387755102040816 1.8979591836734695 1.5 1.2857142857142858
70 20.360015118638145 2.0 1.2448979591836735 1.9795918367346939 0.8367346938775511 0.8979591836734694 1.3673469387755102 0.9591836734693877 1.2653061224489797 1.0 0.8571428571428571
71 0.47475880758807576 3.0 1.8673469387755102 2.9693877551020407 1.2551020408163265 1.346938775510204 2.0510204081632653 1.4387755102040816 1.8979591836734695 1.5 1.2857142857142858
72 28.022493344700216 2.0 1.2448979591836735 1.9795918367346939 0.8367346938775511 0.8979591836734694 1.3673469387755102 0.9591836734693877 1.2653061224489797 1.0 0.8571428571428571
73 23.38040980345673 2.0 1.2448979591836735 1.9795918367346939 0.8367346938775511 0.8979591836734694 1.3673469387755102 0.9591836734693877 1.2653061224489797 1.0 0.8571428571428571
74 0.5904077685232676 2.0 1.2448979591836735 1.9795918367346939 0.8367346938775511 0.8979591836734694 1.3673469387755102 0.9591836734693877 1.2653061224489797 1.0 0.8571428571428571
75 11.007058780940314 2.0 1.2448979591836735 1.9795918367346939 0.8367346938775511 0.8979591836734694 1.3673469387755102 0.9591836734693877 1.2653061224489797 1.0 0.8571428571428571
76 25.14183953507226 3.0 1.8673469387755102 2.9693877551020407 1.2551020408163265 1.346938775510204 2.0510204081632653 1.4387755102040816 1.8979591836734695 1.5 1.2857142857142858
77 23.861616909820025 2.0 1.2448979591836735 1.9795918367346939 0.8367346938775511 0.8979591836734694 1.3673469387755102 0.9591836734693877 1.2653061224489797 1.0 0.8571428571428571
78 16.51219897696553 2.0 1.2448979591836735 1.9795918367346939 0.8367346938775511 0.8979591836734694 1.3673469387755102 0.9591836734693877 1.2653061224489797 1.0 0.8571428571428571
79 63.05904545323051 2.0 1.2448979591836735 1.9795918367346939 0.8367346938775511 0.8979591836734694 1.3673469387755102 0.9591836734693877 1.2653061224489797 1.0 0.8571428571428571
80 5.530952380952382 2.0 1.2448979591836735 1.9795918367346939 0.8367346938775511 0.8979591836734694 1.3673469387755102 0.9591836734693877 1.2653061224489797 1.0 0.8571428571428571
81 5.404608754782522 2.0 1.2448979591836735 1.9795918367346939 0.8367346938775511 0.8979591836734694 1.3673469387755102 0.9591836734693877 1.2653061224489797 1.0 0.8571428571428571
82 15.61951234356219 3.0 1.8673469387755102 2.9693877551020407 1.2551020408163265 1.346938775510204 2.0510204081632653 1.4387755102040816 1.8979591836734695 1.5 1.2857142857142858
83 39.25553248494495 3.0 1.8673469387755102 2.9693877551020407 1.2551020408163265 1.346938775510204 2.0510204081632653 1.4387755102040816 1.8979591836734695 1.5 1.2857142857142858
84 14.099652016218148 3.0 1.8673469387755102 2.9693877551020407 1.2551020408163265 1.346938775510204 2.0510204081632653 1.4387755102040816 1.8979591836734695 1.5 1.2857142857142858
85 18.117588389320918 2.0 1.2448979591836735 1.9795918367346939 0.8367346938775511 0.8979591836734694 1.3673469387755102 0.9591836734693877 1.2653061224489797 1.0 0.8571428571428571
86 22.314965768508273 2.0 1.2448979591836735 1.9795918367346939 0.8367346938775511 0.8979591836734694 1.3673469387755102 0.9591836734693877 1.2653061224489797 1.0 0.8571428571428571
87 4.690793796442704 2.0 1.2448979591836735 1.9795918367346939 0.8367346938775511 0.8979591836734694 1.3673469387755102 0.9591836734693877 1.2653061224489797 1.0 0.8571428571428571
88 1.9655521783181364 3.0 1.8673469387755102 2.9693877551020407 1.2551020408163265 1.346938775510204 2.0510204081632653 1.4387755102040816 1.8979591836734695 1.5 1.2857142857142858
89 59.7830364317502 2.0 1.2448979591836735 1.9795918367346939 0.8367346938775511 0.8979591836734694 1.3673469387755102 0.9591836734693877 1.2653061224489797 1.0 0.8571428571428571
