90 20
TREE NETWORK (nID nID Weight):
7 0 37
11 0 30
39 0 41
84 39 55
2 84 52
78 39 34
36 2 34
12 78 57
54 78 52
88 54 59
23 88 59
40 84 40
13 39 44
20 13 58
45 0 37
58 7 44
77 23 43
80 39 47
69 45 54
24 36 43
53 78 33
76 12 51
81 58 32
42 84 31
22 80 45
61 40 42
51 61 42
57 13 50
86 40 46
68 13 49
67 22 58
25 45 36
5 54 34
48 0 50
30 11 41
1 77 58
70 48 41
64 77 35
9 77 31
18 7 41
85 25 44
41 22 31
4 58 55
27 84 52
47 84 45
65 58 46
38 68 50
35 47 35
50 23 37
55 67 30
63 55 49
37 57 32
49 65 33
62 24 50
17 30 49
15 64 42
79 0 39
56 20 54
33 9 37
3 37 45
74 51 32
71 85 41
19 51 33
16 41 38
52 53 48
66 63 42
34 18 33
6 78 50
8 65 54
21 11 36
31 22 39
43 50 36
73 38 42
89 31 53
28 53 49
82 55 40
87 37 52
75 23 55
44 84 46
60 62 48
46 42 45
29 67 59
26 78 54
72 46 57
32 48 52
10 75 30
83 64 37
59 83 46
14 2 33
PROGRAMS ASSIGNED TO NODES (nID pID1 pID2 ...):
0 1 2 3 4 5 6 7 8 9 10 11 12 13 14 15 16 17 18 19 20
1 1 3 4 5 6 7 8 9 10 12 13 14 15 16 17 18 19 20
2 2 18 3 20 5 6 7 9 10 11 13 15
3 20 7
4 16 17 18 2 3 4 6 8 9 12 13 14
5 1 2 4 5 6 7 8 10 11 15
6 1 20 5 8
7 16 1 2 19 5 7 9 13 15
8 16 17 19 5 10 13
9 1 2 3 4 6 7 8 9 10 12 13 16 19
10 16 18 19 3 20 4 7 9 10 14 15
11 16 1 2 4 5 10 12 14
12 2 3 4 5 6 7 8 9 10 11 12 13 14 15 16 17 18 19
13 1 2 3 4 5 6 8 9 10 12 14 15 16 17 19 20
14 6 9 15
15 1 2 4 5 6 7 8 10 11 12 13 15 16 17 18 19 20
16 1 2 3 5 6 7 8 13 14 15 16 18 19 20
17 1 2 4 5 6 7 8 9 11 12 14 15 16 17 18 19
18 16 18 19 20 4 5 9 10 13
19 1 2 3 4 5 6 7 9 10 11 13 14 15 16 17 18 19 20
20 17 2 3 4 7 8 9 15
21 2 3 4 5 6 7 8 9 10 11 13 15 17 18 20
22 1 18 3 19 5 6 7 9 11 14 15
23 1 2 6 7 8 10 11 13 15 17 18 19 20
24 17 18 19 5 10 11
25 16 18 19 5 7 14
26 1 2 4 6 7 8 9 10 11 12 13 14 17 18 19 20
27 18 5 10 11 14
28 1 2 3 4 5 6 7 8 9 11 12 13 14 15 16 18 20
29 12
30 16 19 20 4 8 11 13
31 17 10 13
32 17 1 18 19 20 4 5 6 9 10 11 13
33 1 3 4 7 8 9 13 14 15 16 17 18 20
34 2 3 4 5 6 7 8 9 10 11 12 13 14 15 16 17 18 19 20
36 1 13 14
37 1 2 3 4 6 9 11 13 15 17 18 19 20
38 1 2 3 4 5 7 8 10 11 12 13 14 15 16 17 18 19
39 2 3 4 5 6 9 10 11 12 14 15 16 17 20
40 17 18 3 19 20 4 5 7 9 11 12 14
41 1 18 19 4 6 7 8 9 12 13
42 1 18 7 14
43 4 13
44 1 2 18 3 19 20 5 7 9 12 15
45 18 7 13 15
46 16 1 9
47 1 2 3 4 6 7 8 9 10 11 12 14 15 16 18 19 20
48 17 18 20 5 6 7 8 14 15
49 16 18 2 3 19 5 7 9 14
50 1 3 4 5 6 8 10 11 12 14 15 16 17 18 19 20
51 1 2 3 4 5 7 8 9 10 11 13 14 15 16 17 18 19 20
52 1 3 4 7 8 9 10 11 12 13 14 16 17 20
53 17 20 5 14
54 1 2 4 5 6 7 9 11 13 16 17 19 20
55 1 2 3 4 5 6 7 8 9 10 11 12 13 14 15 16 17 19 20
56 16 17 18 3 19 20 5 9 10 11 14
57 1 3 5 7 8 9 11 12 13 14 15 16 17 18 20
58 19 20 5 8 14 15
59 19 5 9 10 14 15
60 18 20 9 12
61 1 2 3 4 6 7 8 9 10 11 12 13 14 15 16 17 18 19 20
62 11 12
63 20 8
64 1 18 2 19 20 4 5 6 7 8 10 14
65 2 5
66 2 3 4 5 6 7 8 9 10 11 12 13 14 15 16 17 18 19 20
67 1 17 3 10 11
68 18 2 20 5 6 8 10 13 14
69 5 8 10 12
70 20
71 3 5 6 7 8 9 10 11 12 13 14 16 17 18 19 20
72 1 2 5 6 10 11 12 13 14 16 17 18 20
73 1 17 2 4 8 9 10 11 14
74 1 2 4 5 7 10 12 14 15 16 17 18 19
75 17 2 8 11 14
76 1 18 20 4 6 7 8 9 10 12
77 6
78 1 2 4 5 6 7 9 10 11 12 13 14 15 19
79 19
80 1 3 4 5 6 7 8 10 11 12 13 14 15 16 17 18
81 19 4 5 6 8 9 15
82 17 2 18 19 20 5 6 8 10 11 12 15
83 1 2 3 6 7 8 9 10 11 12 15 16 17 20
84 16 1 2 18 4 5 6 8 12 14 15
85 1 2 3 4 6 7 9 10 11 12 13 14 16 17 18 19 20
86 1 4 20 12
87 2 6 7 8 9 11 13 14 15 16 17 18 19
88 1 18 8 14
SIZE OF PROGRAMS (pID SIZE):
1 77.0
2 74.0
3 54.0
4 73.0
5 95.0
6 99.0
7 84.0
8 68.0
9 89.0
10 68.0
11 53.0
12 48.0
13 80.0
14 42.0
15 83.0
16 79.0
17 91.0
18 56.0
19 66.0
20 66.0
COST TO INSTALL SERVERS AND PROGRAMS ON NODES (COST_TO_INSTALL_SERVER COST_TO_INSTALL_pID1 ...):
0 5378.787878787879 2.3333333333333335 2.242424242424242 1.6363636363636365 2.212121212121212 2.878787878787879 3.0 2.5454545454545454 2.0606060606060606 2.696969696969697 2.0606060606060606 1.606060606060606 1.4545454545454546 2.4242424242424243 1.2727272727272727 2.515151515151515 2.393939393939394 2.757575757575758 1.696969696969697 2.0 2.0
1 86.9352890848797 2.3333333333333335 2.242424242424242 1.6363636363636365 2.212121212121212 2.878787878787879 3.0 2.5454545454545454 2.0606060606060606 2.696969696969697 2.0606060606060606 1.606060606060606 1.4545454545454546 2.4242424242424243 1.2727272727272727 2.515151515151515 2.393939393939394 2.757575757575758 1.696969696969697 2.0 2.0
2 33.01354144951707 2.3333333333333335 2.242424242424242 1.6363636363636365 2.212121212121212 2.878787878787879 3.0 2.5454545454545454 2.0606060606060606 2.696969696969697 2.0606060606060606 1.606060606060606 1.4545454545454546 2.4242424242424243 1.2727272727272727 2.515151515151515 2.393939393939394 2.757575757575758 1.696969696969697 2.0 2.0
3 4.517447339246119 1.5555555555555556 1.494949494949495 1.0909090909090908 1.4747474747474747 1.9191919191919191 2.0 1.696969696969697 1.3737373737373737 1.797979797979798 1.3737373737373737 1.0707070707070707 0.9696969696969697 1.6161616161616161 0.8484848484848485 1.6767676767676767 1.595959595959596 1.8383838383838385 1.1313131313131313 1.3333333333333333 1.3333333333333333
4 24.446164241164258 2.3333333333333335 2.242424242424242 1.6363636363636365 2.212121212121212 2.878787878787879 3.0 2.5454545454545454 2.0606060606060606 2.696969696969697 2.0606060606060606 1.606060606060606 1.4545454545454546 2.4242424242424243 1.2727272727272727 2.515151515151515 2.393939393939394 2.757575757575758 1.696969696969697 2.0 2.0
5 67.51265048372784 2.3333333333333335 2.242424242424242 1.6363636363636365 2.212121212121212 2.878787878787879 3.0 2.5454545454545454 2.0606060606060606 2.696969696969697 2.0606060606060606 1.606060606060606 1.4545454545454546 2.4242424242424243 1.2727272727272727 2.515151515151515 2.393939393939394 2.757575757575758 1.696969696969697 2.0 2.0
6 11.481117516629714 1.5555555555555556 1.494949494949495 1.0909090909090908 1.4747474747474747 1.9191919191919191 2.0 1.696969696969697 1.3737373737373737 1.797979797979798 1.3737373737373737 1.0707070707070707 0.9696969696969697 1.6161616161616161 0.8484848484848485 1.6767676767676767 1.595959595959596 1.8383838383838385 1.1313131313131313 1.3333333333333333 1.3333333333333333
7 17.0 2.3333333333333335 2.242424242424242 1.6363636363636365 2.212121212121212 2.878787878787879 3.0 2.5454545454545454 2.0606060606060606 2.696969696969697 2.0606060606060606 1.606060606060606 1.4545454545454546 2.4242424242424243 1.2727272727272727 2.515151515151515 2.393939393939394 2.757575757575758 1.696969696969697 2.0 2.0
8 33.91665512208991 1.5555555555555556 1.494949494949495 1.0909090909090908 1.4747474747474747 1.9191919191919191 2.0 1.696969696969697 1.3737373737373737 1.797979797979798 1.3737373737373737 1.0707070707070707 0.9696969696969697 1.6161616161616161 0.8484848484848485 1.6767676767676767 1.595959595959596 1.8383838383838385 1.1313131313131313 1.3333333333333333 1.3333333333333333
9 186.72280798539907 2.3333333333333335 2.242424242424242 1.6363636363636365 2.212121212121212 2.878787878787879 3.0 2.5454545454545454 2.0606060606060606 2.696969696969697 2.0606060606060606 1.606060606060606 1.4545454545454546 2.4242424242424243 1.2727272727272727 2.515151515151515 2.393939393939394 2.757575757575758 1.696969696969697 2.0 2.0
10 31.519680846028624 1.5555555555555556 1.494949494949495 1.0909090909090908 1.4747474747474747 1.9191919191919191 2.0 1.696969696969697 1.3737373737373737 1.797979797979798 1.3737373737373737 1.0707070707070707 0.9696969696969697 1.6161616161616161 0.8484848484848485 1.6767676767676767 1.595959595959596 1.8383838383838385 1.1313131313131313 1.3333333333333333 1.3333333333333333
11 3.1902597402597377 2.3333333333333335 2.242424242424242 1.6363636363636365 2.212121212121212 2.878787878787879 3.0 2.5454545454545454 2.0606060606060606 2.696969696969697 2.0606060606060606 1.606060606060606 1.4545454545454546 2.4242424242424243 1.2727272727272727 2.515151515151515 2.393939393939394 2.757575757575758 1.696969696969697 2.0 2.0
12 71.45069482649716 2.3333333333333335 2.242424242424242 1.6363636363636365 2.212121212121212 2.878787878787879 3.0 2.5454545454545454 2.0606060606060606 2.696969696969697 2.0606060606060606 1.606060606060606 1.4545454545454546 2.4242424242424243 1.2727272727272727 2.515151515151515 2.393939393939394 2.757575757575758 1.696969696969697 2.0 2.0
13 30.188292624268232 1.5555555555555556 1.494949494949495 1.0909090909090908 1.4747474747474747 1.9191919191919191 2.0 1.696969696969697 1.3737373737373737 1.797979797979798 1.3737373737373737 1.0707070707070707 0.9696969696969697 1.6161616161616161 0.8484848484848485 1.6767676767676767 1.595959595959596 1.8383838383838385 1.1313131313131313 1.3333333333333333 1.3333333333333333
14 20.460238074933198 1.5555555555555556 1.494949494949495 1.0909090909090908 1.4747474747474747 1.9191919191919191 2.0 1.696969696969697 1.3737373737373737 1.797979797979798 1.3737373737373737 1.0707070707070707 0.9696969696969697 1.6161616161616161 0.8484848484848485 1.6767676767676767 1.595959595959596 1.8383838383838385 1.1313131313131313 1.3333333333333333 1.3333333333333333
15 197.761579790521 1.5555555555555556 1.494949494949495 1.0909090909090908 1.4747474747474747 1.9191919191919191 2.0 1.696969696969697 1.3737373737373737 1.797979797979798 1.3737373737373737 1.0707070707070707 0.9696969696969697 1.6161616161616161 0.8484848484848485 1.6767676767676767 1.595959595959596 1.8383838383838385 1.1313131313131313 1.3333333333333333 1.3333333333333333
16 88.53440663152432 2.3333333333333335 2.242424242424242 1.6363636363636365 2.212121212121212 2.878787878787879 3.0 2.5454545454545454 2.0606060606060606 2.696969696969697 2.0606060606060606 1.606060606060606 1.4545454545454546 2.4242424242424243 1.2727272727272727 2.515151515151515 2.393939393939394 2.757575757575758 1.696969696969697 2.0 2.0
17 44.519671575947456 1.5555555555555556 1.494949494949495 1.0909090909090908 1.4747474747474747 1.9191919191919191 2.0 1.696969696969697 1.3737373737373737 1.797979797979798 1.3737373737373737 1.0707070707070707 0.9696969696969697 1.6161616161616161 0.8484848484848485 1.6767676767676767 1.595959595959596 1.8383838383838385 1.1313131313131313 1.3333333333333333 1.3333333333333333
18 18.774782765026682 2.3333333333333335 2.242424242424242 1.6363636363636365 2.212121212121212 2.878787878787879 3.0 2.5454545454545454 2.0606060606060606 2.696969696969697 2.0606060606060606 1.606060606060606 1.4545454545454546 2.4242424242424243 1.2727272727272727 2.515151515151515 2.393939393939394 2.757575757575758 1.696969696969697 2.0 2.0
19 111.30094661542994 1.5555555555555556 1.494949494949495 1.0909090909090908 1.4747474747474747 1.9191919191919191 2.0 1.696969696969697 1.3737373737373737 1.797979797979798 1.3737373737373737 1.0707070707070707 0.9696969696969697 1.6161616161616161 0.8484848484848485 1.6767676767676767 1.595959595959596 1.8383838383838385 1.1313131313131313 1.3333333333333333 1.3333333333333333
20 43.65781678907513 2.3333333333333335 2.242424242424242 1.6363636363636365 2.212121212121212 2.878787878787879 3.0 2.5454545454545454 2.0606060606060606 2.696969696969697 2.0606060606060606 1.606060606060606 1.4545454545454546 2.4242424242424243 1.2727272727272727 2.515151515151515 2.393939393939394 2.757575757575758 1.696969696969697 2.0 2.0
21 36.65083333333332 2.3333333333333335 2.242424242424242 1.6363636363636365 2.212121212121212 2.878787878787879 3.0 2.5454545454545454 2.0606060606060606 2.696969696969697 2.0606060606060606 1.606060606060606 1.4545454545454546 2.4242424242424243 1.2727272727272727 2.515151515151515 2.393939393939394 2.757575757575758 1.696969696969697 2.0 2.0
22 50.204236223904104 1.5555555555555556 1.494949494949495 1.0909090909090908 1.4747474747474747 1.9191919191919191 2.0 1.696969696969697 1.3737373737373737 1.797979797979798 1.3737373737373737 1.0707070707070707 0.9696969696969697 1.6161616161616161 0.8484848484848485 1.6767676767676767 1.595959595959596 1.8383838383838385 1.1313131313131313 1.3333333333333333 1.3333333333333333
23 96.491138546585 2.3333333333333335 2.242424242424242 1.6363636363636365 2.212121212121212 2.878787878787879 3.0 2.5454545454545454 2.0606060606060606 2.696969696969697 2.0606060606060606 1.606060606060606 1.4545454545454546 2.4242424242424243 1.2727272727272727 2.515151515151515 2.393939393939394 2.757575757575758 1.696969696969697 2.0 2.0
24 21.27751358092154 2.3333333333333335 2.242424242424242 1.6363636363636365 2.212121212121212 2.878787878787879 3.0 2.5454545454545454 2.0606060606060606 2.696969696969697 2.0606060606060606 1.606060606060606 1.4545454545454546 2.4242424242424243 1.2727272727272727 2.515151515151515 2.393939393939394 2.757575757575758 1.696969696969697 2.0 2.0
25 10.011425061425063 2.3333333333333335 2.242424242424242 1.6363636363636365 2.212121212121212 2.878787878787879 3.0 2.5454545454545454 2.0606060606060606 2.696969696969697 2.0606060606060606 1.606060606060606 1.4545454545454546 2.4242424242424243 1.2727272727272727 2.515151515151515 2.393939393939394 2.757575757575758 1.696969696969697 2.0 2.0
26 36.716866018613004 2.3333333333333335 2.242424242424242 1.6363636363636365 2.212121212121212 2.878787878787879 3.0 2.5454545454545454 2.0606060606060606 2.696969696969697 2.0606060606060606 1.606060606060606 1.4545454545454546 2.4242424242424243 1.2727272727272727 2.515151515151515 2.393939393939394 2.757575757575758 1.696969696969697 2.0 2.0
27 6.09590552175918 1.5555555555555556 1.494949494949495 1.0909090909090908 1.4747474747474747 1.9191919191919191 2.0 1.696969696969697 1.3737373737373737 1.797979797979798 1.3737373737373737 1.0707070707070707 0.9696969696969697 1.6161616161616161 0.8484848484848485 1.6767676767676767 1.595959595959596 1.8383838383838385 1.1313131313131313 1.3333333333333333 1.3333333333333333
28 77.45892828676186 2.3333333333333335 2.242424242424242 1.6363636363636365 2.212121212121212 2.878787878787879 3.0 2.5454545454545454 2.0606060606060606 2.696969696969697 2.0606060606060606 1.606060606060606 1.4545454545454546 2.4242424242424243 1.2727272727272727 2.515151515151515 2.393939393939394 2.757575757575758 1.696969696969697 2.0 2.0
29 1.0335825132340248 2.3333333333333335 2.242424242424242 1.6363636363636365 2.212121212121212 2.878787878787879 3.0 2.5454545454545454 2.0606060606060606 2.696969696969697 2.0606060606060606 1.606060606060606 1.4545454545454546 2.4242424242424243 1.2727272727272727 2.515151515151515 2.393939393939394 2.757575757575758 1.696969696969697 2.0 2.0
30 39.52325475551406 2.3333333333333335 2.242424242424242 1.6363636363636365 2.212121212121212 2.878787878787879 3.0 2.5454545454545454 2.0606060606060606 2.696969696969697 2.0606060606060606 1.606060606060606 1.4545454545454546 2.4242424242424243 1.2727272727272727 2.515151515151515 2.393939393939394 2.757575757575758 1.696969696969697 2.0 2.0
31 14.02032646935605 1.5555555555555556 1.494949494949495 1.0909090909090908 1.4747474747474747 1.9191919191919191 2.0 1.696969696969697 1.3737373737373737 1.797979797979798 1.3737373737373737 1.0707070707070707 0.9696969696969697 1.6161616161616161 0.8484848484848485 1.6767676767676767 1.595959595959596 1.8383838383838385 1.1313131313131313 1.3333333333333333 1.3333333333333333
32 17.23960749506905 1.5555555555555556 1.494949494949495 1.0909090909090908 1.4747474747474747 1.9191919191919191 2.0 1.696969696969697 1.3737373737373737 1.797979797979798 1.3737373737373737 1.0707070707070707 0.9696969696969697 1.6161616161616161 0.8484848484848485 1.6767676767676767 1.595959595959596 1.8383838383838385 1.1313131313131313 1.3333333333333333 1.3333333333333333
33 150.3407494868305 1.5555555555555556 1.494949494949495 1.0909090909090908 1.4747474747474747 1.9191919191919191 2.0 1.696969696969697 1.3737373737373737 1.797979797979798 1.3737373737373737 1.0707070707070707 0.9696969696969697 1.6161616161616161 0.8484848484848485 1.6767676767676767 1.595959595959596 1.8383838383838385 1.1313131313131313 1.3333333333333333 1.3333333333333333
34 77.37270929466052 2.3333333333333335 2.242424242424242 1.6363636363636365 2.212121212121212 2.878787878787879 3.0 2.5454545454545454 2.0606060606060606 2.696969696969697 2.0606060606060606 1.606060606060606 1.4545454545454546 2.4242424242424243 1.2727272727272727 2.515151515151515 2.393939393939394 2.757575757575758 1.696969696969697 2.0 2.0
35 41.0 1.5555555555555556 1.494949494949495 1.0909090909090908 1.4747474747474747 1.9191919191919191 2.0 1.696969696969697 1.3737373737373737 1.797979797979798 1.3737373737373737 1.0707070707070707 0.9696969696969697 1.6161616161616161 0.8484848484848485 1.6767676767676767 1.595959595959596 1.8383838383838385 1.1313131313131313 1.3333333333333333 1.3333333333333333
36 17.70343515164893 1.5555555555555556 1.494949494949495 1.0909090909090908 1.4747474747474747 1.9191919191919191 2.0 1.696969696969697 1.3737373737373737 1.797979797979798 1.3737373737373737 1.0707070707070707 0.9696969696969697 1.6161616161616161 0.8484848484848485 1.6767676767676767 1.595959595959596 1.8383838383838385 1.1313131313131313 1.3333333333333333 1.3333333333333333
37 120.03441033642659 1.5555555555555556 1.494949494949495 1.0909090909090908 1.4747474747474747 1.9191919191919191 2.0 1.696969696969697 1.3737373737373737 1.797979797979798 1.3737373737373737 1.0707070707070707 0.9696969696969697 1.6161616161616161 0.8484848484848485 1.6767676767676767 1.595959595959596 1.8383838383838385 1.1313131313131313 1.3333333333333333 1.3333333333333333
38 21.973497443323218 2.3333333333333335 2.242424242424242 1.6363636363636365 2.212121212121212 2.878787878787879 3.0 2.5454545454545454 2.0606060606060606 2.696969696969697 2.0606060606060606 1.606060606060606 1.4545454545454546 2.4242424242424243 1.2727272727272727 2.515151515151515 2.393939393939394 2.757575757575758 1.696969696969697 2.0 2.0
39 50.0 2.3333333333333335 2.242424242424242 1.6363636363636365 2.212121212121212 2.878787878787879 3.0 2.5454545454545454 2.0606060606060606 2.696969696969697 2.0606060606060606 1.606060606060606 1.4545454545454546 2.4242424242424243 1.2727272727272727 2.515151515151515 2.393939393939394 2.757575757575758 1.696969696969697 2.0 2.0
40 46.610993353981165 1.5555555555555556 1.494949494949495 1.0909090909090908 1.4747474747474747 1.9191919191919191 2.0 1.696969696969697 1.3737373737373737 1.797979797979798 1.3737373737373737 1.0707070707070707 0.9696969696969697 1.6161616161616161 0.8484848484848485 1.6767676767676767 1.595959595959596 1.8383838383838385 1.1313131313131313 1.3333333333333333 1.3333333333333333
41 117.19153115432073 1.5555555555555556 1.494949494949495 1.0909090909090908 1.4747474747474747 1.9191919191919191 2.0 1.696969696969697 1.3737373737373737 1.797979797979798 1.3737373737373737 1.0707070707070707 0.9696969696969697 1.6161616161616161 0.8484848484848485 1.6767676767676767 1.595959595959596 1.8383838383838385 1.1313131313131313 1.3333333333333333 1.3333333333333333
42 17.771320720978473 2.3333333333333335 2.242424242424242 1.6363636363636365 2.212121212121212 2.878787878787879 3.0 2.5454545454545454 2.0606060606060606 2.696969696969697 2.0606060606060606 1.606060606060606 1.4545454545454546 2.4242424242424243 1.2727272727272727 2.515151515151515 2.393939393939394 2.757575757575758 1.696969696969697 2.0 2.0
43 6.032768155835539 2.3333333333333335 2.242424242424242 1.6363636363636365 2.212121212121212 2.878787878787879 3.0 2.5454545454545454 2.0606060606060606 2.696969696969697 2.0606060606060606 1.606060606060606 1.4545454545454546 2.4242424242424243 1.2727272727272727 2.515151515151515 2.393939393939394 2.757575757575758 1.696969696969697 2.0 2.0
44 25.03636620714033 1.5555555555555556 1.494949494949495 1.0909090909090908 1.4747474747474747 1.9191919191919191 2.0 1.696969696969697 1.3737373737373737 1.797979797979798 1.3737373737373737 1.0707070707070707 0.9696969696969697 1.6161616161616161 0.8484848484848485 1.6767676767676767 1.595959595959596 1.8383838383838385 1.1313131313131313 1.3333333333333333 1.3333333333333333
45 6.246018746018746 1.5555555555555556 1.494949494949495 1.0909090909090908 1.4747474747474747 1.9191919191919191 2.0 1.696969696969697 1.3737373737373737 1.797979797979798 1.3737373737373737 1.0707070707070707 0.9696969696969697 1.6161616161616161 0.8484848484848485 1.6767676767676767 1.595959595959596 1.8383838383838385 1.1313131313131313 1.3333333333333333 1.3333333333333333
46 42.99323605846028 2.3333333333333335 2.242424242424242 1.6363636363636365 2.212121212121212 2.878787878787879 3.0 2.5454545454545454 2.0606060606060606 2.696969696969697 2.0606060606060606 1.606060606060606 1.4545454545454546 2.4242424242424243 1.2727272727272727 2.515151515151515 2.393939393939394 2.757575757575758 1.696969696969697 2.0 2.0
47 39.13863020448387 1.5555555555555556 1.494949494949495 1.0909090909090908 1.4747474747474747 1.9191919191919191 2.0 1.696969696969697 1.3737373737373737 1.797979797979798 1.3737373737373737 1.0707070707070707 0.9696969696969697 1.6161616161616161 0.8484848484848485 1.6767676767676767 1.595959595959596 1.8383838383838385 1.1313131313131313 1.3333333333333333 1.3333333333333333
48 4.085454545454548 1.5555555555555556 1.494949494949495 1.0909090909090908 1.4747474747474747 1.9191919191919191 2.0 1.696969696969697 1.3737373737373737 1.797979797979798 1.3737373737373737 1.0707070707070707 0.9696969696969697 1.6161616161616161 0.8484848484848485 1.6767676767676767 1.595959595959596 1.8383838383838385 1.1313131313131313 1.3333333333333333 1.3333333333333333
49 45.68430189082362 2.3333333333333335 2.242424242424242 1.6363636363636365 2.212121212121212 2.878787878787879 3.0 2.5454545454545454 2.0606060606060606 2.696969696969697 2.0606060606060606 1.606060606060606 1.4545454545454546 2.4242424242424243 1.2727272727272727 2.515151515151515 2.393939393939394 2.757575757575758 1.696969696969697 2.0 2.0
50 124.16603591741514 1.5555555555555556 1.494949494949495 1.0909090909090908 1.4747474747474747 1.9191919191919191 2.0 1.696969696969697 1.3737373737373737 1.797979797979798 1.3737373737373737 1.0707070707070707 0.9696969696969697 1.6161616161616161 0.8484848484848485 1.6767676767676767 1.595959595959596 1.8383838383838385 1.1313131313131313 1.3333333333333333 1.3333333333333333
51 71.84563234384662 2.3333333333333335 2.242424242424242 1.6363636363636365 2.212121212121212 2.878787878787879 3.0 2.5454545454545454 2.0606060606060606 2.696969696969697 2.0606060606060606 1.606060606060606 1.4545454545454546 2.4242424242424243 1.2727272727272727 2.515151515151515 2.393939393939394 2.757575757575758 1.696969696969697 2.0 2.0
52 90.60010760401721 1.5555555555555556 1.494949494949495 1.0909090909090908 1.4747474747474747 1.9191919191919191 2.0 1.696969696969697 1.3737373737373737 1.797979797979798 1.3737373737373737 1.0707070707070707 0.9696969696969697 1.6161616161616161 0.8484848484848485 1.6767676767676767 1.595959595959596 1.8383838383838385 1.1313131313131313 1.3333333333333333 1.3333333333333333
53 44.06113140008406 1.5555555555555556 1.494949494949495 1.0909090909090908 1.4747474747474747 1.9191919191919191 2.0 1.696969696969697 1.3737373737373737 1.797979797979798 1.3737373737373737 1.0707070707070707 0.9696969696969697 1.6161616161616161 0.8484848484848485 1.6767676767676767 1.595959595959596 1.8383838383838385 1.1313131313131313 1.3333333333333333 1.3333333333333333
54 53.805908522371936 2.3333333333333335 2.242424242424242 1.6363636363636365 2.212121212121212 2.878787878787879 3.0 2.5454545454545454 2.0606060606060606 2.696969696969697 2.0606060606060606 1.606060606060606 1.4545454545454546 2.4242424242424243 1.2727272727272727 2.515151515151515 2.393939393939394 2.757575757575758 1.696969696969697 2.0 2.0
55 117.07956737620502 2.3333333333333335 2.242424242424242 1.6363636363636365 2.212121212121212 2.878787878787879 3.0 2.5454545454545454 2.0606060606060606 2.696969696969697 2.0606060606060606 1.606060606060606 1.4545454545454546 2.4242424242424243 1.2727272727272727 2.515151515151515 2.393939393939394 2.757575757575758 1.696969696969697 2.0 2.0
56 14.27118727221755 1.5555555555555556 1.494949494949495 1.0909090909090908 1.4747474747474747 1.9191919191919191 2.0 1.696969696969697 1.3737373737373737 1.797979797979798 1.3737373737373737 1.0707070707070707 0.9696969696969697 1.6161616161616161 0.8484848484848485 1.6767676767676767 1.595959595959596 1.8383838383838385 1.1313131313131313 1.3333333333333333 1.3333333333333333
57 43.08951552106431 2.3333333333333335 2.242424242424242 1.6363636363636365 2.212121212121212 2.878787878787879 3.0 2.5454545454545454 2.0606060606060606 2.696969696969697 2.0606060606060606 1.606060606060606 1.4545454545454546 2.4242424242424243 1.2727272727272727 2.515151515151515 2.393939393939394 2.757575757575758 1.696969696969697 2.0 2.0
58 25.97567603488656 1.5555555555555556 1.494949494949495 1.0909090909090908 1.4747474747474747 1.9191919191919191 2.0 1.696969696969697 1.3737373737373737 1.797979797979798 1.3737373737373737 1.0707070707070707 0.9696969696969697 1.6161616161616161 0.8484848484848485 1.6767676767676767 1.595959595959596 1.8383838383838385 1.1313131313131313 1.3333333333333333 1.3333333333333333
59 68.41507591161935 2.3333333333333335 2.242424242424242 1.6363636363636365 2.212121212121212 2.878787878787879 3.0 2.5454545454545454 2.0606060606060606 2.696969696969697 2.0606060606060606 1.606060606060606 1.4545454545454546 2.4242424242424243 1.2727272727272727 2.515151515151515 2.393939393939394 2.757575757575758 1.696969696969697 2.0 2.0
60 35.6127031350391 2.3333333333333335 2.242424242424242 1.6363636363636365 2.212121212121212 2.878787878787879 3.0 2.5454545454545454 2.0606060606060606 2.696969696969697 2.0606060606060606 1.606060606060606 1.4545454545454546 2.4242424242424243 1.2727272727272727 2.515151515151515 2.393939393939394 2.757575757575758 1.696969696969697 2.0 2.0
61 94.52815799022258 1.5555555555555556 1.494949494949495 1.0909090909090908 1.4747474747474747 1.9191919191919191 2.0 1.696969696969697 1.3737373737373737 1.797979797979798 1.3737373737373737 1.0707070707070707 0.9696969696969697 1.6161616161616161 0.8484848484848485 1.6767676767676767 1.595959595959596 1.8383838383838385 1.1313131313131313 1.3333333333333333 1.3333333333333333
62 28.521390087185285 1.5555555555555556 1.494949494949495 1.0909090909090908 1.4747474747474747 1.9191919191919191 2.0 1.696969696969697 1.3737373737373737 1.797979797979798 1.3737373737373737 1.0707070707070707 0.9696969696969697 1.6161616161616161 0.8484848484848485 1.6767676767676767 1.595959595959596 1.8383838383838385 1.1313131313131313 1.3333333333333333 1.3333333333333333
63 185.65283178275635 2.3333333333333335 2.242424242424242 1.6363636363636365 2.212121212121212 2.878787878787879 3.0 2.5454545454545454 2.0606060606060606 2.696969696969697 2.0606060606060606 1.606060606060606 1.4545454545454546 2.4242424242424243 1.2727272727272727 2.515151515151515 2.393939393939394 2.757575757575758 1.696969696969697 2.0 2.0
64 214.78642886187365 2.3333333333333335 2.242424242424242 1.6363636363636365 2.212121212121212 2.878787878787879 3.0 2.5454545454545454 2.0606060606060606 2.696969696969697 2.0606060606060606 1.606060606060606 1.4545454545454546 2.4242424242424243 1.2727272727272727 2.515151515151515 2.393939393939394 2.757575757575758 1.696969696969697 2.0 2.0
65 41.450849953023884 2.3333333333333335 2.242424242424242 1.6363636363636365 2.212121212121212 2.878787878787879 3.0 2.5454545454545454 2.0606060606060606 2.696969696969697 2.0606060606060606 1.606060606060606 1.4545454545454546 2.4242424242424243 1.2727272727272727 2.515151515151515 2.393939393939394 2.757575757575758 1.696969696969697 2.0 2.0
66 162.9843245978703 2.3333333333333335 2.242424242424242 1.6363636363636365 2.212121212121212 2.878787878787879 3.0 2.5454545454545454 2.0606060606060606 2.696969696969697 2.0606060606060606 1.606060606060606 1.4545454545454546 2.4242424242424243 1.2727272727272727 2.515151515151515 2.393939393939394 2.757575757575758 1.696969696969697 2.0 2.0
67 23.767682615030644 2.3333333333333335 2.242424242424242 1.6363636363636365 2.212121212121212 2.878787878787879 3.0 2.5454545454545454 2.0606060606060606 2.696969696969697 2.0606060606060606 1.606060606060606 1.4545454545454546 2.4242424242424243 1.2727272727272727 2.515151515151515 2.393939393939394 2.757575757575758 1.696969696969697 2.0 2.0
68 18.69729139148004 2.3333333333333335 2.242424242424242 1.6363636363636365 2.212121212121212 2.878787878787879 3.0 2.5454545454545454 2.0606060606060606 2.696969696969697 2.0606060606060606 1.606060606060606 1.4545454545454546 2.4242424242424243 1.2727272727272727 2.515151515151515 2.393939393939394 2.757575757575758 1.696969696969697 2.0 2.0
69 1.2757985257985258 2.3333333333333335 2.242424242424242 1.6363636363636365 2.212121212121212 2.878787878787879 3.0 2.5454545454545454 2.0606060606060606 2.696969696969697 2.0606060606060606 1.606060606060606 1.4545454545454546 2.4242424242424243 1.2727272727272727 2.515151515151515 2.393939393939394 2.757575757575758 1.696969696969697 2.0 2.0
70 1.277138211382114 1.5555555555555556 1.494949494949495 1.0909090909090908 1.4747474747474747 1.9191919191919191 2.0 1.696969696969697 1.3737373737373737 1.797979797979798 1.3737373737373737 1.0707070707070707 0.9696969696969697 1.6161616161616161 0.8484848484848485 1.6767676767676767 1.595959595959596 1.8383838383838385 1.1313131313131313 1.3333333333333333 1.3333333333333333
71 99.01520121921843 1.5555555555555556 1.494949494949495 1.0909090909090908 1.4747474747474747 1.9191919191919191 2.0 1.696969696969697 1.3737373737373737 1.797979797979798 1.3737373737373737 1.0707070707070707 0.9696969696969697 1.6161616161616161 0.8484848484848485 1.6767676767676767 1.595959595959596 1.8383838383838385 1.1313131313131313 1.3333333333333333 1.3333333333333333
72 51.30728678979953 1.5555555555555556 1.494949494949495 1.0909090909090908 1.4747474747474747 1.9191919191919191 2.0 1.696969696969697 1.3737373737373737 1.797979797979798 1.3737373737373737 1.0707070707070707 0.9696969696969697 1.6161616161616161 0.8484848484848485 1.6767676767676767 1.595959595959596 1.8383838383838385 1.1313131313131313 1.3333333333333333 1.3333333333333333
73 20.58217204398389 2.3333333333333335 2.242424242424242 1.6363636363636365 2.212121212121212 2.878787878787879 3.0 2.5454545454545454 2.0606060606060606 2.696969696969697 2.0606060606060606 1.606060606060606 1.4545454545454546 2.4242424242424243 1.2727272727272727 2.515151515151515 2.393939393939394 2.757575757575758 1.696969696969697 2.0 2.0
74 102.96781505950501 1.5555555555555556 1.494949494949495 1.0909090909090908 1.4747474747474747 1.9191919191919191 2.0 1.696969696969697 1.3737373737373737 1.797979797979798 1.3737373737373737 1.0707070707070707 0.9696969696969697 1.6161616161616161 0.8484848484848485 1.6767676767676767 1.595959595959596 1.8383838383838385 1.1313131313131313 1.3333333333333333 1.3333333333333333
75 85.53509519135754 2.3333333333333335 2.242424242424242 1.6363636363636365 2.212121212121212 2.878787878787879 3.0 2.5454545454545454 2.0606060606060606 2.696969696969697 2.0606060606060606 1.606060606060606 1.4545454545454546 2.4242424242424243 1.2727272727272727 2.515151515151515 2.393939393939394 2.757575757575758 1.696969696969697 2.0 2.0
76 21.274053447644988 2.3333333333333335 2.242424242424242 1.6363636363636365 2.212121212121212 2.878787878787879 3.0 2.5454545454545454 2.0606060606060606 2.696969696969697 2.0606060606060606 1.606060606060606 1.4545454545454546 2.4242424242424243 1.2727272727272727 2.515151515151515 2.393939393939394 2.757575757575758 1.696969696969697 2.0 2.0
77 115.7905069512367 1.5555555555555556 1.494949494949495 1.0909090909090908 1.4747474747474747 1.9191919191919191 2.0 1.696969696969697 1.3737373737373737 1.797979797979798 1.3737373737373737 1.0707070707070707 0.9696969696969697 1.6161616161616161 0.8484848484848485 1.6767676767676767 1.595959595959596 1.8383838383838385 1.1313131313131313 1.3333333333333333 1.3333333333333333
78 30.74958938983329 1.5555555555555556 1.494949494949495 1.0909090909090908 1.4747474747474747 1.9191919191919191 2.0 1.696969696969697 1.3737373737373737 1.797979797979798 1.3737373737373737 1.0707070707070707 0.9696969696969697 1.6161616161616161 0.8484848484848485 1.6767676767676767 1.595959595959596 1.8383838383838385 1.1313131313131313 1.3333333333333333 1.3333333333333333
79 76.0 2.3333333333333335 2.242424242424242 1.6363636363636365 2.212121212121212 2.878787878787879 3.0 2.5454545454545454 2.0606060606060606 2.696969696969697 2.0606060606060606 1.606060606060606 1.4545454545454546 2.4242424242424243 1.2727272727272727 2.515151515151515 2.393939393939394 2.757575757575758 1.696969696969697 2.0 2.0
80 24.632210233403807 2.3333333333333335 2.242424242424242 1.6363636363636365 2.212121212121212 2.878787878787879 3.0 2.5454545454545454 2.0606060606060606 2.696969696969697 2.0606060606060606 1.606060606060606 1.4545454545454546 2.4242424242424243 1.2727272727272727 2.515151515151515 2.393939393939394 2.757575757575758 1.696969696969697 2.0 2.0
81 19.161838400900905 1.5555555555555556 1.494949494949495 1.0909090909090908 1.4747474747474747 1.9191919191919191 2.0 1.696969696969697 1.3737373737373737 1.797979797979798 1.3737373737373737 1.0707070707070707 0.9696969696969697 1.6161616161616161 0.8484848484848485 1.6767676767676767 1.595959595959596 1.8383838383838385 1.1313131313131313 1.3333333333333333 1.3333333333333333
82 81.38404736750819 1.5555555555555556 1.494949494949495 1.0909090909090908 1.4747474747474747 1.9191919191919191 2.0 1.696969696969697 1.3737373737373737 1.797979797979798 1.3737373737373737 1.0707070707070707 0.9696969696969697 1.6161616161616161 0.8484848484848485 1.6767676767676767 1.595959595959596 1.8383838383838385 1.1313131313131313 1.3333333333333333 1.3333333333333333
83 121.71156179682883 2.3333333333333335 2.242424242424242 1.6363636363636365 2.212121212121212 2.878787878787879 3.0 2.5454545454545454 2.0606060606060606 2.696969696969697 2.0606060606060606 1.606060606060606 1.4545454545454546 2.4242424242424243 1.2727272727272727 2.515151515151515 2.393939393939394 2.757575757575758 1.696969696969697 2.0 2.0
84 16.293566325273634 2.3333333333333335 2.242424242424242 1.6363636363636365 2.212121212121212 2.878787878787879 3.0 2.5454545454545454 2.0606060606060606 2.696969696969697 2.0606060606060606 1.606060606060606 1.4545454545454546 2.4242424242424243 1.2727272727272727 2.515151515151515 2.393939393939394 2.757575757575758 1.696969696969697 2.0 2.0
85 41.81187551187548 2.3333333333333335 2.242424242424242 1.6363636363636365 2.212121212121212 2.878787878787879 3.0 2.5454545454545454 2.0606060606060606 2.696969696969697 2.0606060606060606 1.606060606060606 1.4545454545454546 2.4242424242424243 1.2727272727272727 2.515151515151515 2.393939393939394 2.757575757575758 1.696969696969697 2.0 2.0
86 16.42033934252386 1.5555555555555556 1.494949494949495 1.0909090909090908 1.4747474747474747 1.9191919191919191 2.0 1.696969696969697 1.3737373737373737 1.797979797979798 1.3737373737373737 1.0707070707070707 0.9696969696969697 1.6161616161616161 0.8484848484848485 1.6767676767676767 1.595959595959596 1.8383838383838385 1.1313131313131313 1.3333333333333333 1.3333333333333333
87 43.27849355522525 2.3333333333333335 2.242424242424242 1.6363636363636365 2.212121212121212 2.878787878787879 3.0 2.5454545454545454 2.0606060606060606 2.696969696969697 2.0606060606060606 1.606060606060606 1.4545454545454546 2.4242424242424243 1.2727272727272727 2.515151515151515 2.393939393939394 2.757575757575758 1.696969696969697 2.0 2.0
88 44.654158235545175 1.5555555555555556 1.494949494949495 1.0909090909090908 1.4747474747474747 1.9191919191919191 2.0 1.696969696969697 1.3737373737373737 1.797979797979798 1.3737373737373737 1.0707070707070707 0.9696969696969697 1.6161616161616161 0.8484848484848485 1.6767676767676767 1.595959595959596 1.8383838383838385 1.1313131313131313 1.3333333333333333 1.3333333333333333
89 73.0 2.3333333333333335 2.242424242424242 1.6363636363636365 2.212121212121212 2.878787878787879 3.0 2.5454545454545454 2.0606060606060606 2.696969696969697 2.0606060606060606 1.606060606060606 1.4545454545454546 2.4242424242424243 1.2727272727272727 2.515151515151515 2.393939393939394 2.757575757575758 1.696969696969697 2.0 2.0
