30 40
TREE NETWORK (nID nID Weight):
8 0 54
2 8 59
28 2 39
1 2 41
9 28 40
15 8 46
17 28 49
23 1 39
5 1 58
13 8 44
3 28 38
14 13 47
16 15 45
25 16 30
20 13 42
12 14 48
7 9 53
24 20 50
18 13 51
19 9 32
4 15 55
21 28 54
10 5 56
11 17 37
22 16 34
6 11 45
27 6 47
26 11 51
29 4 42
PROGRAMS ASSIGNED TO NODES (nID pID1 pID2 ...):
0 1 2 3 4 5 6 7 8 9 10 11 12 13 14 15 16 17 18 19 20 21 22 23 24 25 26 27 28 29 30 31 32 33 34 35 36 37 38 39 40
1 3 36 5 37 6 8 9 12 13 15 17 21 25 27 28 29 30
2 32 2 34 4 5 37 6 7 8 10 12 14 19 20 21 22 26 29 31
3 3 4 36 5 6 7 8 10 11 13 15 18 19 23 24 25 26 28
4 1 2 6 7 8 10 11 12 14 15 16 18 19 24 25 26 27 28 30 31 34 35 36 37 39
5 1 2 3 4 5 6 8 9 11 15 16 17 19 20 21 22 24 25 28 29 30 31 34 35 37
7 32 1 2 34 4 6 7 39 8 10 12 17 18 22 28 29 30
8 3 36 4 37 6 7 8 15 17 19 22 25 28
9 16 35 5 23 11 27 12 31
10 1 2 3 4 5 6 7 8 9 10 11 12 13 14 15 16 17 18 20 22 27 28 30 31 34 35 37 38
11 33 35 6 22 27 12 30
12 1 2 4 5 6 7 8 9 10 12 13 14 16 17 18 19 22 23 24 25 26 27 31 32 33 34 35 36 37 38 40
13 32 35 38 7 39 15 18 22 23 24 28 29 30
14 32 34 2 5 38 7 9 12 13 15 17 18 19 22 25 26 27 28 30 31
15 32 33 1 3 35 37 6 38 10 11 13 14 15 17 18 20 21 23 25 27 28 29 30 31
16 16 35 14
17 2 3 4 5 6 7 9 10 11 12 13 14 16 17 18 20 21 22 23 24 26 28 29 30 32 33 34 35 36 38 39 40
18 1 2 3 4 5 6 7 8 10 11 12 13 14 15 16 17 19 20 22 23 25 26 28 29 30 31 32 33 34 36 38 39 40
20 2 3 4 5 6 7 8 9 12 14 16 17 18 20 22 23 26 29 30 31 32 34 35 37 38 39 40
21 17
22 1 2 4 5 6 7 8 9 10 11 12 13 14 17 18 19 20 23 24 25 26 27 29 30 31 32 35 36 37 38 39 40
23 33 1 3 35 4 36 5 7 40 14 18 20 24 25
24 32 2 36 4 6 38 7 39 8 10 13 14 15 17 20 21 22 24 30 31
25 32 17 11
26 18 19 3 5 6 10 14
27 19 4 6 27 30
28 16 33 34 20 5 38 22 7 8 25 28 30
29 2 4 5 8 9 10 11 12 13 15 16 17 18 19 20 21 22 23 24 25 26 27 29 30 31 32 33 34 35 36 38
SIZE OF PROGRAMS (pID SIZE):
1 58.0
2 93.0
3 96.0
4 83.0
5 54.0
6 54.0
7 44.0
8 64.0
9 68.0
10 89.0
11 78.0
12 45.0
13 85.0
14 54.0
15 52.0
16 71.0
17 67.0
18 71.0
19 60.0
20 60.0
21 73.0
22 80.0
23 40.0
24 57.0
25 50.0
26 91.0
27 46.0
28 44.0
29 70.0
30 46.0
31 95.0
32 90.0
33 55.0
34 81.0
35 99.0
36 99.0
37 47.0
38 83.0
39 97.0
40 73.0
COST TO INSTALL SERVERS AND PROGRAMS ON NODES (COST_TO_INSTALL_SERVER COST_TO_INSTALL_pID1 ...):
0 9369.69696969697 1.7575757575757576 2.8181818181818183 2.909090909090909 2.515151515151515 1.6363636363636365 1.6363636363636365 1.3333333333333333 1.9393939393939394 2.0606060606060606 2.696969696969697 2.3636363636363638 1.3636363636363635 2.5757575757575757 1.6363636363636365 1.5757575757575757 2.1515151515151514 2.0303030303030303 2.1515151515151514 1.8181818181818181 1.8181818181818181 2.212121212121212 2.4242424242424243 1.2121212121212122 1.7272727272727273 1.5151515151515151 2.757575757575758 1.393939393939394 1.3333333333333333 2.121212121212121 1.393939393939394 2.878787878787879 2.727272727272727 1.6666666666666667 2.4545454545454546 3.0 3.0 1.4242424242424243 2.515151515151515 2.9393939393939394 2.212121212121212
1 74.37958005357757 1.7575757575757576 2.8181818181818183 2.909090909090909 2.515151515151515 1.6363636363636365 1.6363636363636365 1.3333333333333333 1.9393939393939394 2.0606060606060606 2.696969696969697 2.3636363636363638 1.3636363636363635 2.5757575757575757 1.6363636363636365 1.5757575757575757 2.1515151515151514 2.0303030303030303 2.1515151515151514 1.8181818181818181 1.8181818181818181 2.212121212121212 2.4242424242424243 1.2121212121212122 1.7272727272727273 1.5151515151515151 2.757575757575758 1.393939393939394 1.3333333333333333 2.121212121212121 1.393939393939394 2.878787878787879 2.727272727272727 1.6666666666666667 2.4545454545454546 3.0 3.0 1.4242424242424243 2.515151515151515 2.9393939393939394 2.212121212121212
2 45.55739355801362 1.1717171717171717 1.878787878787879 1.9393939393939394 1.6767676767676767 1.0909090909090908 1.0909090909090908 0.8888888888888888 1.292929292929293 1.3737373737373737 1.797979797979798 1.5757575757575757 0.9090909090909091 1.7171717171717171 1.0909090909090908 1.0505050505050506 1.4343434343434343 1.3535353535353536 1.4343434343434343 1.2121212121212122 1.2121212121212122 1.4747474747474747 1.6161616161616161 0.8080808080808081 1.1515151515151516 1.0101010101010102 1.8383838383838385 0.9292929292929293 0.8888888888888888 1.4141414141414141 0.9292929292929293 1.9191919191919191 1.8181818181818181 1.1111111111111112 1.6363636363636365 2.0 2.0 0.9494949494949495 1.6767676767676767 1.9595959595959596 1.4747474747474747
3 50.129208086309355 1.1717171717171717 1.878787878787879 1.9393939393939394 1.6767676767676767 1.0909090909090908 1.0909090909090908 0.8888888888888888 1.292929292929293 1.3737373737373737 1.797979797979798 1.5757575757575757 0.9090909090909091 1.7171717171717171 1.0909090909090908 1.0505050505050506 1.4343434343434343 1.3535353535353536 1.4343434343434343 1.2121212121212122 1.2121212121212122 1.4747474747474747 1.6161616161616161 0.8080808080808081 1.1515151515151516 1.0101010101010102 1.8383838383838385 0.9292929292929293 0.8888888888888888 1.4141414141414141 0.9292929292929293 1.9191919191919191 1.8181818181818181 1.1111111111111112 1.6363636363636365 2.0 2.0 0.9494949494949495 1.6767676767676767 1.9595959595959596 1.4747474747474747
4 37.37180996137518 1.1717171717171717 1.878787878787879 1.9393939393939394 1.6767676767676767 1.0909090909090908 1.0909090909090908 0.8888888888888888 1.292929292929293 1.3737373737373737 1.797979797979798 1.5757575757575757 0.9090909090909091 1.7171717171717171 1.0909090909090908 1.0505050505050506 1.4343434343434343 1.3535353535353536 1.4343434343434343 1.2121212121212122 1.2121212121212122 1.4747474747474747 1.6161616161616161 0.8080808080808081 1.1515151515151516 1.0101010101010102 1.8383838383838385 0.9292929292929293 0.8888888888888888 1.4141414141414141 0.9292929292929293 1.9191919191919191 1.8181818181818181 1.1111111111111112 1.6363636363636365 2.0 2.0 0.9494949494949495 1.6767676767676767 1.9595959595959596 1.4747474747474747
5 92.15202882741708 1.7575757575757576 2.8181818181818183 2.909090909090909 2.515151515151515 1.6363636363636365 1.6363636363636365 1.3333333333333333 1.9393939393939394 2.0606060606060606 2.696969696969697 2.3636363636363638 1.3636363636363635 2.5757575757575757 1.6363636363636365 1.5757575757575757 2.1515151515151514 2.0303030303030303 2.1515151515151514 1.8181818181818181 1.8181818181818181 2.212121212121212 2.4242424242424243 1.2121212121212122 1.7272727272727273 1.5151515151515151 2.757575757575758 1.393939393939394 1.3333333333333333 2.121212121212121 1.393939393939394 2.878787878787879 2.727272727272727 1.6666666666666667 2.4545454545454546 3.0 3.0 1.4242424242424243 2.515151515151515 2.9393939393939394 2.212121212121212
6 25.562417380141362 1.1717171717171717 1.878787878787879 1.9393939393939394 1.6767676767676767 1.0909090909090908 1.0909090909090908 0.8888888888888888 1.292929292929293 1.3737373737373737 1.797979797979798 1.5757575757575757 0.9090909090909091 1.7171717171717171 1.0909090909090908 1.0505050505050506 1.4343434343434343 1.3535353535353536 1.4343434343434343 1.2121212121212122 1.2121212121212122 1.4747474747474747 1.6161616161616161 0.8080808080808081 1.1515151515151516 1.0101010101010102 1.8383838383838385 0.9292929292929293 0.8888888888888888 1.4141414141414141 0.9292929292929293 1.9191919191919191 1.8181818181818181 1.1111111111111112 1.6363636363636365 2.0 2.0 0.9494949494949495 1.6767676767676767 1.9595959595959596 1.4747474747474747
7 70.25291434429907 1.7575757575757576 2.8181818181818183 2.909090909090909 2.515151515151515 1.6363636363636365 1.6363636363636365 1.3333333333333333 1.9393939393939394 2.0606060606060606 2.696969696969697 2.3636363636363638 1.3636363636363635 2.5757575757575757 1.6363636363636365 1.5757575757575757 2.1515151515151514 2.0303030303030303 2.1515151515151514 1.8181818181818181 1.8181818181818181 2.212121212121212 2.4242424242424243 1.2121212121212122 1.7272727272727273 1.5151515151515151 2.757575757575758 1.393939393939394 1.3333333333333333 2.121212121212121 1.393939393939394 2.878787878787879 2.727272727272727 1.6666666666666667 2.4545454545454546 3.0 3.0 1.4242424242424243 2.515151515151515 2.9393939393939394 2.212121212121212
8 80.0 1.1717171717171717 1.878787878787879 1.9393939393939394 1.6767676767676767 1.0909090909090908 1.0909090909090908 0.8888888888888888 1.292929292929293 1.3737373737373737 1.797979797979798 1.5757575757575757 0.9090909090909091 1.7171717171717171 1.0909090909090908 1.0505050505050506 1.4343434343434343 1.3535353535353536 1.4343434343434343 1.2121212121212122 1.2121212121212122 1.4747474747474747 1.6161616161616161 0.8080808080808081 1.1515151515151516 1.0101010101010102 1.8383838383838385 0.9292929292929293 0.8888888888888888 1.4141414141414141 0.9292929292929293 1.9191919191919191 1.8181818181818181 1.1111111111111112 1.6363636363636365 2.0 2.0 0.9494949494949495 1.6767676767676767 1.9595959595959596 1.4747474747474747
9 112.94955267801886 1.7575757575757576 2.8181818181818183 2.909090909090909 2.515151515151515 1.6363636363636365 1.6363636363636365 1.3333333333333333 1.9393939393939394 2.0606060606060606 2.696969696969697 2.3636363636363638 1.3636363636363635 2.5757575757575757 1.6363636363636365 1.5757575757575757 2.1515151515151514 2.0303030303030303 2.1515151515151514 1.8181818181818181 1.8181818181818181 2.212121212121212 2.4242424242424243 1.2121212121212122 1.7272727272727273 1.5151515151515151 2.757575757575758 1.393939393939394 1.3333333333333333 2.121212121212121 1.393939393939394 2.878787878787879 2.727272727272727 1.6666666666666667 2.4545454545454546 3.0 3.0 1.4242424242424243 2.515151515151515 2.9393939393939394 2.212121212121212
10 150.9134435743029 1.1717171717171717 1.878787878787879 1.9393939393939394 1.6767676767676767 1.0909090909090908 1.0909090909090908 0.8888888888888888 1.292929292929293 1.3737373737373737 1.797979797979798 1.5757575757575757 0.9090909090909091 1.7171717171717171 1.0909090909090908 1.0505050505050506 1.4343434343434343 1.3535353535353536 1.4343434343434343 1.2121212121212122 1.2121212121212122 1.4747474747474747 1.6161616161616161 0.8080808080808081 1.1515151515151516 1.0101010101010102 1.8383838383838385 0.9292929292929293 0.8888888888888888 1.4141414141414141 0.9292929292929293 1.9191919191919191 1.8181818181818181 1.1111111111111112 1.6363636363636365 2.0 2.0 0.9494949494949495 1.6767676767676767 1.9595959595959596 1.4747474747474747
11 35.6783352684886 1.1717171717171717 1.878787878787879 1.9393939393939394 1.6767676767676767 1.0909090909090908 1.0909090909090908 0.8888888888888888 1.292929292929293 1.3737373737373737 1.797979797979798 1.5757575757575757 0.9090909090909091 1.7171717171717171 1.0909090909090908 1.0505050505050506 1.4343434343434343 1.3535353535353536 1.4343434343434343 1.2121212121212122 1.2121212121212122 1.4747474747474747 1.6161616161616161 0.8080808080808081 1.1515151515151516 1.0101010101010102 1.8383838383838385 0.9292929292929293 0.8888888888888888 1.4141414141414141 0.9292929292929293 1.9191919191919191 1.8181818181818181 1.1111111111111112 1.6363636363636365 2.0 2.0 0.9494949494949495 1.6767676767676767 1.9595959595959596 1.4747474747474747
12 57.599332196074215 1.1717171717171717 1.878787878787879 1.9393939393939394 1.6767676767676767 1.0909090909090908 1.0909090909090908 0.8888888888888888 1.292929292929293 1.3737373737373737 1.797979797979798 1.5757575757575757 0.9090909090909091 1.7171717171717171 1.0909090909090908 1.0505050505050506 1.4343434343434343 1.3535353535353536 1.4343434343434343 1.2121212121212122 1.2121212121212122 1.4747474747474747 1.6161616161616161 0.8080808080808081 1.1515151515151516 1.0101010101010102 1.8383838383838385 0.9292929292929293 0.8888888888888888 1.4141414141414141 0.9292929292929293 1.9191919191919191 1.8181818181818181 1.1111111111111112 1.6363636363636365 2.0 2.0 0.9494949494949495 1.6767676767676767 1.9595959595959596 1.4747474747474747
13 58.54818510306312 1.1717171717171717 1.878787878787879 1.9393939393939394 1.6767676767676767 1.0909090909090908 1.0909090909090908 0.8888888888888888 1.292929292929293 1.3737373737373737 1.797979797979798 1.5757575757575757 0.9090909090909091 1.7171717171717171 1.0909090909090908 1.0505050505050506 1.4343434343434343 1.3535353535353536 1.4343434343434343 1.2121212121212122 1.2121212121212122 1.4747474747474747 1.6161616161616161 0.8080808080808081 1.1515151515151516 1.0101010101010102 1.8383838383838385 0.9292929292929293 0.8888888888888888 1.4141414141414141 0.9292929292929293 1.9191919191919191 1.8181818181818181 1.1111111111111112 1.6363636363636365 2.0 2.0 0.9494949494949495 1.6767676767676767 1.9595959595959596 1.4747474747474747
14 87.40835303388495 1.7575757575757576 2.8181818181818183 2.909090909090909 2.515151515151515 1.6363636363636365 1.6363636363636365 1.3333333333333333 1.9393939393939394 2.0606060606060606 2.696969696969697 2.3636363636363638 1.3636363636363635 2.5757575757575757 1.6363636363636365 1.5757575757575757 2.1515151515151514 2.0303030303030303 2.1515151515151514 1.8181818181818181 1.8181818181818181 2.212121212121212 2.4242424242424243 1.2121212121212122 1.7272727272727273 1.5151515151515151 2.757575757575758 1.393939393939394 1.3333333333333333 2.121212121212121 1.393939393939394 2.878787878787879 2.727272727272727 1.6666666666666667 2.4545454545454546 3.0 3.0 1.4242424242424243 2.515151515151515 2.9393939393939394 2.212121212121212
15 27.426610395221203 1.1717171717171717 1.878787878787879 1.9393939393939394 1.6767676767676767 1.0909090909090908 1.0909090909090908 0.8888888888888888 1.292929292929293 1.3737373737373737 1.797979797979798 1.5757575757575757 0.9090909090909091 1.7171717171717171 1.0909090909090908 1.0505050505050506 1.4343434343434343 1.3535353535353536 1.4343434343434343 1.2121212121212122 1.2121212121212122 1.4747474747474747 1.6161616161616161 0.8080808080808081 1.1515151515151516 1.0101010101010102 1.8383838383838385 0.9292929292929293 0.8888888888888888 1.4141414141414141 0.9292929292929293 1.9191919191919191 1.8181818181818181 1.1111111111111112 1.6363636363636365 2.0 2.0 0.9494949494949495 1.6767676767676767 1.9595959595959596 1.4747474747474747
16 40.27611907652829 1.1717171717171717 1.878787878787879 1.9393939393939394 1.6767676767676767 1.0909090909090908 1.0909090909090908 0.8888888888888888 1.292929292929293 1.3737373737373737 1.797979797979798 1.5757575757575757 0.9090909090909091 1.7171717171717171 1.0909090909090908 1.0505050505050506 1.4343434343434343 1.3535353535353536 1.4343434343434343 1.2121212121212122 1.2121212121212122 1.4747474747474747 1.6161616161616161 0.8080808080808081 1.1515151515151516 1.0101010101010102 1.8383838383838385 0.9292929292929293 0.8888888888888888 1.4141414141414141 0.9292929292929293 1.9191919191919191 1.8181818181818181 1.1111111111111112 1.6363636363636365 2.0 2.0 0.9494949494949495 1.6767676767676767 1.9595959595959596 1.4747474747474747
17 113.94345474144853 1.7575757575757576 2.8181818181818183 2.909090909090909 2.515151515151515 1.6363636363636365 1.6363636363636365 1.3333333333333333 1.9393939393939394 2.0606060606060606 2.696969696969697 2.3636363636363638 1.3636363636363635 2.5757575757575757 1.6363636363636365 1.5757575757575757 2.1515151515151514 2.0303030303030303 2.1515151515151514 1.8181818181818181 1.8181818181818181 2.212121212121212 2.4242424242424243 1.2121212121212122 1.7272727272727273 1.5151515151515151 2.757575757575758 1.393939393939394 1.3333333333333333 2.121212121212121 1.393939393939394 2.878787878787879 2.727272727272727 1.6666666666666667 2.4545454545454546 3.0 3.0 1.4242424242424243 2.515151515151515 2.9393939393939394 2.212121212121212
18 33.49442434727901 1.7575757575757576 2.8181818181818183 2.909090909090909 2.515151515151515 1.6363636363636365 1.6363636363636365 1.3333333333333333 1.9393939393939394 2.0606060606060606 2.696969696969697 2.3636363636363638 1.3636363636363635 2.5757575757575757 1.6363636363636365 1.5757575757575757 2.1515151515151514 2.0303030303030303 2.1515151515151514 1.8181818181818181 1.8181818181818181 2.212121212121212 2.4242424242424243 1.2121212121212122 1.7272727272727273 1.5151515151515151 2.757575757575758 1.393939393939394 1.3333333333333333 2.121212121212121 1.393939393939394 2.878787878787879 2.727272727272727 1.6666666666666667 2.4545454545454546 3.0 3.0 1.4242424242424243 2.515151515151515 2.9393939393939394 2.212121212121212
19 84.0 1.1717171717171717 1.878787878787879 1.9393939393939394 1.6767676767676767 1.0909090909090908 1.0909090909090908 0.8888888888888888 1.292929292929293 1.3737373737373737 1.797979797979798 1.5757575757575757 0.9090909090909091 1.7171717171717171 1.0909090909090908 1.0505050505050506 1.4343434343434343 1.3535353535353536 1.4343434343434343 1.2121212121212122 1.2121212121212122 1.4747474747474747 1.6161616161616161 0.8080808080808081 1.1515151515151516 1.0101010101010102 1.8383838383838385 0.9292929292929293 0.8888888888888888 1.4141414141414141 0.9292929292929293 1.9191919191919191 1.8181818181818181 1.1111111111111112 1.6363636363636365 2.0 2.0 0.9494949494949495 1.6767676767676767 1.9595959595959596 1.4747474747474747
20 53.79915259032905 1.1717171717171717 1.878787878787879 1.9393939393939394 1.6767676767676767 1.0909090909090908 1.0909090909090908 0.8888888888888888 1.292929292929293 1.3737373737373737 1.797979797979798 1.5757575757575757 0.9090909090909091 1.7171717171717171 1.0909090909090908 1.0505050505050506 1.4343434343434343 1.3535353535353536 1.4343434343434343 1.2121212121212122 1.2121212121212122 1.4747474747474747 1.6161616161616161 0.8080808080808081 1.1515151515151516 1.0101010101010102 1.8383838383838385 0.9292929292929293 0.8888888888888888 1.4141414141414141 0.9292929292929293 1.9191919191919191 1.8181818181818181 1.1111111111111112 1.6363636363636365 2.0 2.0 0.9494949494949495 1.6767676767676767 1.9595959595959596 1.4747474747474747
21 2.643776311572922 1.7575757575757576 2.8181818181818183 2.909090909090909 2.515151515151515 1.6363636363636365 1.6363636363636365 1.3333333333333333 1.9393939393939394 2.0606060606060606 2.696969696969697 2.3636363636363638 1.3636363636363635 2.5757575757575757 1.6363636363636365 1.5757575757575757 2.1515151515151514 2.0303030303030303 2.1515151515151514 1.8181818181818181 1.8181818181818181 2.212121212121212 2.4242424242424243 1.2121212121212122 1.7272727272727273 1.5151515151515151 2.757575757575758 1.393939393939394 1.3333333333333333 2.121212121212121 1.393939393939394 2.878787878787879 2.727272727272727 1.6666666666666667 2.4545454545454546 3.0 3.0 1.4242424242424243 2.515151515151515 2.9393939393939394 2.212121212121212
22 61.93331070920007 1.1717171717171717 1.878787878787879 1.9393939393939394 1.6767676767676767 1.0909090909090908 1.0909090909090908 0.8888888888888888 1.292929292929293 1.3737373737373737 1.797979797979798 1.5757575757575757 0.9090909090909091 1.7171717171717171 1.0909090909090908 1.0505050505050506 1.4343434343434343 1.3535353535353536 1.4343434343434343 1.2121212121212122 1.2121212121212122 1.4747474747474747 1.6161616161616161 0.8080808080808081 1.1515151515151516 1.0101010101010102 1.8383838383838385 0.9292929292929293 0.8888888888888888 1.4141414141414141 0.9292929292929293 1.9191919191919191 1.8181818181818181 1.1111111111111112 1.6363636363636365 2.0 2.0 0.9494949494949495 1.6767676767676767 1.9595959595959596 1.4747474747474747
23 60.15369963864518 1.1717171717171717 1.878787878787879 1.9393939393939394 1.6767676767676767 1.0909090909090908 1.0909090909090908 0.8888888888888888 1.292929292929293 1.3737373737373737 1.797979797979798 1.5757575757575757 0.9090909090909091 1.7171717171717171 1.0909090909090908 1.0505050505050506 1.4343434343434343 1.3535353535353536 1.4343434343434343 1.2121212121212122 1.2121212121212122 1.4747474747474747 1.6161616161616161 0.8080808080808081 1.1515151515151516 1.0101010101010102 1.8383838383838385 0.9292929292929293 0.8888888888888888 1.4141414141414141 0.9292929292929293 1.9191919191919191 1.8181818181818181 1.1111111111111112 1.6363636363636365 2.0 2.0 0.9494949494949495 1.6767676767676767 1.9595959595959596 1.4747474747474747
24 24.063629148629158 1.7575757575757576 2.8181818181818183 2.909090909090909 2.515151515151515 1.6363636363636365 1.6363636363636365 1.3333333333333333 1.9393939393939394 2.0606060606060606 2.696969696969697 2.3636363636363638 1.3636363636363635 2.5757575757575757 1.6363636363636365 1.5757575757575757 2.1515151515151514 2.0303030303030303 2.1515151515151514 1.8181818181818181 1.8181818181818181 2.212121212121212 2.4242424242424243 1.2121212121212122 1.7272727272727273 1.5151515151515151 2.757575757575758 1.393939393939394 1.3333333333333333 2.121212121212121 1.393939393939394 2.878787878787879 2.727272727272727 1.6666666666666667 2.4545454545454546 3.0 3.0 1.4242424242424243 2.515151515151515 2.9393939393939394 2.212121212121212
25 14.21490264968526 1.1717171717171717 1.878787878787879 1.9393939393939394 1.6767676767676767 1.0909090909090908 1.0909090909090908 0.8888888888888888 1.292929292929293 1.3737373737373737 1.797979797979798 1.5757575757575757 0.9090909090909091 1.7171717171717171 1.0909090909090908 1.0505050505050506 1.4343434343434343 1.3535353535353536 1.4343434343434343 1.2121212121212122 1.2121212121212122 1.4747474747474747 1.6161616161616161 0.8080808080808081 1.1515151515151516 1.0101010101010102 1.8383838383838385 0.9292929292929293 0.8888888888888888 1.4141414141414141 0.9292929292929293 1.9191919191919191 1.8181818181818181 1.1111111111111112 1.6363636363636365 2.0 2.0 0.9494949494949495 1.6767676767676767 1.9595959595959596 1.4747474747474747
26 54.17995941360847 1.1717171717171717 1.878787878787879 1.9393939393939394 1.6767676767676767 1.0909090909090908 1.0909090909090908 0.8888888888888888 1.292929292929293 1.3737373737373737 1.797979797979798 1.5757575757575757 0.9090909090909091 1.7171717171717171 1.0909090909090908 1.0505050505050506 1.4343434343434343 1.3535353535353536 1.4343434343434343 1.2121212121212122 1.2121212121212122 1.4747474747474747 1.6161616161616161 0.8080808080808081 1.1515151515151516 1.0101010101010102 1.8383838383838385 0.9292929292929293 0.8888888888888888 1.4141414141414141 0.9292929292929293 1.9191919191919191 1.8181818181818181 1.1111111111111112 1.6363636363636365 2.0 2.0 0.9494949494949495 1.6767676767676767 1.9595959595959596 1.4747474747474747
27 34.010007110324295 1.7575757575757576 2.8181818181818183 2.909090909090909 2.515151515151515 1.6363636363636365 1.6363636363636365 1.3333333333333333 1.9393939393939394 2.0606060606060606 2.696969696969697 2.3636363636363638 1.3636363636363635 2.5757575757575757 1.6363636363636365 1.5757575757575757 2.1515151515151514 2.0303030303030303 2.1515151515151514 1.8181818181818181 1.8181818181818181 2.212121212121212 2.4242424242424243 1.2121212121212122 1.7272727272727273 1.5151515151515151 2.757575757575758 1.393939393939394 1.3333333333333333 2.121212121212121 1.393939393939394 2.878787878787879 2.727272727272727 1.6666666666666667 2.4545454545454546 3.0 3.0 1.4242424242424243 2.515151515151515 2.9393939393939394 2.212121212121212
28 54.36429977743537 1.7575757575757576 2.8181818181818183 2.909090909090909 2.515151515151515 1.6363636363636365 1.6363636363636365 1.3333333333333333 1.9393939393939394 2.0606060606060606 2.696969696969697 2.3636363636363638 1.3636363636363635 2.5757575757575757 1.6363636363636365 1.5757575757575757 2.1515151515151514 2.0303030303030303 2.1515151515151514 1.8181818181818181 1.8181818181818181 2.212121212121212 2.4242424242424243 1.2121212121212122 1.7272727272727273 1.5151515151515151 2.757575757575758 1.393939393939394 1.3333333333333333 2.121212121212121 1.393939393939394 2.878787878787879 2.727272727272727 1.6666666666666667 2.4545454545454546 3.0 3.0 1.4242424242424243 2.515151515151515 2.9393939393939394 2.212121212121212
29 74.90620542903156 1.1717171717171717 1.878787878787879 1.9393939393939394 1.6767676767676767 1.0909090909090908 1.0909090909090908 0.8888888888888888 1.292929292929293 1.3737373737373737 1.797979797979798 1.5757575757575757 0.9090909090909091 1.7171717171717171 1.0909090909090908 1.0505050505050506 1.4343434343434343 1.3535353535353536 1.4343434343434343 1.2121212121212122 1.2121212121212122 1.4747474747474747 1.6161616161616161 0.8080808080808081 1.1515151515151516 1.0101010101010102 1.8383838383838385 0.9292929292929293 0.8888888888888888 1.4141414141414141 0.9292929292929293 1.9191919191919191 1.8181818181818181 1.1111111111111112 1.6363636363636365 2.0 2.0 0.9494949494949495 1.6767676767676767 1.9595959595959596 1.4747474747474747
