10 20
TREE NETWORK (nID nID Weight):
6 0 50
2 0 54
1 6 41
4 1 57
9 2 33
3 2 54
7 3 45
8 9 36
5 2 54
PROGRAMS ASSIGNED TO NODES (nID pID1 pID2 ...):
0 1 2 3 4 5 6 7 8 9 10 11 12 13 14 15 16 17 18 19 20
1 1 3 4 5 6 7 8 9 10 11 12 13 14 15 16 17 18 19 20
2 3 19 5 7 10 12 15
3 2 3 4 6 8 9 10 12 13 14 16 17 18 19
5 16 1 17 2 19 4 5 6 9 14 15
6 1 17 3 20 5 10 15
7 2 11 13
8 1 19 8 9
9 17 18 19 4 20 5 7 9 12 13 15
SIZE OF PROGRAMS (pID SIZE):
1 70.0
2 52.0
3 57.0
4 55.0
5 80.0
6 58.0
7 86.0
8 71.0
9 44.0
10 73.0
11 45.0
12 50.0
13 55.0
14 67.0
15 91.0
16 49.0
17 70.0
18 57.0
19 46.0
20 77.0
COST TO INSTALL SERVERS AND PROGRAMS ON NODES (COST_TO_INSTALL_SERVER COST_TO_INSTALL_pID1 ...):
0 5130.7692307692305 2.3076923076923075 1.7142857142857142 1.879120879120879 1.8131868131868132 2.6373626373626373 1.9120879120879122 2.8351648351648353 2.340659340659341 1.4505494505494505 2.4065934065934065 1.4835164835164836 1.6483516483516483 1.8131868131868132 2.208791208791209 3.0 1.6153846153846154 2.3076923076923075 1.879120879120879 1.5164835164835164 2.5384615384615383
1 22.879516751541143 1.5384615384615385 1.1428571428571428 1.2527472527472527 1.2087912087912087 1.7582417582417582 1.2747252747252746 1.89010989010989 1.5604395604395604 0.967032967032967 1.6043956043956045 0.989010989010989 1.098901098901099 1.2087912087912087 1.4725274725274726 2.0 1.0769230769230769 1.5384615384615385 1.2527472527472527 1.010989010989011 1.6923076923076923
2 36.0 1.5384615384615385 1.1428571428571428 1.2527472527472527 1.2087912087912087 1.7582417582417582 1.2747252747252746 1.89010989010989 1.5604395604395604 0.967032967032967 1.6043956043956045 0.989010989010989 1.098901098901099 1.2087912087912087 1.4725274725274726 2.0 1.0769230769230769 1.5384615384615385 1.2527472527472527 1.010989010989011 1.6923076923076923
3 4.634600122100122 1.5384615384615385 1.1428571428571428 1.2527472527472527 1.2087912087912087 1.7582417582417582 1.2747252747252746 1.89010989010989 1.5604395604395604 0.967032967032967 1.6043956043956045 0.989010989010989 1.098901098901099 1.2087912087912087 1.4725274725274726 2.0 1.0769230769230769 1.5384615384615385 1.2527472527472527 1.010989010989011 1.6923076923076923
4 79.0 1.5384615384615385 1.1428571428571428 1.2527472527472527 1.2087912087912087 1.7582417582417582 1.2747252747252746 1.89010989010989 1.5604395604395604 0.967032967032967 1.6043956043956045 0.989010989010989 1.098901098901099 1.2087912087912087 1.4725274725274726 2.0 1.0769230769230769 1.5384615384615385 1.2527472527472527 1.010989010989011 1.6923076923076923
5 5.648636548636544 1.5384615384615385 1.1428571428571428 1.2527472527472527 1.2087912087912087 1.7582417582417582 1.2747252747252746 1.89010989010989 1.5604395604395604 0.967032967032967 1.6043956043956045 0.989010989010989 1.098901098901099 1.2087912087912087 1.4725274725274726 2.0 1.0769230769230769 1.5384615384615385 1.2527472527472527 1.010989010989011 1.6923076923076923
6 23.0 1.5384615384615385 1.1428571428571428 1.2527472527472527 1.2087912087912087 1.7582417582417582 1.2747252747252746 1.89010989010989 1.5604395604395604 0.967032967032967 1.6043956043956045 0.989010989010989 1.098901098901099 1.2087912087912087 1.4725274725274726 2.0 1.0769230769230769 1.5384615384615385 1.2527472527472527 1.010989010989011 1.6923076923076923
7 3.1167114367114372 1.5384615384615385 1.1428571428571428 1.2527472527472527 1.2087912087912087 1.7582417582417582 1.2747252747252746 1.89010989010989 1.5604395604395604 0.967032967032967 1.6043956043956045 0.989010989010989 1.098901098901099 1.2087912087912087 1.4725274725274726 2.0 1.0769230769230769 1.5384615384615385 1.2527472527472527 1.010989010989011 1.6923076923076923
8 3.0237179487179495 2.3076923076923075 1.7142857142857142 1.879120879120879 1.8131868131868132 2.6373626373626373 1.9120879120879122 2.8351648351648353 2.340659340659341 1.4505494505494505 2.4065934065934065 1.4835164835164836 1.6483516483516483 1.8131868131868132 2.208791208791209 3.0 1.6153846153846154 2.3076923076923075 1.879120879120879 1.5164835164835164 2.5384615384615383
9 11.762066504923647 1.5384615384615385 1.1428571428571428 1.2527472527472527 1.2087912087912087 1.7582417582417582 1.2747252747252746 1.89010989010989 1.5604395604395604 0.967032967032967 1.6043956043956045 0.989010989010989 1.098901098901099 1.2087912087912087 1.4725274725274726 2.0 1.0769230769230769 1.5384615384615385 1.2527472527472527 1.010989010989011 1.6923076923076923
