20 8
TREE NETWORK (nID nID Weight):
18 0 41
3 18 58
4 0 32
13 0 37
15 13 58
9 18 33
10 18 54
16 3 33
5 0 58
11 18 34
12 4 57
19 16 36
7 18 49
1 15 33
14 12 31
2 4 59
8 12 59
6 9 39
17 2 58
PROGRAMS ASSIGNED TO NODES (nID pID1 pID2 ...):
0 1 2 3 4 5 6 7 8
1 1 2 5 6 8
3 1 3 8
4 1 2 5
5 1 3 4 5 6 7 8
6 1 2 3 7 8
7 1 3 6
8 5 6 7 8
9 2 3 5 6 7 8
11 2 3 4 5
12 1 2 4 5 7 8
13 3 5
14 2 8
15 1 2 3 6 8
16 1 5 7
17 3 4 5 6 7 8
19 1 2 4 5 6 7 8
SIZE OF PROGRAMS (pID SIZE):
1 46.0
2 62.0
3 49.0
4 90.0
5 51.0
6 55.0
7 70.0
8 71.0
COST TO INSTALL SERVERS AND PROGRAMS ON NODES (COST_TO_INSTALL_SERVER COST_TO_INSTALL_pID1 ...):
0 2097.777777777778 1.0222222222222221 1.3777777777777778 1.0888888888888888 2.0 1.1333333333333333 1.2222222222222223 1.5555555555555556 1.5777777777777777
1 8.205739360049707 1.0222222222222221 1.3777777777777778 1.0888888888888888 2.0 1.1333333333333333 1.2222222222222223 1.5555555555555556 1.5777777777777777
2 5.205372780468117 1.5333333333333334 2.066666666666667 1.6333333333333333 3.0 1.7 1.8333333333333333 2.3333333333333335 2.3666666666666667
3 7.936935385062662 1.0222222222222221 1.3777777777777778 1.0888888888888888 2.0 1.1333333333333333 1.2222222222222223 1.5555555555555556 1.5777777777777777
4 0.2229861111111111 1.0222222222222221 1.3777777777777778 1.0888888888888888 2.0 1.1333333333333333 1.2222222222222223 1.5555555555555556 1.5777777777777777
5 32.0 1.5333333333333334 2.066666666666667 1.6333333333333333 3.0 1.7 1.8333333333333333 2.3333333333333335 2.3666666666666667
6 15.297035899962726 1.0222222222222221 1.3777777777777778 1.0888888888888888 2.0 1.1333333333333333 1.2222222222222223 1.5555555555555556 1.5777777777777777
7 0.5159283225485318 1.5333333333333334 2.066666666666667 1.6333333333333333 3.0 1.7 1.8333333333333333 2.3333333333333335 2.3666666666666667
8 2.6874087806026368 1.0222222222222221 1.3777777777777778 1.0888888888888888 2.0 1.1333333333333333 1.2222222222222223 1.5555555555555556 1.5777777777777777
9 2.5888248337028803 1.5333333333333334 2.066666666666667 1.6333333333333333 3.0 1.7 1.8333333333333333 2.3333333333333335 2.3666666666666667
10 56.0 1.0222222222222221 1.3777777777777778 1.0888888888888888 2.0 1.1333333333333333 1.2222222222222223 1.5555555555555556 1.5777777777777777
11 4.384390243902439 1.5333333333333334 2.066666666666667 1.6333333333333333 3.0 1.7 1.8333333333333333 2.3333333333333335 2.3666666666666667
12 10.937550255847954 1.0222222222222221 1.3777777777777778 1.0888888888888888 2.0 1.1333333333333333 1.2222222222222223 1.5555555555555556 1.5777777777777777
13 0.7680137280137279 1.0222222222222221 1.3777777777777778 1.0888888888888888 2.0 1.1333333333333333 1.2222222222222223 1.5555555555555556 1.5777777777777777
14 2.9993343040621268 1.0222222222222221 1.3777777777777778 1.0888888888888888 2.0 1.1333333333333333 1.2222222222222223 1.5555555555555556 1.5777777777777777
15 5.627760913622985 1.0222222222222221 1.3777777777777778 1.0888888888888888 2.0 1.1333333333333333 1.2222222222222223 1.5555555555555556 1.5777777777777777
16 14.932371549812673 1.0222222222222221 1.3777777777777778 1.0888888888888888 2.0 1.1333333333333333 1.2222222222222223 1.5555555555555556 1.5777777777777777
17 5.931116915059418 1.5333333333333334 2.066666666666667 1.6333333333333333 3.0 1.7 1.8333333333333333 2.3333333333333335 2.3666666666666667
18 0.8865522433002108 1.0222222222222221 1.3777777777777778 1.0888888888888888 2.0 1.1333333333333333 1.2222222222222223 1.5555555555555556 1.5777777777777777
19 5.169272253655141 1.5333333333333334 2.066666666666667 1.6333333333333333 3.0 1.7 1.8333333333333333 2.3333333333333335 2.3666666666666667
