30 4
TREE NETWORK (nID nID Weight):
12 0 48
20 0 52
7 20 47
1 20 41
19 20 31
3 7 38
24 7 40
26 3 39
5 12 52
27 20 52
14 7 56
9 27 41
4 1 31
13 19 54
15 13 37
11 7 54
25 11 48
29 12 45
28 14 57
10 29 36
21 13 46
22 28 55
16 20 33
8 16 50
2 13 42
6 9 35
23 22 55
18 22 59
17 11 58
PROGRAMS ASSIGNED TO NODES (nID pID1 pID2 ...):
0 1 2 3 4
1 1 2
2 1
3 1 3
4 1
6 1 2 3
8 1 2
9 1 4
11 4
13 1 2 4
14 1 4
15 1 3 4
16 3
17 3
19 2 3
21 1
22 3
24 2 3 4
25 1 4
26 2
27 3 4
28 1
29 3 4
SIZE OF PROGRAMS (pID SIZE):
1 72.0
2 92.0
3 49.0
4 60.0
COST TO INSTALL SERVERS AND PROGRAMS ON NODES (COST_TO_INSTALL_SERVER COST_TO_INSTALL_pID1 ...):
0 1890.217391304348 2.347826086956522 3.0 1.5978260869565217 1.9565217391304348
1 0.09030100334448164 2.347826086956522 3.0 1.5978260869565217 1.9565217391304348
2 2.4238439447415607 2.347826086956522 3.0 1.5978260869565217 1.9565217391304348
3 2.1863039171257688 2.347826086956522 3.0 1.5978260869565217 1.9565217391304348
4 1.7135071270876696 2.347826086956522 3.0 1.5978260869565217 1.9565217391304348
5 14.0 1.565217391304348 2.0 1.065217391304348 1.3043478260869565
6 0.7421354573316399 1.565217391304348 2.0 1.065217391304348 1.3043478260869565
7 1.8328862164662358 2.347826086956522 3.0 1.5978260869565217 1.9565217391304348
8 4.339930542887065 2.347826086956522 3.0 1.5978260869565217 1.9565217391304348
9 5.366635737009545 2.347826086956522 3.0 1.5978260869565217 1.9565217391304348
10 67.0 2.347826086956522 3.0 1.5978260869565217 1.9565217391304348
11 0.3374451151856332 1.565217391304348 2.0 1.065217391304348 1.3043478260869565
12 48.0 1.565217391304348 2.0 1.065217391304348 1.3043478260869565
13 6.636391616019947 2.347826086956522 3.0 1.5978260869565217 1.9565217391304348
14 0.2330901002327922 2.347826086956522 3.0 1.5978260869565217 1.9565217391304348
15 10.90275203458934 1.565217391304348 2.0 1.065217391304348 1.3043478260869565
16 3.2561454849498337 1.565217391304348 2.0 1.065217391304348 1.3043478260869565
17 1.17659838475016 2.347826086956522 3.0 1.5978260869565217 1.9565217391304348
18 67.0 1.565217391304348 2.0 1.065217391304348 1.3043478260869565
19 2.0304172510518934 1.565217391304348 2.0 1.065217391304348 1.3043478260869565
20 1.9173913043478263 2.347826086956522 3.0 1.5978260869565217 1.9565217391304348
21 0.21289603337289176 2.347826086956522 3.0 1.5978260869565217 1.9565217391304348
22 0.1506296505278321 2.347826086956522 3.0 1.5978260869565217 1.9565217391304348
23 71.0 2.347826086956522 3.0 1.5978260869565217 1.9565217391304348
24 7.037932114139328 1.565217391304348 2.0 1.065217391304348 1.3043478260869565
25 0.38359257019062754 1.565217391304348 2.0 1.065217391304348 1.3043478260869565
26 3.5786875125620927 1.565217391304348 2.0 1.065217391304348 1.3043478260869565
27 3.8804347826086945 1.565217391304348 2.0 1.065217391304348 1.3043478260869565
28 2.512549778360248 1.565217391304348 2.0 1.065217391304348 1.3043478260869565
29 0.8906712962962962 1.565217391304348 2.0 1.065217391304348 1.3043478260869565
