10 2
TREE NETWORK (nID nID Weight):
3 0 56
7 3 44
4 3 37
8 4 39
1 4 46
2 3 46
9 1 33
6 7 52
5 4 49
PROGRAMS ASSIGNED TO NODES (nID pID1 pID2 ...):
0 1 2
1 1
2 2
3 1
5 1
7 1
SIZE OF PROGRAMS (pID SIZE):
1 96.0
2 67.0
COST TO INSTALL SERVERS AND PROGRAMS ON NODES (COST_TO_INSTALL_SERVER COST_TO_INSTALL_pID1 ...):
0 1509.375 3.0 2.09375
1 0.219791841530972 2.0 1.3958333333333333
2 0.30756017080745346 3.0 2.09375
3 76.0 2.0 1.3958333333333333
4 0.11544401544401546 2.0 1.3958333333333333
5 0.16340319911748488 3.0 2.09375
6 77.0 2.0 1.3958333333333333
7 1.042857142857143 2.0 1.3958333333333333
8 77.0 2.0 1.3958333333333333
9 12.0 2.0 1.3958333333333333
