30 8
TREE NETWORK (nID nID Weight):
11 0 37
15 11 48
18 0 33
20 18 51
9 0 53
26 18 58
7 15 49
19 20 58
22 11 36
14 26 55
10 0 32
6 22 42
29 6 54
21 22 36
5 15 37
25 6 35
3 19 59
27 9 54
2 10 57
8 18 59
24 10 39
12 20 51
23 25 49
4 0 41
16 23 48
17 19 33
28 14 56
1 21 37
13 21 57
PROGRAMS ASSIGNED TO NODES (nID pID1 pID2 ...):
0 1 2 3 4 5 6 7 8
1 1 2 4 5 6 7 8
3 3 5 6 8
4 7 8
5 1 4 7 8
6 3
7 3
8 2 5
9 1 5 6
10 1
11 4
12 3 8
13 1 2 4
14 6 7 8
15 1 2 3 4 6 7 8
16 1 2 3 4 6 7 8
18 1 2 4 5 8
19 3 7 8
20 2 3 5
21 1 3 6 7
22 3 4 5 7 8
23 1 2 3 5 6 7 8
24 1 2 3 4 5 6 7
25 1 5 8
27 2 5 6
28 6
29 1 2 4 6 7
SIZE OF PROGRAMS (pID SIZE):
1 52.0
2 71.0
3 69.0
4 88.0
5 52.0
6 89.0
7 90.0
8 45.0
COST TO INSTALL SERVERS AND PROGRAMS ON NODES (COST_TO_INSTALL_SERVER COST_TO_INSTALL_pID1 ...):
0 2853.333333333333 1.7333333333333334 2.3666666666666667 2.3 2.933333333333333 1.7333333333333334 2.966666666666667 3.0 1.5
1 34.36055555555555 1.7333333333333334 2.3666666666666667 2.3 2.933333333333333 1.7333333333333334 2.966666666666667 3.0 1.5
2 38.0 1.1555555555555554 1.5777777777777777 1.5333333333333334 1.9555555555555555 1.1555555555555554 1.9777777777777779 2.0 1.0
3 5.825636257372082 1.7333333333333334 2.3666666666666667 2.3 2.933333333333333 1.7333333333333334 2.966666666666667 3.0 1.5
4 46.0 1.7333333333333334 2.3666666666666667 2.3 2.933333333333333 1.7333333333333334 2.966666666666667 3.0 1.5
5 2.856841216216217 1.7333333333333334 2.3666666666666667 2.3 2.933333333333333 1.7333333333333334 2.966666666666667 3.0 1.5
6 1.5677005577005578 1.1555555555555554 1.5777777777777777 1.5333333333333334 1.9555555555555555 1.1555555555555554 1.9777777777777779 2.0 1.0
7 1.7474571382607096 1.1555555555555554 1.5777777777777777 1.5333333333333334 1.9555555555555555 1.1555555555555554 1.9777777777777779 2.0 1.0
8 1.2269465844889575 1.7333333333333334 2.3666666666666667 2.3 2.933333333333333 1.7333333333333334 2.966666666666667 3.0 1.5
9 48.0 1.7333333333333334 2.3666666666666667 2.3 2.933333333333333 1.7333333333333334 2.966666666666667 3.0 1.5
10 4.267204861111111 1.1555555555555554 1.5777777777777777 1.5333333333333334 1.9555555555555555 1.1555555555555554 1.9777777777777779 2.0 1.0
11 0.7151751751751751 1.7333333333333334 2.3666666666666667 2.3 2.933333333333333 1.7333333333333334 2.966666666666667 3.0 1.5
12 0.26959001782531195 1.1555555555555554 1.5777777777777777 1.5333333333333334 1.9555555555555555 1.1555555555555554 1.9777777777777779 2.0 1.0
13 9.040784732100523 1.1555555555555554 1.5777777777777777 1.5333333333333334 1.9555555555555555 1.1555555555555554 1.9777777777777779 2.0 1.0
14 2.17680250783699 1.7333333333333334 2.3666666666666667 2.3 2.933333333333333 1.7333333333333334 2.966666666666667 3.0 1.5
15 8.722094594594598 1.1555555555555554 1.5777777777777777 1.5333333333333334 1.9555555555555555 1.1555555555555554 1.9777777777777779 2.0 1.0
16 53.65678571428571 1.7333333333333334 2.3666666666666667 2.3 2.933333333333333 1.7333333333333334 2.966666666666667 3.0 1.5
17 23.0 1.7333333333333334 2.3666666666666667 2.3 2.933333333333333 1.7333333333333334 2.966666666666667 3.0 1.5
18 82.0 1.7333333333333334 2.3666666666666667 2.3 2.933333333333333 1.7333333333333334 2.966666666666667 3.0 1.5
19 8.52547329276538 1.1555555555555554 1.5777777777777777 1.5333333333333334 1.9555555555555555 1.1555555555555554 1.9777777777777779 2.0 1.0
20 6.255889992360579 1.7333333333333334 2.3666666666666667 2.3 2.933333333333333 1.7333333333333334 2.966666666666667 3.0 1.5
21 20.322662662662662 1.1555555555555554 1.5777777777777777 1.5333333333333334 1.9555555555555555 1.1555555555555554 1.9777777777777779 2.0 1.0
22 3.2498264931598286 1.7333333333333334 2.3666666666666667 2.3 2.933333333333333 1.7333333333333334 2.966666666666667 3.0 1.5
23 15.94859192525859 1.1555555555555554 1.5777777777777777 1.5333333333333334 1.9555555555555555 1.1555555555555554 1.9777777777777779 2.0 1.0
24 14.172606837606839 1.1555555555555554 1.5777777777777777 1.5333333333333334 1.9555555555555555 1.1555555555555554 1.9777777777777779 2.0 1.0
25 18.108561418561415 1.1555555555555554 1.5777777777777777 1.5333333333333334 1.9555555555555555 1.1555555555555554 1.9777777777777779 2.0 1.0
26 4.537735980494602 1.1555555555555554 1.5777777777777777 1.5333333333333334 1.9555555555555555 1.1555555555555554 1.9777777777777779 2.0 1.0
27 0.04296296296296296 1.7333333333333334 2.3666666666666667 2.3 2.933333333333333 1.7333333333333334 2.966666666666667 3.0 1.5
28 3.0036282156540777 1.1555555555555554 1.5777777777777777 1.5333333333333334 1.9555555555555555 1.1555555555555554 1.9777777777777779 2.0 1.0
29 16.06832904332904 1.1555555555555554 1.5777777777777777 1.5333333333333334 1.9555555555555555 1.1555555555555554 1.9777777777777779 2.0 1.0
