50 2
TREE NETWORK (nID nID Weight):
12 0 52
4 12 33
22 12 30
40 12 56
33 22 30
31 40 53
44 0 34
26 22 34
15 12 30
32 12 55
14 31 44
9 33 40
18 44 51
28 40 48
24 0 49
35 28 55
2 14 51
36 35 56
39 22 44
37 28 40
48 36 33
11 9 59
49 12 39
41 18 32
45 40 50
42 36 45
3 49 54
43 31 39
20 43 43
38 15 35
8 3 59
27 36 47
1 32 34
13 45 32
47 1 38
29 48 30
6 22 55
46 39 46
7 45 40
10 42 40
30 39 43
16 24 49
5 31 44
17 16 33
34 16 55
19 26 33
25 45 41
21 31 41
23 27 59
PROGRAMS ASSIGNED TO NODES (nID pID1 pID2 ...):
0 1 2
4 1
7 1
10 2
14 1
19 2
21 2
22 1
24 1
26 1
28 2
29 1
30 1
32 1
33 2
34 2
35 1
40 2
41 1
42 2
43 2
45 1
47 1
49 2
SIZE OF PROGRAMS (pID SIZE):
1 90.0
2 77.0
COST TO INSTALL SERVERS AND PROGRAMS ON NODES (COST_TO_INSTALL_SERVER COST_TO_INSTALL_pID1 ...):
0 1371.111111111111 2.0 1.711111111111111
1 2.2078054298642535 2.0 1.711111111111111
2 57.0 2.0 1.711111111111111
3 22.0 2.0 1.711111111111111
4 0.07290209790209792 3.0 2.566666666666667
5 28.0 3.0 2.566666666666667
6 36.0 2.0 1.711111111111111
7 0.2693956043956044 2.0 1.711111111111111
8 62.0 3.0 2.566666666666667
9 84.0 2.0 1.711111111111111
10 0.45799679487179495 2.0 1.711111111111111
11 89.0 2.0 1.711111111111111
12 103.0 2.0 1.711111111111111
13 15.0 2.0 1.711111111111111
14 2.794813912502592 2.0 1.711111111111111
15 84.0 3.0 2.566666666666667
16 0.3169047619047618 3.0 2.566666666666667
17 78.0 2.0 1.711111111111111
18 0.07058823529411766 3.0 2.566666666666667
19 3.3433446455505273 3.0 2.566666666666667
20 16.0 3.0 2.566666666666667
21 2.4615453988538434 2.0 1.711111111111111
22 0.1605769230769231 3.0 2.566666666666667
23 105.0 3.0 2.566666666666667
24 48.0 3.0 2.566666666666667
25 30.0 2.0 1.711111111111111
26 0.4061651583710408 3.0 2.566666666666667
27 50.0 3.0 2.566666666666667
28 0.20530906593406595 3.0 2.566666666666667
29 6.70103021978022 2.0 1.711111111111111
30 0.29346235160188655 3.0 2.566666666666667
31 0.1888979024120534 3.0 2.566666666666667
32 0.20192307692307715 3.0 2.566666666666667
33 2.226089743589744 3.0 2.566666666666667
34 1.0869047619047618 3.0 2.566666666666667
35 0.4499050255300254 2.0 1.711111111111111
36 0.5062343906093906 3.0 2.566666666666667
37 78.0 3.0 2.566666666666667
38 72.0 3.0 2.566666666666667
39 0.1888111888111888 3.0 2.566666666666667
40 0.9516519129019126 2.0 1.711111111111111
41 0.21121323529411767 3.0 2.566666666666667
42 0.3617467948717949 2.0 1.711111111111111
43 0.18581458635703918 3.0 2.566666666666667
44 25.0 3.0 2.566666666666667
45 0.10689560439560442 3.0 2.566666666666667
46 51.0 2.0 1.711111111111111
47 0.26913063716469293 3.0 2.566666666666667
48 5.05103021978022 2.0 1.711111111111111
49 0.08720085470085472 2.0 1.711111111111111
