20 6
TREE NETWORK (nID nID Weight):
11 0 44
10 11 59
7 11 35
4 11 56
15 11 58
2 7 49
9 4 40
17 10 33
13 4 56
3 0 44
1 10 52
16 15 43
14 9 30
5 7 40
8 0 49
6 5 45
19 7 46
12 1 58
18 7 36
PROGRAMS ASSIGNED TO NODES (nID pID1 pID2 ...):
0 1 2 3 4 5 6
1 3 4
2 1 2
3 1 3 4 5
6 4
9 1 2 3 4 6
10 2 3
12 1
13 2 4
14 3 4 5
18 1 4 6
19 4
SIZE OF PROGRAMS (pID SIZE):
1 59.0
2 41.0
3 82.0
4 68.0
5 68.0
6 95.0
COST TO INSTALL SERVERS AND PROGRAMS ON NODES (COST_TO_INSTALL_SERVER COST_TO_INSTALL_pID1 ...):
0 1869.4736842105265 1.2421052631578948 0.8631578947368421 1.7263157894736842 1.431578947368421 1.431578947368421 2.0
1 3.141382007822685 1.8631578947368421 1.2947368421052632 2.5894736842105264 2.1473684210526316 2.1473684210526316 3.0
2 3.63022003059597 1.2421052631578948 0.8631578947368421 1.7263157894736842 1.431578947368421 1.431578947368421 2.0
3 0.11596889952153089 1.2421052631578948 0.8631578947368421 1.7263157894736842 1.431578947368421 1.431578947368421 2.0
4 5.012832365003415 1.2421052631578948 0.8631578947368421 1.7263157894736842 1.431578947368421 1.431578947368421 2.0
5 1.6725187969924813 1.8631578947368421 1.2947368421052632 2.5894736842105264 2.1473684210526316 2.1473684210526316 3.0
6 2.5036299081035933 1.8631578947368421 1.2947368421052632 2.5894736842105264 2.1473684210526316 2.1473684210526316 3.0
7 1.988679084073821 1.2421052631578948 0.8631578947368421 1.7263157894736842 1.431578947368421 1.431578947368421 2.0
8 56.0 1.8631578947368421 1.2947368421052632 2.5894736842105264 2.1473684210526316 2.1473684210526316 3.0
9 2.708535543403965 1.8631578947368421 1.2947368421052632 2.5894736842105264 2.1473684210526316 2.1473684210526316 3.0
10 1.3158401589489894 1.8631578947368421 1.2947368421052632 2.5894736842105264 2.1473684210526316 2.1473684210526316 3.0
11 0.4297966507177028 1.2421052631578948 0.8631578947368421 1.7263157894736842 1.431578947368421 1.431578947368421 2.0
12 0.1314803980048989 1.8631578947368421 1.2947368421052632 2.5894736842105264 2.1473684210526316 2.1473684210526316 3.0
13 1.5622339940760988 1.2421052631578948 0.8631578947368421 1.7263157894736842 1.431578947368421 1.431578947368421 2.0
14 5.0923786739576204 1.2421052631578948 0.8631578947368421 1.7263157894736842 1.431578947368421 1.431578947368421 2.0
15 64.0 1.8631578947368421 1.2947368421052632 2.5894736842105264 2.1473684210526316 2.1473684210526316 3.0
16 40.0 1.8631578947368421 1.2947368421052632 2.5894736842105264 2.1473684210526316 2.1473684210526316 3.0
17 32.0 1.8631578947368421 1.2947368421052632 2.5894736842105264 2.1473684210526316 2.1473684210526316 3.0
18 8.435561631351105 1.8631578947368421 1.2947368421052632 2.5894736842105264 2.1473684210526316 2.1473684210526316 3.0
19 1.5505622752533503 1.8631578947368421 1.2947368421052632 2.5894736842105264 2.1473684210526316 2.1473684210526316 3.0
