10 8
TREE NETWORK (nID nID Weight):
4 0 53
9 4 53
3 9 57
8 9 44
7 8 57
2 0 50
6 7 52
1 9 56
5 3 46
PROGRAMS ASSIGNED TO NODES (nID pID1 pID2 ...):
0 1 2 3 4 5 6 7 8
1 6
2 2 3 4 5 8
3 1 2 3 4
4 4
5 2 3 4 5 7 8
6 2 3 4 6 8
7 1 2 3 4 7 8
8 8
9 3
SIZE OF PROGRAMS (pID SIZE):
1 50.0
2 75.0
3 42.0
4 54.0
5 52.0
6 98.0
7 47.0
8 63.0
COST TO INSTALL SERVERS AND PROGRAMS ON NODES (COST_TO_INSTALL_SERVER COST_TO_INSTALL_pID1 ...):
0 2472.448979591837 1.530612244897959 2.295918367346939 1.2857142857142858 1.653061224489796 1.5918367346938775 3.0 1.4387755102040816 1.9285714285714286
1 1.8964622641509437 1.0204081632653061 1.530612244897959 0.8571428571428571 1.1020408163265305 1.0612244897959184 2.0 0.9591836734693877 1.2857142857142858
2 97.0 1.530612244897959 2.295918367346939 1.2857142857142858 1.653061224489796 1.5918367346938775 3.0 1.4387755102040816 1.9285714285714286
3 7.558110910699934 1.530612244897959 2.295918367346939 1.2857142857142858 1.653061224489796 1.5918367346938775 3.0 1.4387755102040816 1.9285714285714286
4 3.914183031703249 1.0204081632653061 1.530612244897959 0.8571428571428571 1.1020408163265305 1.0612244897959184 2.0 0.9591836734693877 1.2857142857142858
5 6.328669200877165 1.0204081632653061 1.530612244897959 0.8571428571428571 1.1020408163265305 1.0612244897959184 2.0 0.9591836734693877 1.2857142857142858
6 22.53155699772241 1.0204081632653061 1.530612244897959 0.8571428571428571 1.1020408163265305 1.0612244897959184 2.0 0.9591836734693877 1.2857142857142858
7 16.26587357882577 1.530612244897959 2.295918367346939 1.2857142857142858 1.653061224489796 1.5918367346938775 3.0 1.4387755102040816 1.9285714285714286
8 0.6403013092029264 1.530612244897959 2.295918367346939 1.2857142857142858 1.653061224489796 1.5918367346938775 3.0 1.4387755102040816 1.9285714285714286
9 0.4167308432807086 1.0204081632653061 1.530612244897959 0.8571428571428571 1.1020408163265305 1.0612244897959184 2.0 0.9591836734693877 1.2857142857142858
