20 3
TREE NETWORK (nID nID Weight):
17 0 51
6 0 43
14 6 58
2 6 35
7 6 58
4 17 36
15 0 40
12 6 48
1 2 49
8 7 38
10 12 46
18 6 39
3 10 59
5 2 36
19 14 35
9 14 54
16 5 33
13 16 38
11 9 38
PROGRAMS ASSIGNED TO NODES (nID pID1 pID2 ...):
0 1 2 3
1 3
2 1
3 1 2
4 2
6 1 2
7 1
8 1 2
11 2 3
12 2 3
13 3
14 1 2
15 3
19 1
SIZE OF PROGRAMS (pID SIZE):
1 61.0
2 83.0
3 77.0
COST TO INSTALL SERVERS AND PROGRAMS ON NODES (COST_TO_INSTALL_SERVER COST_TO_INSTALL_pID1 ...):
0 1798.7951807228915 2.2048192771084336 3.0 2.783132530120482
1 0.18533522795500945 1.4698795180722892 2.0 1.855421686746988
2 1.4669623343873834 1.4698795180722892 2.0 1.855421686746988
3 0.4225035219970214 1.4698795180722892 2.0 1.855421686746988
4 0.046650326797385615 2.2048192771084336 3.0 2.783132530120482
5 1.840549718252856 2.2048192771084336 3.0 2.783132530120482
6 3.712230316615299 2.2048192771084336 3.0 2.783132530120482
7 0.9053245862358817 1.4698795180722892 2.0 1.855421686746988
8 0.307559499806511 1.4698795180722892 2.0 1.855421686746988
9 0.2793546099214644 1.4698795180722892 2.0 1.855421686746988
10 4.306731272917758 1.4698795180722892 2.0 1.855421686746988
11 5.640100497439107 2.2048192771084336 3.0 2.783132530120482
12 1.3255201036704956 1.4698795180722892 2.0 1.855421686746988
13 0.3853051577997014 2.2048192771084336 3.0 2.783132530120482
14 1.9935181785683227 1.4698795180722892 2.0 1.855421686746988
15 0.038268072289156664 1.4698795180722892 2.0 1.855421686746988
16 0.28398936832601723 2.2048192771084336 3.0 2.783132530120482
17 51.0 2.2048192771084336 3.0 2.783132530120482
18 50.0 2.2048192771084336 3.0 2.783132530120482
19 1.5088185276332735 1.4698795180722892 2.0 1.855421686746988
