10 7
TREE NETWORK (nID nID Weight):
8 0 48
3 8 30
1 0 35
4 8 51
5 0 33
6 8 37
9 5 44
7 3 37
2 9 59
PROGRAMS ASSIGNED TO NODES (nID pID1 pID2 ...):
0 1 2 3 4 5 6 7
1 4 6 7
2 1 3 4 5 6
3 2
4 1 2 3 5 7
5 7
7 1 2 3 4 5 6
8 3
9 2 3 4 5 6
SIZE OF PROGRAMS (pID SIZE):
1 96.0
2 67.0
3 69.0
4 43.0
5 76.0
6 50.0
7 49.0
COST TO INSTALL SERVERS AND PROGRAMS ON NODES (COST_TO_INSTALL_SERVER COST_TO_INSTALL_pID1 ...):
0 1937.5 2.0 1.3958333333333333 1.4375 0.8958333333333334 1.5833333333333333 1.0416666666666667 1.0208333333333333
1 0.3296428571428572 2.0 1.3958333333333333 1.4375 0.8958333333333334 1.5833333333333333 1.0416666666666667 1.0208333333333333
2 6.2923418507104945 2.0 1.3958333333333333 1.4375 0.8958333333333334 1.5833333333333333 1.0416666666666667 1.0208333333333333
3 12.125476190476189 2.0 1.3958333333333333 1.4375 0.8958333333333334 1.5833333333333333 1.0416666666666667 1.0208333333333333
4 5.016666666666668 2.0 1.3958333333333333 1.4375 0.8958333333333334 1.5833333333333333 1.0416666666666667 1.0208333333333333
5 25.0 3.0 2.09375 2.15625 1.34375 2.375 1.5625 1.53125
6 98.0 2.0 1.3958333333333333 1.4375 0.8958333333333334 1.5833333333333333 1.0416666666666667 1.0208333333333333
7 9.584551560489059 3.0 2.09375 2.15625 1.34375 2.375 1.5625 1.53125
8 49.0 3.0 2.09375 2.15625 1.34375 2.375 1.5625 1.53125
9 4.3344020562770575 2.0 1.3958333333333333 1.4375 0.8958333333333334 1.5833333333333333 1.0416666666666667 1.0208333333333333
