40 8
TREE NETWORK (nID nID Weight):
34 0 46
15 0 57
31 0 45
22 31 46
5 31 40
17 15 34
18 5 44
16 5 46
13 31 59
35 17 33
28 0 53
39 16 48
19 34 56
11 19 31
25 18 36
37 11 39
1 5 31
24 17 32
10 22 42
8 18 48
20 18 51
12 5 33
36 22 46
21 22 47
27 1 59
6 5 41
29 10 34
3 22 59
33 6 34
7 28 37
23 10 53
9 19 52
2 22 45
32 33 34
14 29 36
4 15 54
26 21 57
30 37 40
38 18 59
PROGRAMS ASSIGNED TO NODES (nID pID1 pID2 ...):
0 1 2 3 4 5 6 7 8
1 3 4 6 7 8
2 1 8
3 2
4 2 3 5 6 7 8
5 2 5
6 2 3 4
8 6 8
10 2 3 5 7
11 2 6 7
13 8
14 1 2 3 5 6 7 8
15 3 4
16 5 6
17 6
20 1 3 5 6 8
21 3 7 8
22 1 2 3 4 7 8
23 2 3 5 6 7 8
24 3 5 8
25 1 4 5 6 7 8
26 1 2 6 7
27 5 7
28 1 2 4 6 7 8
29 3 6 7
30 1 3 4 5 6 7
31 3 5 6
32 8
33 1 2 3 5 6
34 6
36 8
37 4 7
38 3 4 6 7 8
39 5 8
SIZE OF PROGRAMS (pID SIZE):
1 58.0
2 91.0
3 54.0
4 43.0
5 47.0
6 48.0
7 41.0
8 80.0
COST TO INSTALL SERVERS AND PROGRAMS ON NODES (COST_TO_INSTALL_SERVER COST_TO_INSTALL_pID1 ...):
0 2015.3846153846152 1.2747252747252746 2.0 1.1868131868131868 0.945054945054945 1.032967032967033 1.054945054945055 0.9010989010989011 1.7582417582417582
1 11.184601226346619 1.2747252747252746 2.0 1.1868131868131868 0.945054945054945 1.032967032967033 1.054945054945055 0.9010989010989011 1.7582417582417582
2 4.371929181929182 1.2747252747252746 2.0 1.1868131868131868 0.945054945054945 1.032967032967033 1.054945054945055 0.9010989010989011 1.7582417582417582
3 1.3985707852288545 1.9120879120879122 3.0 1.7802197802197801 1.4175824175824177 1.5494505494505495 1.5824175824175823 1.3516483516483517 2.6373626373626373
4 0.9805729984301412 1.2747252747252746 2.0 1.1868131868131868 0.945054945054945 1.032967032967033 1.054945054945055 0.9010989010989011 1.7582417582417582
5 10.950092592592593 1.2747252747252746 2.0 1.1868131868131868 0.945054945054945 1.032967032967033 1.054945054945055 0.9010989010989011 1.7582417582417582
6 8.88084291893743 1.2747252747252746 2.0 1.1868131868131868 0.945054945054945 1.032967032967033 1.054945054945055 0.9010989010989011 1.7582417582417582
7 29.0 1.9120879120879122 3.0 1.7802197802197801 1.4175824175824177 1.5494505494505495 1.5824175824175823 1.3516483516483517 2.6373626373626373
8 0.3700210900210901 1.9120879120879122 3.0 1.7802197802197801 1.4175824175824177 1.5494505494505495 1.5824175824175823 1.3516483516483517 2.6373626373626373
9 79.0 1.2747252747252746 2.0 1.1868131868131868 0.945054945054945 1.032967032967033 1.054945054945055 0.9010989010989011 1.7582417582417582
10 9.843397037744863 1.9120879120879122 3.0 1.7802197802197801 1.4175824175824177 1.5494505494505495 1.5824175824175823 1.3516483516483517 2.6373626373626373
11 0.9526376323536212 1.2747252747252746 2.0 1.1868131868131868 0.945054945054945 1.032967032967033 1.054945054945055 0.9010989010989011 1.7582417582417582
12 105.0 1.2747252747252746 2.0 1.1868131868131868 0.945054945054945 1.032967032967033 1.054945054945055 0.9010989010989011 1.7582417582417582
13 0.0687734111462925 1.2747252747252746 2.0 1.1868131868131868 0.945054945054945 1.032967032967033 1.054945054945055 0.9010989010989011 1.7582417582417582
14 7.55118425798413 1.2747252747252746 2.0 1.1868131868131868 0.945054945054945 1.032967032967033 1.054945054945055 0.9010989010989011 1.7582417582417582
15 0.7866589550800072 1.2747252747252746 2.0 1.1868131868131868 0.945054945054945 1.032967032967033 1.054945054945055 0.9010989010989011 1.7582417582417582
16 5.039204756596062 1.9120879120879122 3.0 1.7802197802197801 1.4175824175824177 1.5494505494505495 1.5824175824175823 1.3516483516483517 2.6373626373626373
17 2.7228793136687903 1.9120879120879122 3.0 1.7802197802197801 1.4175824175824177 1.5494505494505495 1.5824175824175823 1.3516483516483517 2.6373626373626373
18 7.546271367521365 1.9120879120879122 3.0 1.7802197802197801 1.4175824175824177 1.5494505494505495 1.5824175824175823 1.3516483516483517 2.6373626373626373
19 1.3928033922599135 1.9120879120879122 3.0 1.7802197802197801 1.4175824175824177 1.5494505494505495 1.5824175824175823 1.3516483516483517 2.6373626373626373
20 13.899939001630177 1.2747252747252746 2.0 1.1868131868131868 0.945054945054945 1.032967032967033 1.054945054945055 0.9010989010989011 1.7582417582417582
21 10.000458991253229 1.2747252747252746 2.0 1.1868131868131868 0.945054945054945 1.032967032967033 1.054945054945055 0.9010989010989011 1.7582417582417582
22 9.535636070853466 1.2747252747252746 2.0 1.1868131868131868 0.945054945054945 1.032967032967033 1.054945054945055 0.9010989010989011 1.7582417582417582
23 3.7367051640495914 1.9120879120879122 3.0 1.7802197802197801 1.4175824175824177 1.5494505494505495 1.5824175824175823 1.3516483516483517 2.6373626373626373
24 6.550548032978376 1.9120879120879122 3.0 1.7802197802197801 1.4175824175824177 1.5494505494505495 1.5824175824175823 1.3516483516483517 2.6373626373626373
25 21.78277918510061 1.2747252747252746 2.0 1.1868131868131868 0.945054945054945 1.032967032967033 1.054945054945055 0.9010989010989011 1.7582417582417582
26 7.706345705460073 1.9120879120879122 3.0 1.7802197802197801 1.4175824175824177 1.5494505494505495 1.5824175824175823 1.3516483516483517 2.6373626373626373
27 4.002362424850123 1.9120879120879122 3.0 1.7802197802197801 1.4175824175824177 1.5494505494505495 1.5824175824175823 1.3516483516483517 2.6373626373626373
28 56.0 1.2747252747252746 2.0 1.1868131868131868 0.945054945054945 1.032967032967033 1.054945054945055 0.9010989010989011 1.7582417582417582
29 5.514378702428575 1.2747252747252746 2.0 1.1868131868131868 0.945054945054945 1.032967032967033 1.054945054945055 0.9010989010989011 1.7582417582417582
30 5.641176799557884 1.2747252747252746 2.0 1.1868131868131868 0.945054945054945 1.032967032967033 1.054945054945055 0.9010989010989011 1.7582417582417582
31 0.08085470085470056 1.2747252747252746 2.0 1.1868131868131868 0.945054945054945 1.032967032967033 1.054945054945055 0.9010989010989011 1.7582417582417582
32 0.389875850277572 1.9120879120879122 3.0 1.7802197802197801 1.4175824175824177 1.5494505494505495 1.5824175824175823 1.3516483516483517 2.6373626373626373
33 18.567954459457333 1.2747252747252746 2.0 1.1868131868131868 0.945054945054945 1.032967032967033 1.054945054945055 0.9010989010989011 1.7582417582417582
34 3.0753463927376976 1.2747252747252746 2.0 1.1868131868131868 0.945054945054945 1.032967032967033 1.054945054945055 0.9010989010989011 1.7582417582417582
35 68.0 1.9120879120879122 3.0 1.7802197802197801 1.4175824175824177 1.5494505494505495 1.5824175824175823 1.3516483516483517 2.6373626373626373
36 1.440271805489197 1.9120879120879122 3.0 1.7802197802197801 1.4175824175824177 1.5494505494505495 1.5824175824175823 1.3516483516483517 2.6373626373626373
37 1.0987773184038965 1.2747252747252746 2.0 1.1868131868131868 0.945054945054945 1.032967032967033 1.054945054945055 0.9010989010989011 1.7582417582417582
38 10.281163448917688 1.9120879120879122 3.0 1.7802197802197801 1.4175824175824177 1.5494505494505495 1.5824175824175823 1.3516483516483517 2.6373626373626373
39 3.301541259666259 1.2747252747252746 2.0 1.1868131868131868 0.945054945054945 1.032967032967033 1.054945054945055 0.9010989010989011 1.7582417582417582
