40 7
TREE NETWORK (nID nID Weight):
8 0 54
34 8 46
31 34 30
32 8 33
1 32 49
29 32 55
2 34 40
36 8 34
7 0 42
11 1 57
10 8 42
5 10 54
21 31 34
12 10 38
27 21 47
20 2 36
25 8 44
19 36 51
13 1 41
39 19 49
16 0 37
28 12 43
35 11 34
3 28 42
22 2 52
9 3 56
38 39 52
17 25 57
6 25 58
23 17 53
30 28 57
4 7 31
24 3 55
15 16 37
18 13 37
33 21 49
37 5 34
26 1 57
14 35 45
PROGRAMS ASSIGNED TO NODES (nID pID1 pID2 ...):
0 1 2 3 4 5 6 7
1 4 5
2 1 2 3 5 6 7
3 1 4
4 2 3 6 7
5 7
6 1 2 3 4 5 6
7 2 4 5
8 1 2 3 4 6
9 6 7
10 1 3 5 7
11 3 5 7
14 3
15 1 6
16 2 3 4 5 6 7
17 4 5 7
18 2 3 4 5 6 7
19 1 2 3 6
20 4
21 1 2 3 6
22 1 2 3 4 7
24 3 4 5 6
25 2 3 4 5 7
27 3 6 7
28 1 2 4 5 6
31 7
32 2 4
33 1 3 4 6 7
34 3 6
35 3 4 5
36 4
37 1 2 4
38 1 2 4
39 2 4 5 6 7
SIZE OF PROGRAMS (pID SIZE):
1 57.0
2 83.0
3 68.0
4 54.0
5 90.0
6 98.0
7 70.0
COST TO INSTALL SERVERS AND PROGRAMS ON NODES (COST_TO_INSTALL_SERVER COST_TO_INSTALL_pID1 ...):
0 2061.2244897959185 1.163265306122449 1.6938775510204083 1.3877551020408163 1.1020408163265305 1.836734693877551 2.0 1.4285714285714286
1 17.276202501202505 1.163265306122449 1.6938775510204083 1.3877551020408163 1.1020408163265305 1.836734693877551 2.0 1.4285714285714286
2 9.9085855598278 1.7448979591836735 2.5408163265306123 2.0816326530612246 1.653061224489796 2.7551020408163267 3.0 2.142857142857143
3 33.734244443439984 1.7448979591836735 2.5408163265306123 2.0816326530612246 1.653061224489796 2.7551020408163267 3.0 2.142857142857143
4 9.669053105113012 1.163265306122449 1.6938775510204083 1.3877551020408163 1.1020408163265305 1.836734693877551 2.0 1.4285714285714286
5 0.399092970521542 1.7448979591836735 2.5408163265306123 2.0816326530612246 1.653061224489796 2.7551020408163267 3.0 2.142857142857143
6 6.003064347100238 1.7448979591836735 2.5408163265306123 2.0816326530612246 1.653061224489796 2.7551020408163267 3.0 2.142857142857143
7 0.3037172011661809 1.163265306122449 1.6938775510204083 1.3877551020408163 1.1020408163265305 1.836734693877551 2.0 1.4285714285714286
8 60.0 1.7448979591836735 2.5408163265306123 2.0816326530612246 1.653061224489796 2.7551020408163267 3.0 2.142857142857143
9 0.8648141672009482 1.7448979591836735 2.5408163265306123 2.0816326530612246 1.653061224489796 2.7551020408163267 3.0 2.142857142857143
10 3.35071806500378 1.7448979591836735 2.5408163265306123 2.0816326530612246 1.653061224489796 2.7551020408163267 3.0 2.142857142857143
11 7.126872375744559 1.7448979591836735 2.5408163265306123 2.0816326530612246 1.653061224489796 2.7551020408163267 3.0 2.142857142857143
12 13.349087003222348 1.7448979591836735 2.5408163265306123 2.0816326530612246 1.653061224489796 2.7551020408163267 3.0 2.142857142857143
13 16.22216444350591 1.163265306122449 1.6938775510204083 1.3877551020408163 1.1020408163265305 1.836734693877551 2.0 1.4285714285714286
14 0.40119794435583905 1.163265306122449 1.6938775510204083 1.3877551020408163 1.1020408163265305 1.836734693877551 2.0 1.4285714285714286
15 0.18167402095973528 1.7448979591836735 2.5408163265306123 2.0816326530612246 1.653061224489796 2.7551020408163267 3.0 2.142857142857143
16 2.753447324875896 1.163265306122449 1.6938775510204083 1.3877551020408163 1.1020408163265305 1.836734693877551 2.0 1.4285714285714286
17 3.3164806858415874 1.7448979591836735 2.5408163265306123 2.0816326530612246 1.653061224489796 2.7551020408163267 3.0 2.142857142857143
18 19.949768651212157 1.7448979591836735 2.5408163265306123 2.0816326530612246 1.653061224489796 2.7551020408163267 3.0 2.142857142857143
19 12.960984393757506 1.7448979591836735 2.5408163265306123 2.0816326530612246 1.653061224489796 2.7551020408163267 3.0 2.142857142857143
20 0.16854259094942328 1.7448979591836735 2.5408163265306123 2.0816326530612246 1.653061224489796 2.7551020408163267 3.0 2.142857142857143
21 11.9231181223352 1.163265306122449 1.6938775510204083 1.3877551020408163 1.1020408163265305 1.836734693877551 2.0 1.4285714285714286
22 3.8754927317142656 1.7448979591836735 2.5408163265306123 2.0816326530612246 1.653061224489796 2.7551020408163267 3.0 2.142857142857143
23 96.0 1.7448979591836735 2.5408163265306123 2.0816326530612246 1.653061224489796 2.7551020408163267 3.0 2.142857142857143
24 14.407384627379384 1.7448979591836735 2.5408163265306123 2.0816326530612246 1.653061224489796 2.7551020408163267 3.0 2.142857142857143
25 3.7323747680890524 1.7448979591836735 2.5408163265306123 2.0816326530612246 1.653061224489796 2.7551020408163267 3.0 2.142857142857143
26 39.0 1.163265306122449 1.6938775510204083 1.3877551020408163 1.1020408163265305 1.836734693877551 2.0 1.4285714285714286
27 1.2256799177683204 1.163265306122449 1.6938775510204083 1.3877551020408163 1.1020408163265305 1.836734693877551 2.0 1.4285714285714286
28 15.799617630269843 1.163265306122449 1.6938775510204083 1.3877551020408163 1.1020408163265305 1.836734693877551 2.0 1.4285714285714286
29 67.0 1.163265306122449 1.6938775510204083 1.3877551020408163 1.1020408163265305 1.836734693877551 2.0 1.4285714285714286
30 17.0 1.7448979591836735 2.5408163265306123 2.0816326530612246 1.653061224489796 2.7551020408163267 3.0 2.142857142857143
31 16.76477749139684 1.7448979591836735 2.5408163265306123 2.0816326530612246 1.653061224489796 2.7551020408163267 3.0 2.142857142857143
32 6.44362232627539 1.7448979591836735 2.5408163265306123 2.0816326530612246 1.653061224489796 2.7551020408163267 3.0 2.142857142857143
33 7.744089861387389 1.163265306122449 1.6938775510204083 1.3877551020408163 1.1020408163265305 1.836734693877551 2.0 1.4285714285714286
34 2.758585559827796 1.7448979591836735 2.5408163265306123 2.0816326530612246 1.653061224489796 2.7551020408163267 3.0 2.142857142857143
35 5.442448622192099 1.7448979591836735 2.5408163265306123 2.0816326530612246 1.653061224489796 2.7551020408163267 3.0 2.142857142857143
36 2.7016139789249047 1.7448979591836735 2.5408163265306123 2.0816326530612246 1.653061224489796 2.7551020408163267 3.0 2.142857142857143
37 0.6775465741852297 1.163265306122449 1.6938775510204083 1.3877551020408163 1.1020408163265305 1.836734693877551 2.0 1.4285714285714286
38 11.882859126556609 1.7448979591836735 2.5408163265306123 2.0816326530612246 1.653061224489796 2.7551020408163267 3.0 2.142857142857143
39 18.970494864612515 1.163265306122449 1.6938775510204083 1.3877551020408163 1.1020408163265305 1.836734693877551 2.0 1.4285714285714286
