40 3
TREE NETWORK (nID nID Weight):
22 0 52
35 0 53
15 22 49
20 22 47
29 15 40
38 0 40
32 0 40
39 38 53
5 20 35
12 38 54
21 0 56
11 29 46
28 11 54
6 38 56
10 22 52
23 22 33
3 38 59
31 10 35
33 10 53
16 31 48
26 16 34
7 38 35
27 12 45
4 39 47
13 35 38
19 7 53
1 3 57
30 10 45
14 4 30
8 38 37
18 15 43
37 4 43
25 22 37
34 27 46
36 33 45
17 29 48
9 35 31
24 13 39
2 28 35
PROGRAMS ASSIGNED TO NODES (nID pID1 pID2 ...):
0 1 2 3
2 1
3 3
4 1
6 1 2
7 1
8 2 3
9 1
10 1 3
11 3
12 1 2
15 3
17 2 3
18 1 2
19 3
20 3
21 2
23 2
24 3
25 1 3
26 1 3
27 1
28 2
29 1 2
30 2
31 3
32 3
33 1
36 2 3
37 1 2
38 2
39 3
SIZE OF PROGRAMS (pID SIZE):
1 90.0
2 66.0
3 56.0
COST TO INSTALL SERVERS AND PROGRAMS ON NODES (COST_TO_INSTALL_SERVER COST_TO_INSTALL_pID1 ...):
0 1471.111111111111 2.0 1.4666666666666666 1.2444444444444445
1 60.0 3.0 2.2 1.8666666666666667
2 0.4506060450936227 3.0 2.2 1.8666666666666667
3 0.024124293785310738 3.0 2.2 1.8666666666666667
4 3.5564906998528043 3.0 2.2 1.8666666666666667
5 85.0 2.0 1.4666666666666666 1.2444444444444445
6 1.2339682539682535 2.0 1.4666666666666666 1.2444444444444445
7 0.22884920634920636 2.0 1.4666666666666666 1.2444444444444445
8 0.1818093093093093 2.0 1.4666666666666666 1.2444444444444445
9 0.08006695069993915 3.0 2.2 1.8666666666666667
10 0.8697435897435896 3.0 2.2 1.8666666666666667
11 0.6800519115115388 2.0 1.4666666666666666 1.2444444444444445
12 0.16611111111111115 2.0 1.4666666666666666 1.2444444444444445
13 0.3649917245945051 3.0 2.2 1.8666666666666667
14 64.0 2.0 1.4666666666666666 1.2444444444444445
15 2.9538740624454913 2.0 1.4666666666666666 1.2444444444444445
16 3.6738802401302397 2.0 1.4666666666666666 1.2444444444444445
17 2.9579937060294204 2.0 1.4666666666666666 1.2444444444444445
18 0.23057902230659708 3.0 2.2 1.8666666666666667
19 0.10949685534591194 3.0 2.2 1.8666666666666667
20 0.02008728859792688 3.0 2.2 1.8666666666666667
21 44.0 3.0 2.2 1.8666666666666667
22 62.0 2.0 1.4666666666666666 1.2444444444444445
23 0.5880769230769229 3.0 2.2 1.8666666666666667
24 0.13608704877821065 2.0 1.4666666666666666 1.2444444444444445
25 2.51492222992223 2.0 1.4666666666666666 1.2444444444444445
26 8.783417097608272 3.0 2.2 1.8666666666666667
27 1.604166666666667 3.0 2.2 1.8666666666666667
28 0.5581933353051366 3.0 2.2 1.8666666666666667
29 0.33183935112506546 3.0 2.2 1.8666666666666667
30 0.12692307692307692 2.0 1.4666666666666666 1.2444444444444445
31 0.3271184371184372 2.0 1.4666666666666666 1.2444444444444445
32 0.007777777777777772 2.0 1.4666666666666666 1.2444444444444445
33 4.06974358974359 3.0 2.2 1.8666666666666667
34 33.0 2.0 1.4666666666666666 1.2444444444444445
35 35.0 3.0 2.2 1.8666666666666667
36 0.2819319464602483 3.0 2.2 1.8666666666666667
37 3.2930066534096385 3.0 2.2 1.8666666666666667
38 0.3533333333333335 3.0 2.2 1.8666666666666667
39 0.11166666666666672 3.0 2.2 1.8666666666666667
