40 6
TREE NETWORK (nID nID Weight):
16 0 57
12 16 57
20 12 49
15 16 42
26 12 57
34 26 31
14 12 50
39 15 52
28 0 35
8 16 55
23 12 50
19 8 32
5 14 52
32 20 57
22 32 55
37 26 44
7 5 57
38 7 56
2 22 36
3 28 52
1 38 58
4 0 50
30 5 34
10 3 42
35 15 41
36 22 42
29 5 43
18 3 51
9 23 54
33 16 58
6 3 43
17 29 54
11 8 49
25 1 44
27 16 48
13 25 30
24 12 49
21 7 46
31 11 37
PROGRAMS ASSIGNED TO NODES (nID pID1 pID2 ...):
0 1 2 3 4 5 6
1 2
3 2 4
5 6
6 2 4
7 1 2 3 4 5
9 3 5 6
10 1
11 1 2 3 4 5
12 2 4 6
14 2 3 4 6
15 2 4
16 1 2 4
17 1 2 4 5 6
18 2 3 4 5 6
19 1 3 4
20 1 5 6
21 5
22 4
23 1 5 6
24 2 5
26 1 2 3 4
28 1 2 3 4 5
29 1 2 4 6
30 1 5 6
31 3 4 5
32 1
33 1 2 3 4 6
34 4
35 2 3 4 5
36 1 2 5
37 2 3 5
38 1 2 5 6
39 1 4 5 6
SIZE OF PROGRAMS (pID SIZE):
1 56.0
2 88.0
3 63.0
4 71.0
5 63.0
6 45.0
COST TO INSTALL SERVERS AND PROGRAMS ON NODES (COST_TO_INSTALL_SERVER COST_TO_INSTALL_pID1 ...):
0 2315.909090909091 1.9090909090909092 3.0 2.147727272727273 2.4204545454545454 2.147727272727273 1.5340909090909092
1 5.044906124728266 1.2727272727272727 2.0 1.4318181818181819 1.6136363636363635 1.4318181818181819 1.0227272727272727
2 93.0 1.9090909090909092 3.0 2.147727272727273 2.4204545454545454 2.147727272727273 1.5340909090909092
3 0.2646278721278721 1.9090909090909092 3.0 2.147727272727273 2.4204545454545454 2.147727272727273 1.5340909090909092
4 60.0 1.9090909090909092 3.0 2.147727272727273 2.4204545454545454 2.147727272727273 1.5340909090909092
5 0.7763922831554413 1.9090909090909092 3.0 2.147727272727273 2.4204545454545454 2.147727272727273 1.5340909090909092
6 0.38422937527588696 1.2727272727272727 2.0 1.4318181818181819 1.6136363636363635 1.4318181818181819 1.0227272727272727
7 4.3006709869078295 1.9090909090909092 3.0 2.147727272727273 2.4204545454545454 2.147727272727273 1.5340909090909092
8 3.176593567251462 1.2727272727272727 2.0 1.4318181818181819 1.6136363636363635 1.4318181818181819 1.0227272727272727
9 6.960242424242423 1.2727272727272727 2.0 1.4318181818181819 1.6136363636363635 1.4318181818181819 1.0227272727272727
10 1.1556410256410257 1.9090909090909092 3.0 2.147727272727273 2.4204545454545454 2.147727272727273 1.5340909090909092
11 4.366795261964435 1.2727272727272727 2.0 1.4318181818181819 1.6136363636363635 1.4318181818181819 1.0227272727272727
12 0.9201469583048527 1.2727272727272727 2.0 1.4318181818181819 1.6136363636363635 1.4318181818181819 1.0227272727272727
13 71.0 1.9090909090909092 3.0 2.147727272727273 2.4204545454545454 2.147727272727273 1.5340909090909092
14 7.762346548188652 1.2727272727272727 2.0 1.4318181818181819 1.6136363636363635 1.4318181818181819 1.0227272727272727
15 2.142533688116393 1.9090909090909092 3.0 2.147727272727273 2.4204545454545454 2.147727272727273 1.5340909090909092
16 48.0 1.2727272727272727 2.0 1.4318181818181819 1.6136363636363635 1.4318181818181819 1.0227272727272727
17 14.56763965083152 1.9090909090909092 3.0 2.147727272727273 2.4204545454545454 2.147727272727273 1.5340909090909092
18 0.7372656755009696 1.2727272727272727 2.0 1.4318181818181819 1.6136363636363635 1.4318181818181819 1.0227272727272727
19 0.31240530303030306 1.9090909090909092 3.0 2.147727272727273 2.4204545454545454 2.147727272727273 1.5340909090909092
20 9.349430529787673 1.2727272727272727 2.0 1.4318181818181819 1.6136363636363635 1.4318181818181819 1.0227272727272727
21 2.7550412339376873 1.9090909090909092 3.0 2.147727272727273 2.4204545454545454 2.147727272727273 1.5340909090909092
22 4.76035299287179 1.2727272727272727 2.0 1.4318181818181819 1.6136363636363635 1.4318181818181819 1.0227272727272727
23 3.0980793460925025 1.9090909090909092 3.0 2.147727272727273 2.4204545454545454 2.147727272727273 1.5340909090909092
24 2.3163748792978116 1.9090909090909092 3.0 2.147727272727273 2.4204545454545454 2.147727272727273 1.5340909090909092
25 79.0 1.9090909090909092 3.0 2.147727272727273 2.4204545454545454 2.147727272727273 1.5340909090909092
26 7.308114035087718 1.2727272727272727 2.0 1.4318181818181819 1.6136363636363635 1.4318181818181819 1.0227272727272727
27 89.0 1.2727272727272727 2.0 1.4318181818181819 1.6136363636363635 1.4318181818181819 1.0227272727272727
28 6.195514842300557 1.9090909090909092 3.0 2.147727272727273 2.4204545454545454 2.147727272727273 1.5340909090909092
29 14.695347513597515 1.9090909090909092 3.0 2.147727272727273 2.4204545454545454 2.147727272727273 1.5340909090909092
30 9.136681951691243 1.9090909090909092 3.0 2.147727272727273 2.4204545454545454 2.147727272727273 1.5340909090909092
31 9.524334634409824 1.2727272727272727 2.0 1.4318181818181819 1.6136363636363635 1.4318181818181819 1.0227272727272727
32 3.4967166292354266 1.2727272727272727 2.0 1.4318181818181819 1.6136363636363635 1.4318181818181819 1.0227272727272727
33 0.19473615464994767 1.2727272727272727 2.0 1.4318181818181819 1.6136363636363635 1.4318181818181819 1.0227272727272727
34 2.427440577249576 1.2727272727272727 2.0 1.4318181818181819 1.6136363636363635 1.4318181818181819 1.0227272727272727
35 4.059461118150141 1.9090909090909092 3.0 2.147727272727273 2.4204545454545454 2.147727272727273 1.5340909090909092
36 0.9553444487842985 1.2727272727272727 2.0 1.4318181818181819 1.6136363636363635 1.4318181818181819 1.0227272727272727
37 6.194736842105262 1.2727272727272727 2.0 1.4318181818181819 1.6136363636363635 1.4318181818181819 1.0227272727272727
38 4.7646006624954 1.9090909090909092 3.0 2.147727272727273 2.4204545454545454 2.147727272727273 1.5340909090909092
39 2.2240916977759078 1.2727272727272727 2.0 1.4318181818181819 1.6136363636363635 1.4318181818181819 1.0227272727272727
