30 5
TREE NETWORK (nID nID Weight):
2 0 51
14 0 40
26 14 41
10 26 43
5 0 38
20 14 53
23 2 52
16 0 50
25 23 53
6 14 56
24 2 40
22 5 53
15 23 54
12 23 46
4 6 38
21 0 44
13 12 53
9 25 34
17 24 35
29 9 41
19 22 34
11 21 56
3 12 45
7 11 37
28 17 39
8 12 43
1 24 36
27 5 57
18 20 40
PROGRAMS ASSIGNED TO NODES (nID pID1 pID2 ...):
0 1 2 3 4 5
3 3 5
4 2
5 3 4 5
6 2 3 4 5
7 1 2 3 4
8 2 5
9 3
10 4 5
11 1
12 5
13 1
14 2 3 4 5
15 2 3 5
16 2 3 4
17 2 3 5
18 1 2 3 5
20 1 2 4
21 1 3 4 5
22 1 3 5
24 2 3
25 2 3 4 5
26 5
27 1 2 3 4
28 2
29 2 3 4 5
SIZE OF PROGRAMS (pID SIZE):
1 77.0
2 92.0
3 87.0
4 49.0
5 86.0
COST TO INSTALL SERVERS AND PROGRAMS ON NODES (COST_TO_INSTALL_SERVER COST_TO_INSTALL_pID1 ...):
0 1850.0 1.673913043478261 2.0 1.891304347826087 1.065217391304348 1.8695652173913044
1 76.0 1.673913043478261 2.0 1.891304347826087 1.065217391304348 1.8695652173913044
2 37.0 2.510869565217391 3.0 2.8369565217391304 1.5978260869565217 2.8043478260869565
3 6.222880881077812 2.510869565217391 3.0 2.8369565217391304 1.5978260869565217 2.8043478260869565
4 0.1681954887218045 2.510869565217391 3.0 2.8369565217391304 1.5978260869565217 2.8043478260869565
5 31.0 2.510869565217391 3.0 2.8369565217391304 1.5978260869565217 2.8043478260869565
6 5.63639751552795 1.673913043478261 2.0 1.891304347826087 1.065217391304348 1.8695652173913044
7 6.939294584675019 2.510869565217391 3.0 2.8369565217391304 1.5978260869565217 2.8043478260869565
8 4.23690968933787 1.673913043478261 2.0 1.891304347826087 1.065217391304348 1.8695652173913044
9 0.8558008134155412 2.510869565217391 3.0 2.8369565217391304 1.5978260869565217 2.8043478260869565
10 2.071933494044243 2.510869565217391 3.0 2.8369565217391304 1.5978260869565217 2.8043478260869565
11 1.0946675607001695 2.510869565217391 3.0 2.8369565217391304 1.5978260869565217 2.8043478260869565
12 6.217519181585678 2.510869565217391 3.0 2.8369565217391304 1.5978260869565217 2.8043478260869565
13 2.4438718375594073 1.673913043478261 2.0 1.891304347826087 1.065217391304348 1.8695652173913044
14 0.06375000000000001 1.673913043478261 2.0 1.891304347826087 1.065217391304348 1.8695652173913044
15 0.32791676685538573 2.510869565217391 3.0 2.8369565217391304 1.5978260869565217 2.8043478260869565
16 87.0 1.673913043478261 2.0 1.891304347826087 1.065217391304348 1.8695652173913044
17 3.22536079649251 2.510869565217391 3.0 2.8369565217391304 1.5978260869565217 2.8043478260869565
18 10.476730926989335 1.673913043478261 2.0 1.891304347826087 1.065217391304348 1.8695652173913044
19 43.0 2.510869565217391 3.0 2.8369565217391304 1.5978260869565217 2.8043478260869565
20 0.22011792452830187 2.510869565217391 3.0 2.8369565217391304 1.5978260869565217 2.8043478260869565
21 0.2125000000000002 1.673913043478261 2.0 1.891304347826087 1.065217391304348 1.8695652173913044
22 0.2930572945900436 1.673913043478261 2.0 1.891304347826087 1.065217391304348 1.8695652173913044
23 3.6772435897435902 1.673913043478261 2.0 1.891304347826087 1.065217391304348 1.8695652173913044
24 0.15898870417732303 2.510869565217391 3.0 2.8369565217391304 1.5978260869565217 2.8043478260869565
25 9.599700784585938 1.673913043478261 2.0 1.891304347826087 1.065217391304348 1.8695652173913044
26 1.4309451219512195 1.673913043478261 2.0 1.891304347826087 1.065217391304348 1.8695652173913044
27 2.9168096872616314 2.510869565217391 3.0 2.8369565217391304 1.5978260869565217 2.8043478260869565
28 0.30457336780866195 2.510869565217391 3.0 2.8369565217391304 1.5978260869565217 2.8043478260869565
29 21.058369925625176 2.510869565217391 3.0 2.8369565217391304 1.5978260869565217 2.8043478260869565
