50 4
TREE NETWORK (nID nID Weight):
21 0 36
22 0 54
47 22 40
29 22 39
9 22 32
43 9 57
24 21 52
40 24 48
8 0 51
44 0 34
23 9 31
27 9 46
5 21 52
34 43 56
32 23 41
28 29 56
41 21 54
45 41 42
19 29 51
48 32 40
36 48 50
7 34 57
12 8 41
33 21 32
18 43 44
17 44 48
3 5 58
11 44 53
1 23 39
6 45 40
25 18 43
38 21 58
15 29 49
37 6 41
10 37 52
14 10 33
16 19 35
39 48 41
2 9 37
30 24 45
35 45 53
4 32 50
20 27 59
42 17 40
26 29 49
13 45 47
49 18 31
46 38 30
31 4 53
PROGRAMS ASSIGNED TO NODES (nID pID1 pID2 ...):
0 1 2 3 4
1 1 2 4
2 1 4
3 2 3
4 1 4
5 2 3
6 1 3 4
7 1 2 4
8 2 3
9 2
10 3
12 4
13 1 2 3
14 1 3 4
15 2 3 4
16 1 2 4
17 1 2
18 2
19 1 2 4
20 1 3 4
21 1 2 4
22 3
23 4
25 1 2 4
26 2 3 4
28 3 4
29 2 3 4
30 2 4
32 1 2 4
33 4
35 2
37 1 2
38 1 2 4
41 2
44 3
46 3
47 1 3 4
49 2
SIZE OF PROGRAMS (pID SIZE):
1 65.0
2 52.0
3 96.0
4 76.0
COST TO INSTALL SERVERS AND PROGRAMS ON NODES (COST_TO_INSTALL_SERVER COST_TO_INSTALL_pID1 ...):
0 1903.125 2.03125 1.625 3.0 2.375
1 0.8379507570535797 1.3541666666666667 1.0833333333333333 2.0 1.5833333333333333
2 3.0247575700700695 1.3541666666666667 1.0833333333333333 2.0 1.5833333333333333
3 0.24419945475979957 2.03125 1.625 3.0 2.375
4 10.669212028659265 1.3541666666666667 1.0833333333333333 2.0 1.5833333333333333
5 0.8940349002849003 2.03125 1.625 3.0 2.375
6 15.686182208994714 2.03125 1.625 3.0 2.375
7 4.137729741019213 2.03125 1.625 3.0 2.375
8 72.0 2.03125 1.625 3.0 2.375
9 4.549074074074077 2.03125 1.625 3.0 2.375
10 7.641602843294918 2.03125 1.625 3.0 2.375
11 40.0 1.3541666666666667 1.0833333333333333 2.0 1.5833333333333333
12 0.9682867049258729 1.3541666666666667 1.0833333333333333 2.0 1.5833333333333333
13 8.264825016886189 1.3541666666666667 1.0833333333333333 2.0 1.5833333333333333
14 9.79614829784037 2.03125 1.625 3.0 2.375
15 4.104741554741555 2.03125 1.625 3.0 2.375
16 11.040446503387683 1.3541666666666667 1.0833333333333333 2.0 1.5833333333333333
17 0.8519301470588235 2.03125 1.625 3.0 2.375
18 4.0070457868155245 1.3541666666666667 1.0833333333333333 2.0 1.5833333333333333
19 6.629017931959109 1.3541666666666667 1.0833333333333333 2.0 1.5833333333333333
20 4.808028586342422 1.3541666666666667 1.0833333333333333 2.0 1.5833333333333333
21 1.3045138888888885 1.3541666666666667 1.0833333333333333 2.0 1.5833333333333333
22 56.0 2.03125 1.625 3.0 2.375
23 9.44823775388292 1.3541666666666667 1.0833333333333333 2.0 1.5833333333333333
24 0.16752136752136754 1.3541666666666667 1.0833333333333333 2.0 1.5833333333333333
25 5.3535574147225 1.3541666666666667 1.0833333333333333 2.0 1.5833333333333333
26 0.48982498982498984 1.3541666666666667 1.0833333333333333 2.0 1.5833333333333333
27 3.6029438405797105 1.3541666666666667 1.0833333333333333 2.0 1.5833333333333333
28 2.71535578618912 1.3541666666666667 1.0833333333333333 2.0 1.5833333333333333
29 0.33706374643874654 1.3541666666666667 1.0833333333333333 2.0 1.5833333333333333
30 2.374700854700855 1.3541666666666667 1.0833333333333333 2.0 1.5833333333333333
31 89.0 2.03125 1.625 3.0 2.375
32 7.978958679371738 2.03125 1.625 3.0 2.375
33 1.161111111111111 2.03125 1.625 3.0 2.375
34 3.1219402673350043 2.03125 1.625 3.0 2.375
35 0.1500817360487172 2.03125 1.625 3.0 2.375
36 20.0 1.3541666666666667 1.0833333333333333 2.0 1.5833333333333333
37 24.23649979029553 1.3541666666666667 1.0833333333333333 2.0 1.5833333333333333
38 0.1989643199233716 2.03125 1.625 3.0 2.375
39 50.0 1.3541666666666667 1.0833333333333333 2.0 1.5833333333333333
40 103.0 2.03125 1.625 3.0 2.375
41 3.311458333333333 1.3541666666666667 1.0833333333333333 2.0 1.5833333333333333
42 74.0 2.03125 1.625 3.0 2.375
43 0.3480019493177389 2.03125 1.625 3.0 2.375
44 64.0 2.03125 1.625 3.0 2.375
45 0.5614666005291007 2.03125 1.625 3.0 2.375
46 0.27609195402298853 1.3541666666666667 1.0833333333333333 2.0 1.5833333333333333
47 1.5992013888888896 2.03125 1.625 3.0 2.375
48 61.0 2.03125 1.625 3.0 2.375
49 0.2638073934020454 1.3541666666666667 1.0833333333333333 2.0 1.5833333333333333
