20 5
TREE NETWORK (nID nID Weight):
9 0 47
1 9 42
13 9 32
3 0 34
5 9 38
14 13 32
8 1 30
19 3 50
4 13 38
2 3 36
17 2 59
16 2 53
11 14 43
7 13 43
15 17 39
6 3 38
18 4 46
12 7 41
10 3 52
PROGRAMS ASSIGNED TO NODES (nID pID1 pID2 ...):
0 1 2 3 4 5
1 1 2 4
2 2 3 4 5
3 1
4 1 5
6 1 2 3
7 2 3 4 5
8 4 5
9 4
10 3
11 3 5
12 3
13 1 2 3 5
14 1 2 4
17 1
19 3 4 5
SIZE OF PROGRAMS (pID SIZE):
1 48.0
2 77.0
3 65.0
4 94.0
5 56.0
COST TO INSTALL SERVERS AND PROGRAMS ON NODES (COST_TO_INSTALL_SERVER COST_TO_INSTALL_pID1 ...):
0 2085.1063829787236 1.5319148936170213 2.4574468085106385 2.074468085106383 3.0 1.7872340425531914
1 0.18110435663627147 1.5319148936170213 2.4574468085106385 2.074468085106383 3.0 1.7872340425531914
2 0.4296690307328607 1.5319148936170213 2.4574468085106385 2.074468085106383 3.0 1.7872340425531914
3 0.13829787234042554 1.0212765957446808 1.6382978723404256 1.3829787234042554 2.0 1.1914893617021276
4 3.497662374020157 1.5319148936170213 2.4574468085106385 2.074468085106383 3.0 1.7872340425531914
5 85.0 1.0212765957446808 1.6382978723404256 1.3829787234042554 2.0 1.1914893617021276
6 5.236545682102628 1.0212765957446808 1.6382978723404256 1.3829787234042554 2.0 1.1914893617021276
7 8.326054552201882 1.5319148936170213 2.4574468085106385 2.074468085106383 3.0 1.7872340425531914
8 0.4285714285714285 1.0212765957446808 1.6382978723404256 1.3829787234042554 2.0 1.1914893617021276
9 24.0 1.5319148936170213 2.4574468085106385 2.074468085106383 3.0 1.7872340425531914
10 0.05436483103879852 1.5319148936170213 2.4574468085106385 2.074468085106383 3.0 1.7872340425531914
11 7.436458333333333 1.0212765957446808 1.6382978723404256 1.3829787234042554 2.0 1.1914893617021276
12 2.440214919413234 1.5319148936170213 2.4574468085106385 2.074468085106383 3.0 1.7872340425531914
13 2.3020833333333335 1.0212765957446808 1.6382978723404256 1.3829787234042554 2.0 1.1914893617021276
14 11.687500000000004 1.0212765957446808 1.6382978723404256 1.3829787234042554 2.0 1.1914893617021276
15 33.0 1.0212765957446808 1.6382978723404256 1.3829787234042554 2.0 1.1914893617021276
16 66.0 1.5319148936170213 2.4574468085106385 2.074468085106383 3.0 1.7872340425531914
17 0.12686903827524523 1.0212765957446808 1.6382978723404256 1.3829787234042554 2.0 1.1914893617021276
18 59.0 1.0212765957446808 1.6382978723404256 1.3829787234042554 2.0 1.1914893617021276
19 3.0094618272841047 1.5319148936170213 2.4574468085106385 2.074468085106383 3.0 1.7872340425531914
