40 5
TREE NETWORK (nID nID Weight):
33 0 41
14 33 31
28 33 35
29 14 34
30 33 52
3 28 33
8 28 36
9 33 31
1 0 33
22 8 51
13 0 56
32 29 53
11 29 52
23 11 57
36 33 32
21 14 54
16 13 30
39 3 53
2 29 47
7 13 46
17 32 58
35 8 52
27 28 55
4 32 33
37 0 51
15 36 52
20 14 58
18 36 56
38 18 42
25 37 49
10 25 46
24 29 34
12 39 53
31 15 38
26 39 54
6 23 58
5 25 41
19 22 43
34 11 43
PROGRAMS ASSIGNED TO NODES (nID pID1 pID2 ...):
0 1 2 3 4 5
1 1 2 4
2 3
3 5
4 2
5 4
6 1 2
7 1 2 4 5
8 1 2 3 4
9 1 2 4 5
10 1 2 5
11 2 3 4
13 1 4 5
15 1 3 4 5
16 1 3 5
17 4
18 4
19 4
20 3 4 5
21 1 2
22 1 5
23 1 5
24 2 3 4 5
25 1
26 2 4
27 3
28 1 2 4
29 1 2 3 5
30 1 2 5
31 1 3
32 1 2 3
34 1 2 5
35 2
38 3
39 4 5
SIZE OF PROGRAMS (pID SIZE):
1 48.0
2 92.0
3 96.0
4 98.0
5 95.0
COST TO INSTALL SERVERS AND PROGRAMS ON NODES (COST_TO_INSTALL_SERVER COST_TO_INSTALL_pID1 ...):
0 1875.5102040816328 0.9795918367346939 1.8775510204081634 1.9591836734693877 2.0 1.9387755102040816
1 3.583982683982684 1.469387755102041 2.816326530612245 2.938775510204082 3.0 2.9081632653061225
2 0.41725682689836063 0.9795918367346939 1.8775510204081634 1.9591836734693877 2.0 1.9387755102040816
3 4.501785148649259 1.469387755102041 2.816326530612245 2.938775510204082 3.0 2.9081632653061225
4 5.293710422725866 1.469387755102041 2.816326530612245 2.938775510204082 3.0 2.9081632653061225
5 2.371496891439503 0.9795918367346939 1.8775510204081634 1.9591836734693877 2.0 1.9387755102040816
6 10.982871587145052 1.469387755102041 2.816326530612245 2.938775510204082 3.0 2.9081632653061225
7 4.153266415261757 0.9795918367346939 1.8775510204081634 1.9591836734693877 2.0 1.9387755102040816
8 5.607793125380235 0.9795918367346939 1.8775510204081634 1.9591836734693877 2.0 1.9387755102040816
9 7.844179418423545 0.9795918367346939 1.8775510204081634 1.9591836734693877 2.0 1.9387755102040816
10 0.4858269394714409 0.9795918367346939 1.8775510204081634 1.9591836734693877 2.0 1.9387755102040816
11 17.620415070040607 1.469387755102041 2.816326530612245 2.938775510204082 3.0 2.9081632653061225
12 64.0 1.469387755102041 2.816326530612245 2.938775510204082 3.0 2.9081632653061225
13 1.9516581632653063 0.9795918367346939 1.8775510204081634 1.9591836734693877 2.0 1.9387755102040816
14 13.733203005828607 0.9795918367346939 1.8775510204081634 1.9591836734693877 2.0 1.9387755102040816
15 3.7288012238197337 1.469387755102041 2.816326530612245 2.938775510204082 3.0 2.9081632653061225
16 2.70500850340136 1.469387755102041 2.816326530612245 2.938775510204082 3.0 2.9081632653061225
17 0.4486299471191759 1.469387755102041 2.816326530612245 2.938775510204082 3.0 2.9081632653061225
18 3.1892250497760086 1.469387755102041 2.816326530612245 2.938775510204082 3.0 2.9081632653061225
19 5.562207485754749 0.9795918367346939 1.8775510204081634 1.9591836734693877 2.0 1.9387755102040816
20 8.500888313490295 0.9795918367346939 1.8775510204081634 1.9591836734693877 2.0 1.9387755102040816
21 2.9387149503855503 0.9795918367346939 1.8775510204081634 1.9591836734693877 2.0 1.9387755102040816
22 15.412264287828954 0.9795918367346939 1.8775510204081634 1.9591836734693877 2.0 1.9387755102040816
23 1.0836138710000032 1.469387755102041 2.816326530612245 2.938775510204082 3.0 2.9081632653061225
24 27.481779171149192 1.469387755102041 2.816326530612245 2.938775510204082 3.0 2.9081632653061225
25 0.7828631452581036 1.469387755102041 2.816326530612245 2.938775510204082 3.0 2.9081632653061225
26 13.649752791703794 0.9795918367346939 1.8775510204081634 1.9591836734693877 2.0 1.9387755102040816
27 0.19454997963708764 1.469387755102041 2.816326530612245 2.938775510204082 3.0 2.9081632653061225
28 10.008576406172223 0.9795918367346939 1.8775510204081634 1.9591836734693877 2.0 1.9387755102040816
29 6.102345021407462 0.9795918367346939 1.8775510204081634 1.9591836734693877 2.0 1.9387755102040816
30 4.3640157751656 0.9795918367346939 1.8775510204081634 1.9591836734693877 2.0 1.9387755102040816
31 4.458980891655566 0.9795918367346939 1.8775510204081634 1.9591836734693877 2.0 1.9387755102040816
32 18.349256045514565 0.9795918367346939 1.8775510204081634 1.9591836734693877 2.0 1.9387755102040816
33 6.842147834743653 1.469387755102041 2.816326530612245 2.938775510204082 3.0 2.9081632653061225
34 6.904376004457791 1.469387755102041 2.816326530612245 2.938775510204082 3.0 2.9081632653061225
35 3.509513513973445 1.469387755102041 2.816326530612245 2.938775510204082 3.0 2.9081632653061225
36 10.09222949850672 0.9795918367346939 1.8775510204081634 1.9591836734693877 2.0 1.9387755102040816
37 45.0 0.9795918367346939 1.8775510204081634 1.9591836734693877 2.0 1.9387755102040816
38 0.3201343952215033 1.469387755102041 2.816326530612245 2.938775510204082 3.0 2.9081632653061225
39 6.98744167541091 0.9795918367346939 1.8775510204081634 1.9591836734693877 2.0 1.9387755102040816
