40 4
TREE NETWORK (nID nID Weight):
36 0 41
8 36 41
3 8 56
22 0 32
32 0 42
37 8 55
13 0 54
23 32 47
16 3 50
17 36 38
18 8 39
19 23 53
10 19 31
24 22 40
15 32 52
25 37 55
4 16 56
38 24 55
29 19 42
9 19 55
35 18 36
27 18 52
26 29 40
1 23 31
33 26 45
5 36 31
20 37 53
34 37 56
2 35 38
28 35 40
11 1 39
7 32 34
31 4 47
12 31 48
14 38 52
30 13 36
21 3 50
39 22 44
6 36 37
PROGRAMS ASSIGNED TO NODES (nID pID1 pID2 ...):
0 1 2 3 4
3 2
4 2 3
5 1 4
6 3 4
7 4
8 2 4
9 2
11 1 2
12 1 2
14 2
15 3 4
16 2
17 3
18 1
19 1 3 4
20 1
21 1
23 1 4
24 1 2 4
25 1 2 3
26 4
27 3
28 2 3 4
30 3 4
31 3 4
32 3
33 4
35 3
37 3 4
39 3
SIZE OF PROGRAMS (pID SIZE):
1 96.0
2 59.0
3 88.0
4 63.0
COST TO INSTALL SERVERS AND PROGRAMS ON NODES (COST_TO_INSTALL_SERVER COST_TO_INSTALL_pID1 ...):
0 1956.25 3.0 1.84375 2.75 1.96875
1 3.3576863812901037 2.0 1.2291666666666667 1.8333333333333333 1.3125
2 72.0 3.0 1.84375 2.75 1.96875
3 11.913697735191638 2.0 1.2291666666666667 1.8333333333333333 1.3125
4 19.05096559233449 3.0 1.84375 2.75 1.96875
5 1.5480268981117231 3.0 1.84375 2.75 1.96875
6 0.23090872885080205 2.0 1.2291666666666667 1.8333333333333333 1.3125
7 0.7613051470588237 3.0 1.84375 2.75 1.96875
8 7.269054878048782 2.0 1.2291666666666667 1.8333333333333333 1.3125
9 1.9892670638106704 2.0 1.2291666666666667 1.8333333333333333 1.3125
10 31.0 2.0 1.2291666666666667 1.8333333333333333 1.3125
11 0.5559478752630348 3.0 1.84375 2.75 1.96875
12 7.472915523760098 2.0 1.2291666666666667 1.8333333333333333 1.3125
13 35.0 3.0 1.84375 2.75 1.96875
14 2.3633092948717946 2.0 1.2291666666666667 1.8333333333333333 1.3125
15 1.285412851037851 2.0 1.2291666666666667 1.8333333333333333 1.3125
16 14.406322735191637 3.0 1.84375 2.75 1.96875
17 0.9416720154043647 3.0 1.84375 2.75 1.96875
18 5.944717401500938 3.0 1.84375 2.75 1.96875
19 8.506321865859954 3.0 1.84375 2.75 1.96875
20 0.261985106471991 3.0 1.84375 2.75 1.96875
21 3.474466898954704 2.0 1.2291666666666667 1.8333333333333333 1.3125
22 0.796875 2.0 1.2291666666666667 1.8333333333333333 1.3125
23 0.21169262917933127 3.0 1.84375 2.75 1.96875
24 2.3162499999999997 2.0 1.2291666666666667 1.8333333333333333 1.3125
25 4.6882566518847 2.0 1.2291666666666667 1.8333333333333333 1.3125
26 0.28958023885989564 2.0 1.2291666666666667 1.8333333333333333 1.3125
27 0.2745700437773609 3.0 1.84375 2.75 1.96875
28 1.1168425578486552 2.0 1.2291666666666667 1.8333333333333333 1.3125
29 0.17801773885989564 3.0 1.84375 2.75 1.96875
30 1.628260030864198 3.0 1.84375 2.75 1.96875
31 20.872175346578697 2.0 1.2291666666666667 1.8333333333333333 1.3125
32 43.0 3.0 1.84375 2.75 1.96875
33 3.9553826274588526 2.0 1.2291666666666667 1.8333333333333333 1.3125
34 102.0 3.0 1.84375 2.75 1.96875
35 11.919480925578487 3.0 1.84375 2.75 1.96875
36 62.0 3.0 1.84375 2.75 1.96875
37 3.528866407982261 2.0 1.2291666666666667 1.8333333333333333 1.3125
38 1.40125 3.0 1.84375 2.75 1.96875
39 0.14583333333333334 2.0 1.2291666666666667 1.8333333333333333 1.3125
