10 5
TREE NETWORK (nID nID Weight):
5 0 45
7 5 57
9 0 48
3 0 53
4 9 44
1 7 38
8 5 32
6 5 43
2 8 39
PROGRAMS ASSIGNED TO NODES (nID pID1 pID2 ...):
0 1 2 3 4 5
1 3
2 1 3
3 3
4 1 3 4
5 5
6 2 3 4 5
8 3
9 1 3 5
SIZE OF PROGRAMS (pID SIZE):
1 85.0
2 80.0
3 53.0
4 52.0
5 62.0
COST TO INSTALL SERVERS AND PROGRAMS ON NODES (COST_TO_INSTALL_SERVER COST_TO_INSTALL_pID1 ...):
0 1781.1764705882351 2.0 1.8823529411764706 1.2470588235294118 1.223529411764706 1.4588235294117646
1 1.2404041967664259 2.0 1.8823529411764706 1.2470588235294118 1.223529411764706 1.4588235294117646
2 2.9403849296128706 2.0 1.8823529411764706 1.2470588235294118 1.223529411764706 1.4588235294117646
3 11.0 3.0 2.823529411764706 1.8705882352941177 1.8352941176470587 2.1882352941176473
4 0.4711898395721927 3.0 2.823529411764706 1.8705882352941177 1.8352941176470587 2.1882352941176473
5 105.0 3.0 2.823529411764706 1.8705882352941177 1.8352941176470587 2.1882352941176473
6 0.1257713938288493 3.0 2.823529411764706 1.8705882352941177 1.8352941176470587 2.1882352941176473
7 0.13035775713794293 3.0 2.823529411764706 1.8705882352941177 1.8352941176470587 2.1882352941176473
8 0.2066053921568628 2.0 1.8823529411764706 1.2470588235294118 1.223529411764706 1.4588235294117646
9 2.2389705882352944 3.0 2.823529411764706 1.8705882352941177 1.8352941176470587 2.1882352941176473
