20 2
TREE NETWORK (nID nID Weight):
16 0 48
17 16 32
10 17 33
14 0 39
3 17 46
18 0 59
2 16 47
4 14 47
9 0 33
6 18 40
15 17 31
5 6 57
11 9 57
8 9 31
7 16 51
12 14 34
1 6 59
13 14 49
19 3 42
PROGRAMS ASSIGNED TO NODES (nID pID1 pID2 ...):
0 1 2
1 1
2 2
6 1
7 1
8 1
13 1
14 2
17 1
18 2
SIZE OF PROGRAMS (pID SIZE):
1 68.0
2 45.0
COST TO INSTALL SERVERS AND PROGRAMS ON NODES (COST_TO_INSTALL_SERVER COST_TO_INSTALL_pID1 ...):
0 1498.5294117647059 3.0 1.9852941176470589
1 1.1027966101694917 2.0 1.3235294117647058
2 0.9429560387984982 3.0 1.9852941176470589
3 36.0 2.0 1.3235294117647058
4 51.0 2.0 1.3235294117647058
5 87.0 3.0 1.9852941176470589
6 67.0 3.0 1.9852941176470589
7 0.41250000000000003 2.0 1.3235294117647058
8 0.6897849462365591 3.0 1.9852941176470589
9 0.033333333333333305 2.0 1.3235294117647058
10 33.0 3.0 1.9852941176470589
11 82.0 2.0 1.3235294117647058
12 75.0 2.0 1.3235294117647058
13 0.07223966509680785 3.0 1.9852941176470589
14 82.0 3.0 1.9852941176470589
15 92.0 2.0 1.3235294117647058
16 0.6531658496732027 3.0 1.9852941176470589
17 0.29791666666666683 3.0 1.9852941176470589
18 37.0 2.0 1.3235294117647058
19 88.0 3.0 1.9852941176470589
