30 3
TREE NETWORK (nID nID Weight):
9 0 43
4 9 30
19 9 36
27 0 58
21 27 56
5 0 52
12 0 35
29 21 45
24 12 36
25 5 37
18 21 32
17 9 37
11 24 55
7 27 43
22 27 37
28 7 36
3 22 30
14 7 47
23 24 32
8 17 30
2 18 51
13 24 32
10 21 45
6 21 39
15 29 38
1 29 41
26 22 58
16 13 48
20 4 49
PROGRAMS ASSIGNED TO NODES (nID pID1 pID2 ...):
0 1 2 3
1 1 3
2 1 3
3 1 3
4 1 2
6 1 2
9 2 3
10 2 3
13 3
14 2 3
16 1 3
17 2 3
21 2 3
22 1 2
23 2
24 3
25 1
27 1
29 2 3
SIZE OF PROGRAMS (pID SIZE):
1 66.0
2 44.0
3 51.0
COST TO INSTALL SERVERS AND PROGRAMS ON NODES (COST_TO_INSTALL_SERVER COST_TO_INSTALL_pID1 ...):
0 1731.818181818182 3.0 2.0 2.3181818181818183
1 2.30564691581197 2.0 1.3333333333333333 1.5454545454545454
2 0.23693564612365314 3.0 2.0 2.3181818181818183
3 2.6955422350249933 3.0 2.0 2.3181818181818183
4 0.8777777777777781 3.0 2.0 2.3181818181818183
5 0.5480769230769231 3.0 2.0 2.3181818181818183
6 1.2834064881478675 2.0 1.3333333333333333 1.5454545454545454
7 0.04842227406381379 2.0 1.3333333333333333 1.5454545454545454
8 77.0 3.0 2.0 2.3181818181818183
9 44.0 2.0 1.3333333333333333 1.5454545454545454
10 0.1283341419117281 2.0 1.3333333333333333 1.5454545454545454
11 48.0 2.0 1.3333333333333333 1.5454545454545454
12 89.0 2.0 1.3333333333333333 1.5454545454545454
13 0.3351826298701299 2.0 1.3333333333333333 1.5454545454545454
14 1.1110684986326953 3.0 2.0 2.3181818181818183
15 85.0 2.0 1.3333333333333333 1.5454545454545454
16 0.45705762987012993 2.0 1.3333333333333333 1.5454545454545454
17 0.022934403748357247 3.0 2.0 2.3181818181818183
18 3.0224144928347516 2.0 1.3333333333333333 1.5454545454545454
19 29.0 3.0 2.0 2.3181818181818183
20 22.0 3.0 2.0 2.3181818181818183
21 0.6176593521421112 2.0 1.3333333333333333 1.5454545454545454
22 1.798740433223192 2.0 1.3333333333333333 1.5454545454545454
23 1.3865674603174607 2.0 1.3333333333333333 1.5454545454545454
24 1.2580303030303026 2.0 1.3333333333333333 1.5454545454545454
25 0.002650727650727647 3.0 2.0 2.3181818181818183
26 10.0 2.0 1.3333333333333333 1.5454545454545454
27 25.0 3.0 2.0 2.3181818181818183
28 14.0 2.0 1.3333333333333333 1.5454545454545454
29 2.392418582375478 2.0 1.3333333333333333 1.5454545454545454
