50 8
TREE NETWORK (nID nID Weight):
40 0 55
8 0 57
29 0 45
48 40 53
41 0 57
22 29 50
20 40 42
46 29 57
24 48 43
30 48 32
15 8 31
18 24 42
36 48 44
11 15 58
26 24 38
32 46 58
4 18 46
31 36 40
42 46 30
21 8 58
47 15 56
1 18 56
2 0 33
37 20 30
7 32 56
39 32 34
38 41 30
33 42 33
10 41 43
28 11 49
34 32 43
12 46 32
44 8 56
25 26 31
19 25 58
3 28 54
35 24 46
9 38 52
27 40 33
17 39 43
6 29 38
5 38 37
43 9 44
49 21 33
16 28 30
14 18 32
13 34 55
45 38 56
23 38 47
PROGRAMS ASSIGNED TO NODES (nID pID1 pID2 ...):
0 1 2 3 4 5 6 7 8
1 1 3 8
2 3 4
3 1 2 3 4 5 7 8
4 5
5 4
6 1 2 3 4 7 8
7 3 5 8
8 2 4
9 1 2 3 4 5 6 7
10 2 6
11 1 3 5 7
12 2 3 5 6 7 8
13 7
14 1 2 4 6 7
16 2 3 4 5
17 2
18 1
20 5
21 2 5 8
22 1 2 4
23 4 6 8
24 5 8
25 1 5
26 2 8
28 3 4 6 8
29 1 2 3 4 6 7
30 1
31 1 2 3 6
32 4 8
33 1 2 3 4 5 6 7
34 1 3 4 5 6 7 8
35 1 3 4 5 6 7 8
36 5 7
37 1 5 8
38 2 5
39 1 4 5 7 8
42 1 3 4
43 1 2 4 5 6 7
44 1 2 3 4 7 8
45 3 4 5 8
46 1 2 3 4 5 6 7
47 1 5 6 8
48 1 5
49 2 3 4 7 8
SIZE OF PROGRAMS (pID SIZE):
1 42.0
2 83.0
3 75.0
4 83.0
5 65.0
6 65.0
7 54.0
8 64.0
COST TO INSTALL SERVERS AND PROGRAMS ON NODES (COST_TO_INSTALL_SERVER COST_TO_INSTALL_pID1 ...):
0 2919.2771084337346 1.5180722891566265 3.0 2.710843373493976 3.0 2.3493975903614457 2.3493975903614457 1.9518072289156627 2.3132530120481927
1 4.228657991894179 1.0120481927710843 2.0 1.8072289156626506 2.0 1.5662650602409638 1.5662650602409638 1.3012048192771084 1.5421686746987953
2 1.5498113666788365 1.5180722891566265 3.0 2.710843373493976 3.0 2.3493975903614457 2.3493975903614457 1.9518072289156627 2.3132530120481927
3 30.522477974591766 1.0120481927710843 2.0 1.8072289156626506 2.0 1.5662650602409638 1.5662650602409638 1.3012048192771084 1.5421686746987953
4 0.22655630593265103 1.5180722891566265 3.0 2.710843373493976 3.0 2.3493975903614457 2.3493975903614457 1.9518072289156627 2.3132530120481927
5 2.456327643432907 1.0120481927710843 2.0 1.8072289156626506 2.0 1.5662650602409638 1.5662650602409638 1.3012048192771084 1.5421686746987953
6 0.9584550230999179 1.5180722891566265 3.0 2.710843373493976 3.0 2.3493975903614457 2.3493975903614457 1.9518072289156627 2.3132530120481927
7 5.696194115325706 1.0120481927710843 2.0 1.8072289156626506 2.0 1.5662650602409638 1.5662650602409638 1.3012048192771084 1.5421686746987953
8 22.0 1.0120481927710843 2.0 1.8072289156626506 2.0 1.5662650602409638 1.5662650602409638 1.3012048192771084 1.5421686746987953
9 9.132147679787975 1.0120481927710843 2.0 1.8072289156626506 2.0 1.5662650602409638 1.5662650602409638 1.3012048192771084 1.5421686746987953
10 0.12360433164727454 1.0120481927710843 2.0 1.8072289156626506 2.0 1.5662650602409638 1.5662650602409638 1.3012048192771084 1.5421686746987953
11 1.1402406711325133 1.0120481927710843 2.0 1.8072289156626506 2.0 1.5662650602409638 1.5662650602409638 1.3012048192771084 1.5421686746987953
12 12.843174760445288 1.5180722891566265 3.0 2.710843373493976 3.0 2.3493975903614457 2.3493975903614457 1.9518072289156627 2.3132530120481927
13 0.20074151099203488 1.0120481927710843 2.0 1.8072289156626506 2.0 1.5662650602409638 1.5662650602409638 1.3012048192771084 1.5421686746987953
14 21.38881865707131 1.0120481927710843 2.0 1.8072289156626506 2.0 1.5662650602409638 1.5662650602409638 1.3012048192771084 1.5421686746987953
15 3.5857361534422934 1.5180722891566265 3.0 2.710843373493976 3.0 2.3493975903614457 2.3493975903614457 1.9518072289156627 2.3132530120481927
16 6.474976964715205 1.5180722891566265 3.0 2.710843373493976 3.0 2.3493975903614457 2.3493975903614457 1.9518072289156627 2.3132530120481927
17 0.3051514153404015 1.5180722891566265 3.0 2.710843373493976 3.0 2.3493975903614457 2.3493975903614457 1.9518072289156627 2.3132530120481927
18 4.103876459777669 1.5180722891566265 3.0 2.710843373493976 3.0 2.3493975903614457 2.3493975903614457 1.9518072289156627 2.3132530120481927
19 60.0 1.5180722891566265 3.0 2.710843373493976 3.0 2.3493975903614457 2.3493975903614457 1.9518072289156627 2.3132530120481927
20 0.7998372711625721 1.5180722891566265 3.0 2.710843373493976 3.0 2.3493975903614457 2.3493975903614457 1.9518072289156627 2.3132530120481927
21 2.816360177552317 1.0120481927710843 2.0 1.8072289156626506 2.0 1.5662650602409638 1.5662650602409638 1.3012048192771084 1.5421686746987953
22 0.06320749665327985 1.5180722891566265 3.0 2.710843373493976 3.0 2.3493975903614457 2.3493975903614457 1.9518072289156627 2.3132530120481927
23 8.150535580170628 1.0120481927710843 2.0 1.8072289156626506 2.0 1.5662650602409638 1.5662650602409638 1.3012048192771084 1.5421686746987953
24 18.052082262593796 1.0120481927710843 2.0 1.8072289156626506 2.0 1.5662650602409638 1.5662650602409638 1.3012048192771084 1.5421686746987953
25 3.3935070398192506 1.5180722891566265 3.0 2.710843373493976 3.0 2.3493975903614457 2.3493975903614457 1.9518072289156627 2.3132530120481927
26 13.49913899248727 1.0120481927710843 2.0 1.8072289156626506 2.0 1.5662650602409638 1.5662650602409638 1.3012048192771084 1.5421686746987953
27 98.0 1.0120481927710843 2.0 1.8072289156626506 2.0 1.5662650602409638 1.5662650602409638 1.3012048192771084 1.5421686746987953
28 5.4200271965516995 1.0120481927710843 2.0 1.8072289156626506 2.0 1.5662650602409638 1.5662650602409638 1.3012048192771084 1.5421686746987953
29 1.4311646586345388 1.5180722891566265 3.0 2.710843373493976 3.0 2.3493975903614457 2.3493975903614457 1.9518072289156627 2.3132530120481927
30 0.09282705005269795 1.0120481927710843 2.0 1.8072289156626506 2.0 1.5662650602409638 1.5662650602409638 1.3012048192771084 1.5421686746987953
31 7.236165115005477 1.0120481927710843 2.0 1.8072289156626506 2.0 1.5662650602409638 1.5662650602409638 1.3012048192771084 1.5421686746987953
32 1.7848196293947713 1.5180722891566265 3.0 2.710843373493976 3.0 2.3493975903614457 2.3493975903614457 1.9518072289156627 2.3132530120481927
33 1.8517965001953578 1.0120481927710843 2.0 1.8072289156626506 2.0 1.5662650602409638 1.5662650602409638 1.3012048192771084 1.5421686746987953
34 5.92955285286675 1.5180722891566265 3.0 2.710843373493976 3.0 2.3493975903614457 2.3493975903614457 1.9518072289156627 2.3132530120481927
35 1.2980419548593813 1.0120481927710843 2.0 1.8072289156626506 2.0 1.5662650602409638 1.5662650602409638 1.3012048192771084 1.5421686746987953
36 6.935782689690398 1.5180722891566265 3.0 2.710843373493976 3.0 2.3493975903614457 2.3493975903614457 1.9518072289156627 2.3132530120481927
37 0.43800187764043186 1.0120481927710843 2.0 1.8072289156626506 2.0 1.5662650602409638 1.5662650602409638 1.3012048192771084 1.5421686746987953
38 7.344945043331215 1.5180722891566265 3.0 2.710843373493976 3.0 2.3493975903614457 2.3493975903614457 1.9518072289156627 2.3132530120481927
39 6.599265703380454 1.5180722891566265 3.0 2.710843373493976 3.0 2.3493975903614457 2.3493975903614457 1.9518072289156627 2.3132530120481927
40 102.0 1.5180722891566265 3.0 2.710843373493976 3.0 2.3493975903614457 2.3493975903614457 1.9518072289156627 2.3132530120481927
41 80.0 1.5180722891566265 3.0 2.710843373493976 3.0 2.3493975903614457 2.3493975903614457 1.9518072289156627 2.3132530120481927
42 13.80632706263651 1.5180722891566265 3.0 2.710843373493976 3.0 2.3493975903614457 2.3493975903614457 1.9518072289156627 2.3132530120481927
43 13.809843954396898 1.5180722891566265 3.0 2.710843373493976 3.0 2.3493975903614457 2.3493975903614457 1.9518072289156627 2.3132530120481927
44 2.1694367426742427 1.0120481927710843 2.0 1.8072289156626506 2.0 1.5662650602409638 1.5662650602409638 1.3012048192771084 1.5421686746987953
45 4.208967184527583 1.5180722891566265 3.0 2.710843373493976 3.0 2.3493975903614457 2.3493975903614457 1.9518072289156627 2.3132530120481927
46 5.038590854646656 1.0120481927710843 2.0 1.8072289156626506 2.0 1.5662650602409638 1.5662650602409638 1.3012048192771084 1.5421686746987953
47 2.5701982073333354 1.0120481927710843 2.0 1.8072289156626506 2.0 1.5662650602409638 1.5662650602409638 1.3012048192771084 1.5421686746987953
48 4.9294000702639025 1.0120481927710843 2.0 1.8072289156626506 2.0 1.5662650602409638 1.5662650602409638 1.3012048192771084 1.5421686746987953
49 12.99920952577841 1.0120481927710843 2.0 1.8072289156626506 2.0 1.5662650602409638 1.5662650602409638 1.3012048192771084 1.5421686746987953
