30 6
TREE NETWORK (nID nID Weight):
4 0 34
13 0 37
25 4 37
24 0 46
22 24 35
27 24 51
16 27 31
10 0 57
28 16 34
5 13 33
3 22 42
15 25 30
8 3 50
14 24 54
2 0 59
20 25 38
29 4 31
18 16 52
7 24 45
19 3 57
26 4 52
23 10 48
6 29 48
11 18 31
12 7 57
17 16 42
9 19 41
21 27 49
1 20 32
PROGRAMS ASSIGNED TO NODES (nID pID1 pID2 ...):
0 1 2 3 4 5 6
1 2 3
2 1 2 3 4
3 1 2 4 5 6
4 1 2 4 5 6
5 2 3 4 5 6
7 1 3 5 6
8 1 5
9 1 3 6
10 2 4 5 6
11 2 3 5 6
12 1 4 6
13 3
15 1 2 3 4 5
16 2 4 5 6
17 1 3 5 6
19 1 3 5 6
20 2 3 6
21 1
22 2 3 4 6
23 2
24 1 2 4 5 6
25 2 3 4
26 2 3 4 5 6
27 1 2 3
28 1 3 5 6
29 1 2 3 4 6
SIZE OF PROGRAMS (pID SIZE):
1 60.0
2 95.0
3 77.0
4 94.0
5 92.0
6 93.0
COST TO INSTALL SERVERS AND PROGRAMS ON NODES (COST_TO_INSTALL_SERVER COST_TO_INSTALL_pID1 ...):
0 2613.684210526316 1.894736842105263 3.0 2.431578947368421 2.968421052631579 2.905263157894737 2.9368421052631577
1 0.7993867667977576 1.263157894736842 2.0 1.6210526315789473 1.9789473684210526 1.936842105263158 1.9578947368421054
2 52.0 1.263157894736842 2.0 1.6210526315789473 1.9789473684210526 1.936842105263158 1.9578947368421054
3 7.297931785986706 1.894736842105263 3.0 2.431578947368421 2.968421052631579 2.905263157894737 2.9368421052631577
4 0.21357585139318874 1.263157894736842 2.0 1.6210526315789473 1.9789473684210526 1.936842105263158 1.9578947368421054
5 8.323187924766872 1.894736842105263 3.0 2.431578947368421 2.968421052631579 2.905263157894737 2.9368421052631577
6 75.0 1.263157894736842 2.0 1.6210526315789473 1.9789473684210526 1.936842105263158 1.9578947368421054
7 0.2575540300025427 1.894736842105263 3.0 2.431578947368421 2.968421052631579 2.905263157894737 2.9368421052631577
8 6.812814354727397 1.894736842105263 3.0 2.431578947368421 2.968421052631579 2.905263157894737 2.9368421052631577
9 0.9714652484870714 1.894736842105263 3.0 2.431578947368421 2.968421052631579 2.905263157894737 2.9368421052631577
10 77.0 1.894736842105263 3.0 2.431578947368421 2.968421052631579 2.905263157894737 2.9368421052631577
11 1.6692414017295911 1.894736842105263 3.0 2.431578947368421 2.968421052631579 2.905263157894737 2.9368421052631577
12 4.065483091787439 1.894736842105263 3.0 2.431578947368421 2.968421052631579 2.905263157894737 2.9368421052631577
13 3.6182645803698437 1.894736842105263 3.0 2.431578947368421 2.968421052631579 2.905263157894737 2.9368421052631577
14 10.0 1.894736842105263 3.0 2.431578947368421 2.968421052631579 2.905263157894737 2.9368421052631577
15 5.270362126832714 1.894736842105263 3.0 2.431578947368421 2.968421052631579 2.905263157894737 2.9368421052631577
16 5.179039661483549 1.263157894736842 2.0 1.6210526315789473 1.9789473684210526 1.936842105263158 1.9578947368421054
17 15.982552015712908 1.263157894736842 2.0 1.6210526315789473 1.9789473684210526 1.936842105263158 1.9578947368421054
18 5.46717475058344 1.894736842105263 3.0 2.431578947368421 2.968421052631579 2.905263157894737 2.9368421052631577
19 16.445263157894743 1.894736842105263 3.0 2.431578947368421 2.968421052631579 2.905263157894737 2.9368421052631577
20 4.068462890134717 1.894736842105263 3.0 2.431578947368421 2.968421052631579 2.905263157894737 2.9368421052631577
21 0.09052856840676775 1.894736842105263 3.0 2.431578947368421 2.968421052631579 2.905263157894737 2.9368421052631577
22 0.478592677345538 1.894736842105263 3.0 2.431578947368421 2.968421052631579 2.905263157894737 2.9368421052631577
23 0.03229166666666668 1.894736842105263 3.0 2.431578947368421 2.968421052631579 2.905263157894737 2.9368421052631577
24 90.0 1.894736842105263 3.0 2.431578947368421 2.968421052631579 2.905263157894737 2.9368421052631577
25 11.523780855158567 1.894736842105263 3.0 2.431578947368421 2.968421052631579 2.905263157894737 2.9368421052631577
26 5.515235571961578 1.894736842105263 3.0 2.431578947368421 2.968421052631579 2.905263157894737 2.9368421052631577
27 4.527968546686411 1.894736842105263 3.0 2.431578947368421 2.968421052631579 2.905263157894737 2.9368421052631577
28 11.876608409068217 1.263157894736842 2.0 1.6210526315789473 1.9789473684210526 1.936842105263158 1.9578947368421054
29 2.731750557608443 1.894736842105263 3.0 2.431578947368421 2.968421052631579 2.905263157894737 2.9368421052631577
