20 7
TREE NETWORK (nID nID Weight):
10 0 32
5 10 32
15 0 35
12 0 54
8 15 34
7 12 58
14 12 40
2 15 33
4 15 31
17 0 53
6 5 58
16 14 50
13 17 56
3 16 32
19 8 52
11 16 51
1 6 55
9 14 39
18 5 55
PROGRAMS ASSIGNED TO NODES (nID pID1 pID2 ...):
0 1 2 3 4 5 6 7
1 3 6 7
2 1 2 3 4 5 6
3 1 2 3 4
4 1 2 3 7
6 3 4 5 6 7
7 6
8 1 2 4 7
9 1 2 3 4 5 6
10 2 3 4 7
11 2 4 6
14 5 6 7
15 1 4
16 4 5
17 2
18 3 4 6 7
19 1 3
SIZE OF PROGRAMS (pID SIZE):
1 67.0
2 80.0
3 60.0
4 57.0
5 49.0
6 53.0
7 58.0
COST TO INSTALL SERVERS AND PROGRAMS ON NODES (COST_TO_INSTALL_SERVER COST_TO_INSTALL_pID1 ...):
0 2590.0 2.5125 3.0 2.25 2.1375 1.8375 1.9875 2.175
1 6.858426724137931 1.675 2.0 1.5 1.425 1.225 1.325 1.45
2 2.6263102968460106 2.5125 3.0 2.25 2.1375 1.8375 1.9875 2.175
3 0.9209444444444443 1.675 2.0 1.5 1.425 1.225 1.325 1.45
4 4.018505184331797 2.5125 3.0 2.25 2.1375 1.8375 1.9875 2.175
5 2.6545833333333335 2.5125 3.0 2.25 2.1375 1.8375 1.9875 2.175
6 8.385617816091953 2.5125 3.0 2.25 2.1375 1.8375 1.9875 2.175
7 0.3136510217113666 1.675 2.0 1.5 1.425 1.225 1.325 1.45
8 7.611421568627453 1.675 2.0 1.5 1.425 1.225 1.325 1.45
9 10.51142094017094 2.5125 3.0 2.25 2.1375 1.8375 1.9875 2.175
10 96.0 2.5125 3.0 2.25 2.1375 1.8375 1.9875 2.175
11 6.935206971677559 2.5125 3.0 2.25 2.1375 1.8375 1.9875 2.175
12 29.0 2.5125 3.0 2.25 2.1375 1.8375 1.9875 2.175
13 11.0 2.5125 3.0 2.25 2.1375 1.8375 1.9875 2.175
14 4.318518518518516 1.675 2.0 1.5 1.425 1.225 1.325 1.45
15 62.0 2.5125 3.0 2.25 2.1375 1.8375 1.9875 2.175
16 8.638519841269844 2.5125 3.0 2.25 2.1375 1.8375 1.9875 2.175
17 0.7301886792452832 1.675 2.0 1.5 1.425 1.225 1.325 1.45
18 0.6347727272727273 1.675 2.0 1.5 1.425 1.225 1.325 1.45
19 2.5419497414350354 1.675 2.0 1.5 1.425 1.225 1.325 1.45
