10 4
TREE NETWORK (nID nID Weight):
7 0 53
9 0 46
4 9 42
1 7 35
5 9 56
2 1 43
3 7 50
8 9 39
6 9 48
PROGRAMS ASSIGNED TO NODES (nID pID1 pID2 ...):
0 1 2 3 4
1 4
2 1
3 1 2 3
4 1 2
5 2
6 1 3
7 1 3
8 3
SIZE OF PROGRAMS (pID SIZE):
1 71.0
2 95.0
3 86.0
4 71.0
COST TO INSTALL SERVERS AND PROGRAMS ON NODES (COST_TO_INSTALL_SERVER COST_TO_INSTALL_pID1 ...):
0 1680.0 1.4947368421052631 2.0 1.8105263157894738 1.4947368421052631
1 1.4363172081146263 1.4947368421052631 2.0 1.8105263157894738 1.4947368421052631
2 1.9385410102703005 1.4947368421052631 2.0 1.8105263157894738 1.4947368421052631
3 2.4691996027805367 1.4947368421052631 2.0 1.8105263157894738 1.4947368421052631
4 2.9142101630888817 1.4947368421052631 2.0 1.8105263157894738 1.4947368421052631
5 0.08808229813664595 1.4947368421052631 2.0 1.8105263157894738 1.4947368421052631
6 2.421339785151284 1.4947368421052631 2.0 1.8105263157894738 1.4947368421052631
7 109.0 1.4947368421052631 2.0 1.8105263157894738 1.4947368421052631
8 1.24529190870152 1.4947368421052631 2.0 1.8105263157894738 1.4947368421052631
9 0.09514874141876423 1.4947368421052631 2.0 1.8105263157894738 1.4947368421052631
