50 6
TREE NETWORK (nID nID Weight):
34 0 36
12 34 48
37 0 51
49 12 52
26 49 41
21 26 40
8 34 43
31 0 47
27 37 55
28 0 34
29 26 43
24 27 45
19 12 39
2 49 46
5 29 39
23 27 42
48 31 30
18 31 49
10 0 41
42 24 41
3 31 59
32 0 45
22 8 37
7 12 34
33 21 57
43 32 47
40 5 55
14 7 35
30 14 35
9 0 42
6 32 56
1 23 32
38 33 41
25 34 40
15 32 34
13 18 59
44 31 53
47 9 58
4 21 58
41 4 56
39 13 42
45 14 45
46 19 30
20 33 42
17 21 46
35 4 44
16 25 37
11 9 39
36 8 54
PROGRAMS ASSIGNED TO NODES (nID pID1 pID2 ...):
0 1 2 3 4 5 6
2 2
3 2 4 6
4 1 2 4 5 6
5 2 3 4 5 6
8 1 2 4
9 4 6
12 1 2 4 5 6
13 4
14 1 2 3 5
15 4
17 1 2 3 4
18 4
19 3
20 1 2 4
21 1 2 3 5 6
22 3 4 5 6
23 2 3
24 2 3 5 6
25 1 4
26 5
28 1 3 4 5 6
29 1 2 3 5 6
30 1 2 4
31 1 5 6
32 2 3 6
33 1 3 4 5 6
34 1 4 5 6
36 1 2 6
38 3
39 1 3 4 5
40 3 4 5 6
41 2 3 4 5
42 1 2 4 5 6
43 1 2 5
46 1 2 3 4 5
48 4 5
49 1 2 3 6
SIZE OF PROGRAMS (pID SIZE):
1 98.0
2 68.0
3 74.0
4 41.0
5 93.0
6 44.0
COST TO INSTALL SERVERS AND PROGRAMS ON NODES (COST_TO_INSTALL_SERVER COST_TO_INSTALL_pID1 ...):
0 2279.591836734694 3.0 2.0816326530612246 2.2653061224489797 1.2551020408163265 2.8469387755102042 1.346938775510204
1 81.0 2.0 1.3877551020408163 1.510204081632653 0.8367346938775511 1.8979591836734695 0.8979591836734694
2 0.23518768153861325 2.0 1.3877551020408163 1.510204081632653 0.8367346938775511 1.8979591836734695 0.8979591836734694
3 0.9318928148251729 3.0 2.0816326530612246 2.2653061224489797 1.2551020408163265 2.8469387755102042 1.346938775510204
4 9.195295932183534 2.0 1.3877551020408163 1.510204081632653 0.8367346938775511 1.8979591836734695 0.8979591836734694
5 13.556717523413898 3.0 2.0816326530612246 2.2653061224489797 1.2551020408163265 2.8469387755102042 1.346938775510204
6 64.0 2.0 1.3877551020408163 1.510204081632653 0.8367346938775511 1.8979591836734695 0.8979591836734694
7 3.8418414588057432 3.0 2.0816326530612246 2.2653061224489797 1.2551020408163265 2.8469387755102042 1.346938775510204
8 9.783949382632342 2.0 1.3877551020408163 1.510204081632653 0.8367346938775511 1.8979591836734695 0.8979591836734694
9 0.01445578231292517 2.0 1.3877551020408163 1.510204081632653 0.8367346938775511 1.8979591836734695 0.8979591836734694
10 89.0 3.0 2.0816326530612246 2.2653061224489797 1.2551020408163265 2.8469387755102042 1.346938775510204
11 55.0 3.0 2.0816326530612246 2.2653061224489797 1.2551020408163265 2.8469387755102042 1.346938775510204
12 5.641798266925817 2.0 1.3877551020408163 1.510204081632653 0.8367346938775511 1.8979591836734695 0.8979591836734694
13 5.573509497560294 3.0 2.0816326530612246 2.2653061224489797 1.2551020408163265 2.8469387755102042 1.346938775510204
14 10.893294595616025 3.0 2.0816326530612246 2.2653061224489797 1.2551020408163265 2.8469387755102042 1.346938775510204
15 0.7041423235961052 2.0 1.3877551020408163 1.510204081632653 0.8367346938775511 1.8979591836734695 0.8979591836734694
16 105.0 2.0 1.3877551020408163 1.510204081632653 0.8367346938775511 1.8979591836734695 0.8979591836734694
17 21.655548646729812 2.0 1.3877551020408163 1.510204081632653 0.8367346938775511 1.8979591836734695 0.8979591836734694
18 0.8470473295701262 3.0 2.0816326530612246 2.2653061224489797 1.2551020408163265 2.8469387755102042 1.346938775510204
19 11.07570534624106 2.0 1.3877551020408163 1.510204081632653 0.8367346938775511 1.8979591836734695 0.8979591836734694
20 8.580813089578678 2.0 1.3877551020408163 1.510204081632653 0.8367346938775511 1.8979591836734695 0.8979591836734694
21 6.982799702164435 3.0 2.0816326530612246 2.2653061224489797 1.2551020408163265 2.8469387755102042 1.346938775510204
22 12.349155966597829 2.0 1.3877551020408163 1.510204081632653 0.8367346938775511 1.8979591836734695 0.8979591836734694
23 0.22000727563752773 3.0 2.0816326530612246 2.2653061224489797 1.2551020408163265 2.8469387755102042 1.346938775510204
24 11.147922978715295 3.0 2.0816326530612246 2.2653061224489797 1.2551020408163265 2.8469387755102042 1.346938775510204
25 1.7247609599395317 2.0 1.3877551020408163 1.510204081632653 0.8367346938775511 1.8979591836734695 0.8979591836734694
26 22.94570341962391 2.0 1.3877551020408163 1.510204081632653 0.8367346938775511 1.8979591836734695 0.8979591836734694
27 1.4011970502486708 2.0 1.3877551020408163 1.510204081632653 0.8367346938775511 1.8979591836734695 0.8979591836734694
28 32.0 3.0 2.0816326530612246 2.2653061224489797 1.2551020408163265 2.8469387755102042 1.346938775510204
29 30.375271525936192 2.0 1.3877551020408163 1.510204081632653 0.8367346938775511 1.8979591836734695 0.8979591836734694
30 1.1877408463385357 2.0 1.3877551020408163 1.510204081632653 0.8367346938775511 1.8979591836734695 0.8979591836734694
31 50.0 3.0 2.0816326530612246 2.2653061224489797 1.2551020408163265 2.8469387755102042 1.346938775510204
32 0.6878652413346297 2.0 1.3877551020408163 1.510204081632653 0.8367346938775511 1.8979591836734695 0.8979591836734694
33 36.53725103867152 2.0 1.3877551020408163 1.510204081632653 0.8367346938775511 1.8979591836734695 0.8979591836734694
34 0.5940962099125363 2.0 1.3877551020408163 1.510204081632653 0.8367346938775511 1.8979591836734695 0.8979591836734694
35 38.0 3.0 2.0816326530612246 2.2653061224489797 1.2551020408163265 2.8469387755102042 1.346938775510204
36 6.541897379106683 3.0 2.0816326530612246 2.2653061224489797 1.2551020408163265 2.8469387755102042 1.346938775510204
37 86.0 3.0 2.0816326530612246 2.2653061224489797 1.2551020408163265 2.8469387755102042 1.346938775510204
38 0.5134048387631278 2.0 1.3877551020408163 1.510204081632653 0.8367346938775511 1.8979591836734695 0.8979591836734694
39 12.338815620009274 2.0 1.3877551020408163 1.510204081632653 0.8367346938775511 1.8979591836734695 0.8979591836734694
40 15.751556966856173 2.0 1.3877551020408163 1.510204081632653 0.8367346938775511 1.8979591836734695 0.8979591836734694
41 30.94901454616913 2.0 1.3877551020408163 1.510204081632653 0.8367346938775511 1.8979591836734695 0.8979591836734694
42 1.1006961838689653 2.0 1.3877551020408163 1.510204081632653 0.8367346938775511 1.8979591836734695 0.8979591836734694
43 4.784383654170889 2.0 1.3877551020408163 1.510204081632653 0.8367346938775511 1.8979591836734695 0.8979591836734694
44 38.0 3.0 2.0816326530612246 2.2653061224489797 1.2551020408163265 2.8469387755102042 1.346938775510204
45 82.0 2.0 1.3877551020408163 1.510204081632653 0.8367346938775511 1.8979591836734695 0.8979591836734694
46 7.064267762660622 2.0 1.3877551020408163 1.510204081632653 0.8367346938775511 1.8979591836734695 0.8979591836734694
47 93.0 3.0 2.0816326530612246 2.2653061224489797 1.2551020408163265 2.8469387755102042 1.346938775510204
48 3.284509576880398 2.0 1.3877551020408163 1.510204081632653 0.8367346938775511 1.8979591836734695 0.8979591836734694
49 0.9913646869004009 2.0 1.3877551020408163 1.510204081632653 0.8367346938775511 1.8979591836734695 0.8979591836734694
