10 6
TREE NETWORK (nID nID Weight):
8 0 44
2 0 51
7 2 58
3 7 31
4 8 45
6 0 36
1 6 58
9 8 43
5 8 38
PROGRAMS ASSIGNED TO NODES (nID pID1 pID2 ...):
0 1 2 3 4 5 6
1 3 6
2 1 2 5 6
4 1 2 3 5 6
5 2 3
6 1 2 4 5 6
9 1 2 4 5 6
SIZE OF PROGRAMS (pID SIZE):
1 84.0
2 60.0
3 43.0
4 82.0
5 48.0
6 98.0
COST TO INSTALL SERVERS AND PROGRAMS ON NODES (COST_TO_INSTALL_SERVER COST_TO_INSTALL_pID1 ...):
0 1846.938775510204 1.7142857142857142 1.2244897959183674 0.8775510204081632 1.6734693877551021 0.9795918367346939 2.0
1 0.17350750645085625 1.7142857142857142 1.2244897959183674 0.8775510204081632 1.6734693877551021 0.9795918367346939 2.0
2 12.0 2.5714285714285716 1.836734693877551 1.316326530612245 2.510204081632653 1.469387755102041 3.0
3 96.0 1.7142857142857142 1.2244897959183674 0.8775510204081632 1.6734693877551021 0.9795918367346939 2.0
4 4.217302102659243 2.5714285714285716 1.836734693877551 1.316326530612245 2.510204081632653 1.469387755102041 3.0
5 1.3605014972496174 2.5714285714285716 1.836734693877551 1.316326530612245 2.510204081632653 1.469387755102041 3.0
6 1.0267452218982833 1.7142857142857142 1.2244897959183674 0.8775510204081632 1.6734693877551021 0.9795918367346939 2.0
7 99.0 1.7142857142857142 1.2244897959183674 0.8775510204081632 1.6734693877551021 0.9795918367346939 2.0
8 0.04812152133580705 1.7142857142857142 1.2244897959183674 0.8775510204081632 1.6734693877551021 0.9795918367346939 2.0
9 2.1918820382275515 2.5714285714285716 1.836734693877551 1.316326530612245 2.510204081632653 1.469387755102041 3.0
