30 2
TREE NETWORK (nID nID Weight):
5 0 38
2 5 47
8 0 49
23 2 40
3 2 36
21 5 57
27 21 43
14 2 48
17 3 57
28 27 31
10 28 54
16 5 41
19 21 37
7 16 31
29 8 33
26 7 44
4 29 45
20 19 50
1 19 33
12 14 57
6 20 58
18 19 53
9 12 59
22 2 51
15 3 46
11 26 40
25 29 38
24 15 51
13 6 48
PROGRAMS ASSIGNED TO NODES (nID pID1 pID2 ...):
0 1 2
2 2
14 1
15 1
17 1
19 2
22 2
24 2
27 2
SIZE OF PROGRAMS (pID SIZE):
1 58.0
2 67.0
COST TO INSTALL SERVERS AND PROGRAMS ON NODES (COST_TO_INSTALL_SERVER COST_TO_INSTALL_pID1 ...):
0 1559.7014925373135 2.5970149253731343 3.0
1 58.0 2.5970149253731343 3.0
2 1.5893551559113732 1.7313432835820894 2.0
3 0.19121277245723603 2.5970149253731343 3.0
4 67.0 1.7313432835820894 2.0
5 0.21193375229117617 2.5970149253731343 3.0
6 76.0 2.5970149253731343 3.0
7 51.0 2.5970149253731343 3.0
8 93.0 2.5970149253731343 3.0
9 63.0 2.5970149253731343 3.0
10 25.0 1.7313432835820894 2.0
11 91.0 2.5970149253731343 3.0
12 32.0 2.5970149253731343 3.0
13 40.0 1.7313432835820894 2.0
14 0.06858383753126862 2.5970149253731343 3.0
15 0.32708233767462735 2.5970149253731343 3.0
16 38.0 1.7313432835820894 2.0
17 0.18288350149216592 1.7313432835820894 2.0
18 79.0 2.5970149253731343 3.0
19 0.08747036510194404 2.5970149253731343 3.0
20 103.0 2.5970149253731343 3.0
21 103.0 2.5970149253731343 3.0
22 0.0751207649913269 2.5970149253731343 3.0
23 40.0 2.5970149253731343 3.0
24 2.6510264825374463 2.5970149253731343 3.0
25 88.0 1.7313432835820894 2.0
26 58.0 1.7313432835820894 2.0
27 1.3732048143614852 1.7313432835820894 2.0
28 64.0 2.5970149253731343 3.0
29 44.0 1.7313432835820894 2.0
