10 3
TREE NETWORK (nID nID Weight):
1 0 30
9 0 52
7 0 41
8 1 35
6 7 59
3 7 54
5 3 31
4 7 47
2 6 33
PROGRAMS ASSIGNED TO NODES (nID pID1 pID2 ...):
0 1 2 3
2 3
3 1 3
4 1 3
5 1 2
6 1
7 3
8 1 3
9 1
SIZE OF PROGRAMS (pID SIZE):
1 95.0
2 42.0
3 98.0
COST TO INSTALL SERVERS AND PROGRAMS ON NODES (COST_TO_INSTALL_SERVER COST_TO_INSTALL_pID1 ...):
0 1719.387755102041 2.9081632653061225 1.2857142857142858 3.0
1 0.3763718820861683 2.9081632653061225 1.2857142857142858 3.0
2 2.2115268017086955 2.9081632653061225 1.2857142857142858 3.0
3 2.3117452943236914 2.9081632653061225 1.2857142857142858 3.0
4 3.493695921544539 1.9387755102040816 0.8571428571428571 2.0
5 0.30519888696802255 2.9081632653061225 1.2857142857142858 3.0
6 1.4837438447888465 2.9081632653061225 1.2857142857142858 3.0
7 0.28073668491786946 1.9387755102040816 0.8571428571428571 2.0
8 0.30197278911564623 2.9081632653061225 1.2857142857142858 3.0
9 0.9078689167974883 1.9387755102040816 0.8571428571428571 2.0
