50 3
TREE NETWORK (nID nID Weight):
1 0 54
34 0 54
27 0 33
46 34 58
7 34 55
44 46 37
25 27 55
37 46 43
2 44 46
13 0 57
10 46 53
36 1 34
23 36 46
15 2 39
31 7 52
6 37 45
19 36 59
41 19 35
4 36 47
26 15 56
33 23 48
9 15 31
18 27 30
17 44 38
21 10 33
28 2 45
49 1 37
42 28 55
47 10 40
12 23 50
30 27 46
35 2 44
45 44 37
38 15 31
20 42 56
40 12 34
5 46 57
11 7 32
16 2 35
29 11 36
43 20 47
22 6 36
8 0 48
3 42 57
24 12 42
32 2 42
48 44 41
39 18 42
14 45 50
PROGRAMS ASSIGNED TO NODES (nID pID1 pID2 ...):
0 1 2 3
1 1 3
2 2
4 1
5 1
8 1 2
9 1 3
15 1 2
17 1 3
20 3
21 1 3
23 2
24 1 3
26 1 2
27 3
30 3
32 1 2
34 1 3
36 2
37 1 2
38 1 3
40 2 3
41 1 3
44 1
45 3
47 1 3
48 2
SIZE OF PROGRAMS (pID SIZE):
1 99.0
2 93.0
3 45.0
COST TO INSTALL SERVERS AND PROGRAMS ON NODES (COST_TO_INSTALL_SERVER COST_TO_INSTALL_pID1 ...):
0 1718.181818181818 3.0 2.8181818181818183 1.3636363636363635
1 30.0 2.0 1.878787878787879 0.9090909090909091
2 3.855257076621394 3.0 2.8181818181818183 1.3636363636363635
3 46.0 3.0 2.8181818181818183 1.3636363636363635
4 0.1925740508969545 3.0 2.8181818181818183 1.3636363636363635
5 1.8023895946763462 2.0 1.878787878787879 0.9090909090909091
6 89.0 3.0 2.8181818181818183 1.3636363636363635
7 20.0 2.0 1.878787878787879 0.9090909090909091
8 0.04646464646464642 2.0 1.878787878787879 0.9090909090909091
9 6.189140755992811 3.0 2.8181818181818183 1.3636363636363635
10 1.3427285213882478 3.0 2.8181818181818183 1.3636363636363635
11 77.0 2.0 1.878787878787879 0.9090909090909091
12 13.171017799478157 2.0 1.878787878787879 0.9090909090909091
13 48.0 2.0 1.878787878787879 0.9090909090909091
14 54.0 3.0 2.8181818181818183 1.3636363636363635
15 6.396515817880133 2.0 1.878787878787879 0.9090909090909091
16 99.0 2.0 1.878787878787879 0.9090909090909091
17 6.068127391539372 3.0 2.8181818181818183 1.3636363636363635
18 67.0 3.0 2.8181818181818183 1.3636363636363635
19 1.9086175815986381 3.0 2.8181818181818183 1.3636363636363635
20 0.2530894685598583 3.0 2.8181818181818183 1.3636363636363635
21 3.0154557941155216 3.0 2.8181818181818183 1.3636363636363635
22 92.0 3.0 2.8181818181818183 1.3636363636363635
23 0.5861886124673849 2.0 1.878787878787879 0.9090909090909091
24 0.671593804320147 2.0 1.878787878787879 0.9090909090909091
25 27.0 3.0 2.8181818181818183 1.3636363636363635
26 13.446436223647618 3.0 2.8181818181818183 1.3636363636363635
27 87.0 3.0 2.8181818181818183 1.3636363636363635
28 1.8920198684441567 3.0 2.8181818181818183 1.3636363636363635
29 102.0 3.0 2.8181818181818183 1.3636363636363635
30 0.04891304347826088 3.0 2.8181818181818183 1.3636363636363635
31 106.0 3.0 2.8181818181818183 1.3636363636363635
32 10.737278714490106 3.0 2.8181818181818183 1.3636363636363635
33 77.0 2.0 1.878787878787879 0.9090909090909091
34 98.0 2.0 1.878787878787879 0.9090909090909091
35 71.0 3.0 2.8181818181818183 1.3636363636363635
36 5.257278669043376 2.0 1.878787878787879 0.9090909090909091
37 2.8566877003124 2.0 1.878787878787879 0.9090909090909091
38 6.189140755992811 3.0 2.8181818181818183 1.3636363636363635
39 100.0 2.0 1.878787878787879 0.9090909090909091
40 0.6822661913250148 2.0 1.878787878787879 0.9090909090909091
41 3.4857604387414964 3.0 2.8181818181818183 1.3636363636363635
42 2.342019868444156 3.0 2.8181818181818183 1.3636363636363635
43 79.0 2.0 1.878787878787879 0.9090909090909091
44 8.074097922373786 2.0 1.878787878787879 0.9090909090909091
45 1.722895309102206 2.0 1.878787878787879 0.9090909090909091
46 2.9497735980494606 2.0 1.878787878787879 0.9090909090909091
47 5.090318539986726 3.0 2.8181818181818183 1.3636363636363635
48 3.425778848655216 2.0 1.878787878787879 0.9090909090909091
49 61.0 2.0 1.878787878787879 0.9090909090909091
