50 5
TREE NETWORK (nID nID Weight):
43 0 46
48 43 58
42 0 47
37 42 51
18 48 46
1 37 51
12 43 35
38 43 42
24 37 57
2 48 47
30 38 34
40 0 55
29 18 59
45 18 41
15 12 36
9 24 44
25 9 30
3 48 42
26 12 56
36 26 35
23 12 54
41 23 38
5 42 35
11 0 55
35 3 35
19 37 42
39 5 35
28 2 46
14 1 38
31 36 56
33 24 50
21 45 33
13 48 45
6 23 50
27 48 33
44 48 59
22 21 58
16 48 32
47 36 39
49 2 46
46 23 50
8 13 52
17 42 48
4 15 37
10 47 58
7 13 43
32 24 31
20 7 36
34 12 32
PROGRAMS ASSIGNED TO NODES (nID pID1 pID2 ...):
0 1 2 3 4 5
1 2
3 3
5 1 2 4 5
6 1 2 3
7 1 2 3 5
8 2 3 5
10 5
11 4
12 1 2 3 5
13 1 4 5
14 4
15 2 5
16 2
17 1 5
20 2
21 1 2 3
22 4
23 3 4
24 1 2 3 4
25 1 2 4 5
27 2 3
28 3 4 5
29 1
30 3 4
32 1 3
33 1 2
34 1
35 3 4
36 1 3 4 5
38 2 3 4 5
39 3 4 5
40 3 4
41 1 3 4
42 1 3 5
44 1 2 4
45 1 2
46 3 5
47 3 5
49 1
SIZE OF PROGRAMS (pID SIZE):
1 87.0
2 74.0
3 72.0
4 45.0
5 71.0
COST TO INSTALL SERVERS AND PROGRAMS ON NODES (COST_TO_INSTALL_SERVER COST_TO_INSTALL_pID1 ...):
0 1802.2988505747126 2.0 1.7011494252873562 1.6551724137931034 1.0344827586206897 1.632183908045977
1 1.1864677590282866 3.0 2.5517241379310347 2.4827586206896552 1.5517241379310345 2.4482758620689653
2 4.611989218156879 2.0 1.7011494252873562 1.6551724137931034 1.0344827586206897 1.632183908045977
3 2.373565003212679 3.0 2.5517241379310347 2.4827586206896552 1.5517241379310345 2.4482758620689653
4 44.0 3.0 2.5517241379310347 2.4827586206896552 1.5517241379310345 2.4482758620689653
5 0.26812388638507495 3.0 2.5517241379310347 2.4827586206896552 1.5517241379310345 2.4482758620689653
6 0.767042661209078 2.0 1.7011494252873562 1.6551724137931034 1.0344827586206897 1.632183908045977
7 6.836687702660299 3.0 2.5517241379310347 2.4827586206896552 1.5517241379310345 2.4482758620689653
8 6.85606020707595 2.0 1.7011494252873562 1.6551724137931034 1.0344827586206897 1.632183908045977
9 5.817766095282028 3.0 2.5517241379310347 2.4827586206896552 1.5517241379310345 2.4482758620689653
10 4.55451980740399 2.0 1.7011494252873562 1.6551724137931034 1.0344827586206897 1.632183908045977
11 0.37241379310344835 3.0 2.5517241379310347 2.4827586206896552 1.5517241379310345 2.4482758620689653
12 3.0381462840008577 3.0 2.5517241379310347 2.4827586206896552 1.5517241379310345 2.4482758620689653
13 6.68311066688878 3.0 2.5517241379310347 2.4827586206896552 1.5517241379310345 2.4482758620689653
14 1.5795342522072735 2.0 1.7011494252873562 1.6551724137931034 1.0344827586206897 1.632183908045977
15 5.725790775247297 2.0 1.7011494252873562 1.6551724137931034 1.0344827586206897 1.632183908045977
16 1.9227495627186406 2.0 1.7011494252873562 1.6551724137931034 1.0344827586206897 1.632183908045977
17 1.158120873074101 2.0 1.7011494252873562 1.6551724137931034 1.0344827586206897 1.632183908045977
18 4.741004497751125 3.0 2.5517241379310347 2.4827586206896552 1.5517241379310345 2.4482758620689653
19 45.0 2.0 1.7011494252873562 1.6551724137931034 1.0344827586206897 1.632183908045977
20 0.3302169264205106 2.0 1.7011494252873562 1.6551724137931034 1.0344827586206897 1.632183908045977
21 6.42349640035858 2.0 1.7011494252873562 1.6551724137931034 1.0344827586206897 1.632183908045977
22 0.2208859539188277 3.0 2.5517241379310347 2.4827586206896552 1.5517241379310345 2.4482758620689653
23 8.590586796548818 3.0 2.5517241379310347 2.4827586206896552 1.5517241379310345 2.4482758620689653
24 8.864082838474491 2.0 1.7011494252873562 1.6551724137931034 1.0344827586206897 1.632183908045977
25 21.543768907946518 2.0 1.7011494252873562 1.6551724137931034 1.0344827586206897 1.632183908045977
26 3.106069732990649 2.0 1.7011494252873562 1.6551724137931034 1.0344827586206897 1.632183908045977
27 4.844003755697908 2.0 1.7011494252873562 1.6551724137931034 1.0344827586206897 1.632183908045977
28 7.1460269865067465 3.0 2.5517241379310347 2.4827586206896552 1.5517241379310345 2.4482758620689653
29 0.23785924834193073 2.0 1.7011494252873562 1.6551724137931034 1.0344827586206897 1.632183908045977
30 3.394051818628501 3.0 2.5517241379310347 2.4827586206896552 1.5517241379310345 2.4482758620689653
31 71.0 2.0 1.7011494252873562 1.6551724137931034 1.0344827586206897 1.632183908045977
32 0.44681865519065855 3.0 2.5517241379310347 2.4827586206896552 1.5517241379310345 2.4482758620689653
33 0.4462903319106536 2.0 1.7011494252873562 1.6551724137931034 1.0344827586206897 1.632183908045977
34 0.25478843167701865 2.0 1.7011494252873562 1.6551724137931034 1.0344827586206897 1.632183908045977
35 3.0665270935960582 2.0 1.7011494252873562 1.6551724137931034 1.0344827586206897 1.632183908045977
36 13.182924162918539 2.0 1.7011494252873562 1.6551724137931034 1.0344827586206897 1.632183908045977
37 1.3532308105438318 2.0 1.7011494252873562 1.6551724137931034 1.0344827586206897 1.632183908045977
38 0.7248161633468975 3.0 2.5517241379310347 2.4827586206896552 1.5517241379310345 2.4482758620689653
39 4.543054187192118 3.0 2.5517241379310347 2.4827586206896552 1.5517241379310345 2.4482758620689653
40 1.3228213166144203 3.0 2.5517241379310347 2.4827586206896552 1.5517241379310345 2.4482758620689653
41 3.712521032716724 3.0 2.5517241379310347 2.4827586206896552 1.5517241379310345 2.4482758620689653
42 2.34572837694628 2.0 1.7011494252873562 1.6551724137931034 1.0344827586206897 1.632183908045977
43 18.0 2.0 1.7011494252873562 1.6551724137931034 1.0344827586206897 1.632183908045977
44 2.0357634741951056 2.0 1.7011494252873562 1.6551724137931034 1.0344827586206897 1.632183908045977
45 14.679281700613112 2.0 1.7011494252873562 1.6551724137931034 1.0344827586206897 1.632183908045977
46 0.47076008820986326 2.0 1.7011494252873562 1.6551724137931034 1.0344827586206897 1.632183908045977
47 0.710650299850075 2.0 1.7011494252873562 1.6551724137931034 1.0344827586206897 1.632183908045977
48 0.6017241379310337 3.0 2.5517241379310347 2.4827586206896552 1.5517241379310345 2.4482758620689653
49 2.2735198889916743 3.0 2.5517241379310347 2.4827586206896552 1.5517241379310345 2.4482758620689653
