40 2
TREE NETWORK (nID nID Weight):
15 0 35
9 0 38
32 15 32
29 0 56
37 0 31
38 37 53
34 32 53
26 15 49
27 26 50
11 29 50
35 37 35
25 29 42
23 25 42
28 29 49
14 11 51
39 38 56
36 11 49
7 29 57
24 11 48
30 14 36
16 35 55
4 23 33
19 39 49
20 39 45
3 24 32
12 37 55
13 4 40
18 19 52
1 34 38
2 30 52
22 3 32
8 19 56
31 38 53
33 8 48
21 18 42
10 4 59
17 15 46
5 11 42
6 13 36
PROGRAMS ASSIGNED TO NODES (nID pID1 pID2 ...):
0 1 2
1 1
2 2
3 1
4 2
5 1
6 1
8 2
12 2
13 1
14 2
15 2
16 1
18 1
19 1
20 2
21 2
23 2
24 2
26 1
27 1
29 1
30 2
31 2
32 2
34 1
39 1
SIZE OF PROGRAMS (pID SIZE):
1 58.0
2 98.0
COST TO INSTALL SERVERS AND PROGRAMS ON NODES (COST_TO_INSTALL_SERVER COST_TO_INSTALL_pID1 ...):
0 1477.5510204081631 1.7755102040816326 3.0
1 0.2453312399935148 1.183673469387755 2.0
2 0.36192031171442934 1.7755102040816326 3.0
3 0.1720518707482993 1.7755102040816326 3.0
4 0.5878942486085345 1.183673469387755 2.0
5 0.9906360544217686 1.7755102040816326 3.0
6 0.37163162234590813 1.183673469387755 2.0
7 109.0 1.7755102040816326 3.0
8 4.130690809494827 1.7755102040816326 3.0
9 34.0 1.183673469387755 2.0
10 48.0 1.183673469387755 2.0
11 0.8099795918367351 1.7755102040816326 3.0
12 0.09715542521994136 1.7755102040816326 3.0
13 0.26148423005565863 1.7755102040816326 3.0
14 1.4473627450980395 1.7755102040816326 3.0
15 0.06367346938775512 1.183673469387755 2.0
16 1.8694404213298221 1.183673469387755 2.0
17 57.0 1.183673469387755 2.0
18 5.275191287714112 1.183673469387755 2.0
19 7.712314146595948 1.183673469387755 2.0
20 3.8159685872726046 1.183673469387755 2.0
21 0.5489147822151473 1.183673469387755 2.0
22 26.0 1.183673469387755 2.0
23 5.038605442176872 1.183673469387755 2.0
24 4.2799625850340135 1.183673469387755 2.0
25 0.6610544217687077 1.7755102040816326 3.0
26 0.08285714285714288 1.183673469387755 2.0
27 1.2239183673469392 1.7755102040816326 3.0
28 14.0 1.183673469387755 2.0
29 0.1658163265306125 1.7755102040816326 3.0
30 0.31768954248366016 1.183673469387755 2.0
31 0.24297017650639074 1.183673469387755 2.0
32 3.265586734693878 1.7755102040816326 3.0
33 17.0 1.183673469387755 2.0
34 0.1690154505198306 1.183673469387755 2.0
35 1.2894404213298223 1.183673469387755 2.0
36 71.0 1.7755102040816326 3.0
37 0.18400263331138939 1.7755102040816326 3.0
38 2.2934365955755407 1.7755102040816326 3.0
39 2.9047831244488056 1.183673469387755 2.0
