30 7
TREE NETWORK (nID nID Weight):
26 0 51
28 0 40
23 28 35
4 26 44
3 23 44
5 26 50
6 28 32
2 26 51
18 4 56
24 23 44
22 26 59
9 26 48
21 23 42
19 22 58
29 9 31
20 2 48
12 28 46
17 21 35
16 21 58
8 21 50
27 20 31
11 23 42
25 4 38
13 28 34
14 9 34
1 4 55
7 8 30
15 23 41
10 27 57
PROGRAMS ASSIGNED TO NODES (nID pID1 pID2 ...):
0 1 2 3 4 5 6 7
1 2
2 2 3 4 6
4 2 5
5 1 2 3 4 5 6
6 1 2 3 4 7
7 2 3 4 6 7
9 1 2 4 5 6
10 7
11 1 3 5 6 7
12 4 5 6 7
13 1 6 7
15 1 3 4 5 6 7
16 1 6 7
17 1 2 3 4 6 7
18 3 6 7
19 4 6 7
20 4 5 6 7
21 1 3 5 6 7
22 1 6 7
23 1
24 1 2 6
25 4 5
26 3 5 6 7
27 3 5 7
28 1 2 4 5 6 7
29 1 2 3 4 6 7
SIZE OF PROGRAMS (pID SIZE):
1 45.0
2 64.0
3 65.0
4 51.0
5 96.0
6 55.0
7 86.0
COST TO INSTALL SERVERS AND PROGRAMS ON NODES (COST_TO_INSTALL_SERVER COST_TO_INSTALL_pID1 ...):
0 2443.75 1.40625 2.0 2.03125 1.59375 3.0 1.71875 2.6875
1 1.3968627450980395 0.9375 1.3333333333333333 1.3541666666666667 1.0625 2.0 1.1458333333333333 1.7916666666666667
2 3.6684611344537807 0.9375 1.3333333333333333 1.3541666666666667 1.0625 2.0 1.1458333333333333 1.7916666666666667
3 36.0 1.40625 2.0 2.03125 1.59375 3.0 1.71875 2.6875
4 1.7292040679908323 0.9375 1.3333333333333333 1.3541666666666667 1.0625 2.0 1.1458333333333333 1.7916666666666667
5 2.8507408963585417 1.40625 2.0 2.03125 1.59375 3.0 1.71875 2.6875
6 4.276249999999999 1.40625 2.0 2.03125 1.59375 3.0 1.71875 2.6875
7 25.278113095238094 0.9375 1.3333333333333333 1.3541666666666667 1.0625 2.0 1.1458333333333333 1.7916666666666667
8 4.599407738095238 1.40625 2.0 2.03125 1.59375 3.0 1.71875 2.6875
9 7.247058823529412 0.9375 1.3333333333333333 1.3541666666666667 1.0625 2.0 1.1458333333333333 1.7916666666666667
10 0.3379840582243085 1.40625 2.0 2.03125 1.59375 3.0 1.71875 2.6875
11 0.8003720238095238 1.40625 2.0 2.03125 1.59375 3.0 1.71875 2.6875
12 1.865217391304348 0.9375 1.3333333333333333 1.3541666666666667 1.0625 2.0 1.1458333333333333 1.7916666666666667
13 4.996470588235295 0.9375 1.3333333333333333 1.3541666666666667 1.0625 2.0 1.1458333333333333 1.7916666666666667
14 99.0 1.40625 2.0 2.03125 1.59375 3.0 1.71875 2.6875
15 4.385008088601294 0.9375 1.3333333333333333 1.3541666666666667 1.0625 2.0 1.1458333333333333 1.7916666666666667
16 0.5893626847290641 1.40625 2.0 2.03125 1.59375 3.0 1.71875 2.6875
17 6.008188775510202 0.9375 1.3333333333333333 1.3541666666666667 1.0625 2.0 1.1458333333333333 1.7916666666666667
18 1.7886315889992355 1.40625 2.0 2.03125 1.59375 3.0 1.71875 2.6875
19 3.463430398459792 1.40625 2.0 2.03125 1.59375 3.0 1.71875 2.6875
20 12.2281045751634 0.9375 1.3333333333333333 1.3541666666666667 1.0625 2.0 1.1458333333333333 1.7916666666666667
21 3.7296875 1.40625 2.0 2.03125 1.59375 3.0 1.71875 2.6875
22 0.5659910892323025 1.40625 2.0 2.03125 1.59375 3.0 1.71875 2.6875
23 0.5156249999999997 1.40625 2.0 2.03125 1.59375 3.0 1.71875 2.6875
24 2.728896103896104 0.9375 1.3333333333333333 1.3541666666666667 1.0625 2.0 1.1458333333333333 1.7916666666666667
25 5.037581210713951 0.9375 1.3333333333333333 1.3541666666666667 1.0625 2.0 1.1458333333333333 1.7916666666666667
26 2.915808823529412 1.40625 2.0 2.03125 1.59375 3.0 1.71875 2.6875
27 9.709709044908287 0.9375 1.3333333333333333 1.3541666666666667 1.0625 2.0 1.1458333333333333 1.7916666666666667
28 28.0 1.40625 2.0 2.03125 1.59375 3.0 1.71875 2.6875
29 11.594536968013013 1.40625 2.0 2.03125 1.59375 3.0 1.71875 2.6875
