50 7
TREE NETWORK (nID nID Weight):
16 0 49
19 16 51
6 16 51
5 6 48
31 16 53
10 19 38
2 5 30
15 10 59
27 2 48
46 6 36
39 46 47
8 2 38
40 5 46
23 16 59
41 0 33
1 40 40
38 31 58
44 0 53
47 16 38
18 1 33
9 5 51
13 18 39
42 18 30
34 8 36
25 0 33
14 16 32
35 23 56
3 15 44
11 3 31
45 23 43
22 16 32
29 35 51
28 46 31
26 45 40
32 6 30
17 8 53
48 11 30
30 47 51
7 48 55
21 34 45
24 32 48
4 19 59
36 32 54
43 38 32
37 16 55
49 34 42
12 47 59
20 46 55
33 24 56
PROGRAMS ASSIGNED TO NODES (nID pID1 pID2 ...):
0 1 2 3 4 5 6 7
1 1 2 7
2 1 2 3 4 6 7
3 4
4 2 5
5 3 7
6 6
7 3 4
8 1 2 4 5 6 7
9 1 6
10 2 4 5
11 1 4 5 6 7
12 1 2 3 4 5 7
13 2 3 5 6
14 2 3 4
15 2 3
16 2 3 4 5 6 7
17 7
18 4 6
19 4
20 5 7
21 5 7
22 1 3 4 5 6 7
23 1 5 6 7
24 2 3 4 5 6 7
25 3 4 6
26 2 3 4 5 6 7
27 1 2 4 6 7
28 7
29 1 3 5
30 2 4 6 7
31 2 5 7
32 1 2 4 5 6 7
33 1 2 4 7
34 1 3 4 5 6 7
35 1 3 4 6 7
36 3
37 5
39 1 3 4 6 7
40 1 3 4
43 1 5 7
44 1 2 4
46 4
47 1 7
48 2 4
SIZE OF PROGRAMS (pID SIZE):
1 77.0
2 59.0
3 90.0
4 67.0
5 79.0
6 87.0
7 56.0
COST TO INSTALL SERVERS AND PROGRAMS ON NODES (COST_TO_INSTALL_SERVER COST_TO_INSTALL_pID1 ...):
0 2144.4444444444443 1.711111111111111 1.3111111111111111 2.0 1.488888888888889 1.7555555555555555 1.9333333333333333 1.2444444444444445
1 16.25259307527359 2.566666666666667 1.9666666666666666 3.0 2.2333333333333334 2.6333333333333333 2.9 1.8666666666666667
2 21.152751725690287 2.566666666666667 1.9666666666666666 3.0 2.2333333333333334 2.6333333333333333 2.9 1.8666666666666667
3 39.91355523726265 1.711111111111111 1.3111111111111111 2.0 1.488888888888889 1.7555555555555555 1.9333333333333333 1.2444444444444445
4 3.4360764418761858 1.711111111111111 1.3111111111111111 2.0 1.488888888888889 1.7555555555555555 1.9333333333333333 1.2444444444444445
5 6.022565901360547 2.566666666666667 1.9666666666666666 3.0 2.2333333333333334 2.6333333333333333 2.9 1.8666666666666667
6 3.8946145124716565 1.711111111111111 1.3111111111111111 2.0 1.488888888888889 1.7555555555555555 1.9333333333333333 1.2444444444444445
7 18.853204336014368 1.711111111111111 1.3111111111111111 2.0 1.488888888888889 1.7555555555555555 1.9333333333333333 1.2444444444444445
8 21.510212100190955 1.711111111111111 1.3111111111111111 2.0 1.488888888888889 1.7555555555555555 1.9333333333333333 1.2444444444444445
9 2.9625193410697603 2.566666666666667 1.9666666666666666 3.0 2.2333333333333334 2.6333333333333333 2.9 1.8666666666666667
10 3.9753753255688244 1.711111111111111 1.3111111111111111 2.0 1.488888888888889 1.7555555555555555 1.9333333333333333 1.2444444444444445
11 9.457082328622876 2.566666666666667 1.9666666666666666 3.0 2.2333333333333334 2.6333333333333333 2.9 1.8666666666666667
12 0.8870488974656174 1.711111111111111 1.3111111111111111 2.0 1.488888888888889 1.7555555555555555 1.9333333333333333 1.2444444444444445
13 10.253186431535218 2.566666666666667 1.9666666666666666 3.0 2.2333333333333334 2.6333333333333333 2.9 1.8666666666666667
14 5.086530612244898 1.711111111111111 1.3111111111111111 2.0 1.488888888888889 1.7555555555555555 1.9333333333333333 1.2444444444444445
15 17.294884195129146 1.711111111111111 1.3111111111111111 2.0 1.488888888888889 1.7555555555555555 1.9333333333333333 1.2444444444444445
16 86.0 2.566666666666667 1.9666666666666666 3.0 2.2333333333333334 2.6333333333333333 2.9 1.8666666666666667
17 0.3280036615771764 1.711111111111111 1.3111111111111111 2.0 1.488888888888889 1.7555555555555555 1.9333333333333333 1.2444444444444445
18 2.209283214603365 1.711111111111111 1.3111111111111111 2.0 1.488888888888889 1.7555555555555555 1.9333333333333333 1.2444444444444445
19 5.040089369080968 1.711111111111111 1.3111111111111111 2.0 1.488888888888889 1.7555555555555555 1.9333333333333333 1.2444444444444445
20 2.7242374222416235 2.566666666666667 1.9666666666666666 3.0 2.2333333333333334 2.6333333333333333 2.9 1.8666666666666667
21 1.0008646221646555 1.711111111111111 1.3111111111111111 2.0 1.488888888888889 1.7555555555555555 1.9333333333333333 1.2444444444444445
22 6.386465014577261 2.566666666666667 1.9666666666666666 3.0 2.2333333333333334 2.6333333333333333 2.9 1.8666666666666667
23 5.261336907644414 1.711111111111111 1.3111111111111111 2.0 1.488888888888889 1.7555555555555555 1.9333333333333333 1.2444444444444445
24 11.117889655862347 1.711111111111111 1.3111111111111111 2.0 1.488888888888889 1.7555555555555555 1.9333333333333333 1.2444444444444445
25 0.5915151515151515 1.711111111111111 1.3111111111111111 2.0 1.488888888888889 1.7555555555555555 1.9333333333333333 1.2444444444444445
26 9.32118016140518 1.711111111111111 1.3111111111111111 2.0 1.488888888888889 1.7555555555555555 1.9333333333333333 1.2444444444444445
27 10.833845204748568 2.566666666666667 1.9666666666666666 3.0 2.2333333333333334 2.6333333333333333 2.9 1.8666666666666667
28 2.0549302731845422 2.566666666666667 1.9666666666666666 3.0 2.2333333333333334 2.6333333333333333 2.9 1.8666666666666667
29 5.6134574338209875 2.566666666666667 1.9666666666666666 3.0 2.2333333333333334 2.6333333333333333 2.9 1.8666666666666667
30 0.5932737656466095 1.711111111111111 1.3111111111111111 2.0 1.488888888888889 1.7555555555555555 1.9333333333333333 1.2444444444444445
31 1.046816198177383 2.566666666666667 1.9666666666666666 3.0 2.2333333333333334 2.6333333333333333 2.9 1.8666666666666667
32 8.758503401360548 2.566666666666667 1.9666666666666666 3.0 2.2333333333333334 2.6333333333333333 2.9 1.8666666666666667
33 17.32723214285714 2.566666666666667 1.9666666666666666 3.0 2.2333333333333334 2.6333333333333333 2.9 1.8666666666666667
34 40.05924512662206 2.566666666666667 1.9666666666666666 3.0 2.2333333333333334 2.6333333333333333 2.9 1.8666666666666667
35 13.647474263313079 1.711111111111111 1.3111111111111111 2.0 1.488888888888889 1.7555555555555555 1.9333333333333333 1.2444444444444445
36 0.26340536214485794 2.566666666666667 1.9666666666666666 3.0 2.2333333333333334 2.6333333333333333 2.9 1.8666666666666667
37 0.2284013605442177 2.566666666666667 1.9666666666666666 3.0 2.2333333333333334 2.6333333333333333 2.9 1.8666666666666667
38 3.998825553209789 1.711111111111111 1.3111111111111111 2.0 1.488888888888889 1.7555555555555555 1.9333333333333333 1.2444444444444445
39 18.561365465808084 2.566666666666667 1.9666666666666666 3.0 2.2333333333333334 2.6333333333333333 2.9 1.8666666666666667
40 7.609918641369596 2.566666666666667 1.9666666666666666 3.0 2.2333333333333334 2.6333333333333333 2.9 1.8666666666666667
41 90.0 1.711111111111111 1.3111111111111111 2.0 1.488888888888889 1.7555555555555555 1.9333333333333333 1.2444444444444445
42 29.0 2.566666666666667 1.9666666666666666 3.0 2.2333333333333334 2.6333333333333333 2.9 1.8666666666666667
43 7.64257555320979 1.711111111111111 1.3111111111111111 2.0 1.488888888888889 1.7555555555555555 1.9333333333333333 1.2444444444444445
44 61.0 1.711111111111111 1.3111111111111111 2.0 1.488888888888889 1.7555555555555555 1.9333333333333333 1.2444444444444445
45 12.851630519430026 1.711111111111111 1.3111111111111111 2.0 1.488888888888889 1.7555555555555555 1.9333333333333333 1.2444444444444445
46 9.765107185731436 2.566666666666667 1.9666666666666666 3.0 2.2333333333333334 2.6333333333333333 2.9 1.8666666666666667
47 0.6309195608067789 1.711111111111111 1.3111111111111111 2.0 1.488888888888889 1.7555555555555555 1.9333333333333333 1.2444444444444445
48 23.892414162397046 2.566666666666667 1.9666666666666666 3.0 2.2333333333333334 2.6333333333333333 2.9 1.8666666666666667
49 43.0 1.711111111111111 1.3111111111111111 2.0 1.488888888888889 1.7555555555555555 1.9333333333333333 1.2444444444444445
