400 6
TREE NETWORK (nID nID Weight):
201 0 47
90 0 55
328 90 44
191 0 47
29 0 42
301 328 50
237 201 58
208 191 32
41 328 57
184 237 51
103 184 40
117 208 47
204 237 34
169 237 59
254 0 52
111 103 51
332 328 51
232 111 35
192 328 46
380 117 33
170 41 32
210 192 48
390 232 42
241 380 44
100 254 36
300 192 35
162 232 32
40 162 32
211 201 33
274 390 42
178 332 31
365 90 54
116 29 47
54 300 59
122 301 41
131 204 40
176 204 42
366 301 59
287 237 55
34 390 47
268 241 36
72 390 50
278 287 54
60 184 38
283 169 38
257 274 40
149 201 58
20 268 33
398 208 37
167 116 49
260 90 58
186 176 31
115 90 31
234 380 57
128 278 43
49 169 46
166 365 34
298 34 40
42 211 31
284 210 39
181 166 32
279 42 47
4 254 44
316 260 44
129 170 31
243 122 31
197 49 31
120 191 45
161 184 59
305 178 39
325 120 49
313 380 35
35 211 40
391 128 56
110 167 36
114 268 44
13 178 59
219 129 31
276 279 31
339 197 52
239 398 51
1 197 51
386 116 35
361 115 41
281 239 53
136 184 44
265 279 32
381 268 57
322 103 36
206 241 40
135 110 49
269 186 36
207 284 42
21 111 46
384 325 36
277 322 56
33 120 41
294 301 52
347 110 50
235 243 41
193 301 48
329 206 52
65 279 52
198 322 55
43 149 38
335 257 34
83 210 58
86 201 50
342 277 34
337 219 46
85 178 47
92 339 53
94 54 53
315 120 37
285 283 39
10 122 59
333 235 59
385 116 47
62 1 49
202 33 50
348 161 30
132 115 45
312 29 53
302 161 56
362 342 33
199 41 34
194 149 57
218 305 45
81 33 45
196 193 49
297 302 59
224 81 39
123 398 58
70 281 34
261 40 48
121 111 53
76 169 57
288 278 33
25 128 53
112 199 50
91 312 40
296 83 49
11 366 54
58 114 39
6 202 31
104 294 52
59 132 45
289 40 44
293 283 41
216 166 42
303 339 49
344 347 51
388 167 41
30 35 48
326 112 57
180 239 50
9 283 34
255 116 44
318 284 34
250 42 49
156 117 41
171 25 31
37 288 39
74 303 32
67 216 48
46 196 58
155 384 59
307 92 41
22 197 39
263 289 39
290 384 41
351 117 43
264 201 56
14 115 44
179 344 55
130 171 40
96 33 53
245 194 46
371 386 40
71 67 40
327 243 37
190 96 30
295 277 54
153 290 32
24 300 47
189 11 40
140 318 55
346 344 59
221 278 55
87 180 33
228 62 36
82 303 54
220 342 36
382 265 56
249 289 55
267 70 31
183 91 30
383 366 30
2 22 55
253 83 53
164 170 57
240 128 57
101 176 58
78 37 46
350 239 37
349 384 31
68 114 51
141 194 53
32 237 59
222 42 45
367 269 42
55 288 46
148 366 34
36 332 47
51 267 35
142 117 36
66 76 49
338 132 49
248 269 47
363 296 59
152 190 44
282 29 37
134 130 37
238 318 58
138 313 47
108 264 59
50 210 34
334 361 51
18 335 38
396 277 56
106 41 46
291 327 37
173 153 49
8 347 56
223 46 41
369 155 44
320 18 44
343 248 57
395 289 46
143 274 42
378 21 58
399 381 50
88 255 51
311 297 35
280 204 38
354 180 39
174 37 47
359 347 30
212 223 59
44 186 48
89 268 52
47 197 43
226 67 44
308 78 40
163 94 49
205 239 35
259 18 30
69 250 45
7 320 41
352 363 38
389 396 43
126 232 36
340 18 45
19 312 56
175 86 39
387 179 49
133 366 58
314 369 34
160 204 37
15 201 39
251 170 57
73 112 56
225 161 30
275 44 48
77 265 42
17 365 33
266 162 43
151 253 45
319 189 36
109 312 46
165 343 40
48 216 50
154 115 45
252 155 32
127 266 44
374 225 39
45 35 39
227 305 35
158 176 40
358 201 48
323 21 43
97 9 35
258 65 46
124 131 41
209 295 39
324 378 46
233 380 32
185 60 54
144 33 48
270 354 42
376 278 47
168 365 57
113 300 52
364 334 37
53 269 54
310 318 58
188 24 47
321 160 35
309 77 30
393 320 41
330 199 53
5 100 53
27 210 52
57 166 38
118 60 36
146 14 47
357 170 37
187 170 30
28 250 40
331 146 36
119 226 39
231 97 59
107 297 47
203 160 37
246 164 30
23 66 39
317 311 46
84 90 37
215 76 32
292 82 56
159 278 58
75 342 41
368 90 50
272 253 57
200 42 33
102 50 32
145 275 42
372 128 58
195 88 46
304 1 39
150 276 32
93 37 37
26 144 48
392 143 35
244 190 52
98 200 56
375 337 43
306 218 55
336 73 44
394 145 39
262 163 44
355 349 43
341 320 54
38 11 57
373 262 40
139 11 42
52 233 33
242 340 52
16 311 44
299 90 45
214 390 54
105 348 56
247 335 52
360 398 52
61 346 39
137 232 35
80 195 30
64 139 38
177 22 59
79 150 47
3 179 32
230 302 59
236 32 44
95 203 58
99 292 34
286 221 36
397 284 37
56 268 35
147 72 45
125 160 31
12 381 34
172 100 36
213 254 50
256 8 54
356 250 39
377 333 58
271 254 50
273 271 41
31 323 50
157 48 39
353 125 54
182 295 40
217 157 58
379 296 52
63 264 46
39 15 50
370 338 48
229 48 59
345 317 36
PROGRAMS ASSIGNED TO NODES (nID pID1 pID2 ...):
0 1 2 3 4 5 6
1 1 2 3 4
2 2 3 4
3 1 3
5 1 2 6
6 2 3 5
7 5 6
8 1 2 5 6
9 2 3 4 5 6
10 1 2 3 4 5
11 1 2 4 5
13 1 3 4 5
14 1 2 3 5
15 1 2
17 1 3
18 2
19 5 6
20 1 2 3 4 5
21 1 3 4 5 6
22 1 2 3 5 6
23 1 2 5 6
24 2
25 1 2 3 6
26 1
27 2 4
28 4
29 1 2 3 4 5
30 4 5 6
31 1 2 3 4 6
32 2 4
33 1 2
34 6
35 4 5
36 1 2 4
38 2 3 4 5 6
39 1 2 3 5
40 3 5
41 2
42 3 4
43 1 4 5 6
44 2 3 4 5 6
45 1 2 3 4 5
47 1 3
48 1 3 4 5
49 2 4 5 6
51 4 5
52 2 4 5 6
53 2 4 5 6
54 4 5
55 1
57 5
58 2 3 4 5 6
60 1 2 3 4 5
61 1 2 3 4 6
63 2 4
64 2
65 1 6
66 2 4
67 1 4
68 6
69 3 6
70 2 3 4 5 6
72 2 3 4 5 6
73 5 6
75 1
77 1 2 4 5
78 1
79 2 3
80 6
81 4 5
82 2 4 5
83 1 2 4 6
85 2 3
86 1
87 2 3 5 6
89 1 3 6
90 1 5 6
91 3 5 6
92 1 2 3 5 6
94 3 5 6
95 1 2 4
96 1 2 4 5
97 1 2
98 3 4 5
99 1 3 5 6
100 1 6
101 2 6
102 1 3 5 6
103 1 6
104 3 5
105 5 6
106 2 4 5
107 1 2 3 4 5
109 5 6
110 1 2 4 5 6
111 1 2 3 4 6
113 1 2 3
114 2 3 6
116 3 4
117 1 2 3 4
119 2 6
120 1 3 4 5 6
121 1 2 4 5
122 2 4 6
123 3 5
125 2 6
126 6
127 1 2 3 4 6
128 1 3 4 5 6
129 1 2 4 5 6
130 1 2 3
131 4
132 1 5 6
133 1 2 5
134 1 2 5 6
135 1 4 5 6
136 1 3 4 5
137 1 2
138 1 2 3 4 5
139 5
140 1 3 4 5 6
141 2 4 5
142 4
144 1 3 6
145 1 3 5 6
146 2
147 2
149 2
150 2 4 5 6
151 4
152 1
153 1 4 6
154 1 3 5 6
155 1 2 5
156 1 3 5
157 2 4 6
158 1 3 5 6
159 2 4 6
160 4
161 2 4 5
162 4
163 1 2 4 5
165 1 2 3 6
166 1
167 3 6
168 2 3 4 5 6
169 3
170 3 4
172 1 4 5 6
174 1 3 5
175 1 2 5 6
176 1 2 4 5
177 2
179 1 2 4 5 6
181 1 6
182 2 3 4 5 6
183 3
184 1 2 3 4 6
185 2
188 2 4 5 6
189 4 6
190 4 6
191 3 5
196 1 3 6
197 1 2 3 4 5
198 1 2
199 1 2 5 6
200 6
201 1 2 5
202 1
203 1 3 5 6
207 1 3
208 1 2 5 6
211 2 3
212 5
213 1 3 4 6
214 1 2 6
215 2 3 6
216 6
217 1 2 3
218 1 6
219 1 2
220 1 2 3 5
221 1 2 3 5
223 1 3 4 6
224 2
225 1 3 6
226 1
227 1 3 4 5 6
228 1 2 4
229 2
230 2 3
232 2 3
233 1 2 4 5 6
234 2 3 4 6
235 3 5
236 1 2 4 5 6
237 2 6
238 1 2 3
239 4 5
240 1 2 4 5 6
241 3 4 5
242 6
244 5
245 5
246 5
247 2 5 6
249 5
250 1 2 4 5
251 6
252 3 4
253 3
254 3 5
255 1 2 3 4 6
257 2 3
258 2 6
260 2 3 4 6
261 2 3
262 2 3 4 5 6
264 2 4
265 1 2 3 4
266 5 6
267 3 4 5 6
268 2 3 6
269 3 4 5 6
270 6
271 1 2 4 5 6
273 4
274 2 3 4 6
275 1 2 5 6
277 1 2 3 4
278 1 2 3 4 5
279 1 2 3 4
280 2 3 4
281 1 2 4 6
282 1 2 3 5 6
283 3
284 1 2 4 5 6
285 1 2 3 4 5
286 1 2 6
287 2 4 5
288 4
289 2 4 5 6
290 1 3 5 6
291 1 3 4
292 2 3 6
293 1 2 6
294 1
295 1 3 6
296 2 3 4 6
297 2 3 4 5 6
298 2
300 2 3 4 6
301 1 3 5 6
302 1 2 3 4
304 4
305 6
306 1 6
307 1 6
308 2
310 4
311 1 2 3 6
312 2 5
314 1 3 5 6
315 2 3 4 5 6
316 1 2 3 4 6
318 3 6
319 1 4 6
320 1 5
321 1 2 3 4 5
322 1 6
323 1 5
324 2 3 4 5
325 2 3 4 5 6
327 2 4
328 4 6
329 1 2 3 4 6
330 1 3 4 5 6
332 3
335 3 4
337 1 3
338 4
339 2 4
340 3
341 1 2 3 4 5
342 3
343 2 6
345 2 3 6
346 1 2 5
347 1 2 3 4
348 1 4
349 1 2 5
350 2 3 4 5 6
351 1 4
352 2 3
353 1 3 4 6
354 3 4 5 6
355 1 2 5
356 6
357 1 2
358 1 4 6
359 1 2 4 5
360 3 6
361 1 2 3 4 5
362 3 5
365 2 3
366 6
367 4 5 6
368 1 3 5 6
369 2 5
370 3 4
371 1 3 4 5 6
372 1 3 5
373 2 5 6
375 1 6
377 3
378 1 3 4 5 6
379 1
380 1 3 4 5 6
381 6
382 3 6
383 1 3 4 5 6
384 1 3 4 5 6
385 2 4 5 6
387 1 2 3 4
389 1 4
391 3
392 1 3 5
393 2
394 1 3 6
395 4
397 1 2 3 5 6
398 6
399 1 2
SIZE OF PROGRAMS (pID SIZE):
1 73.0
2 94.0
3 58.0
4 90.0
5 73.0
6 96.0
COST TO INSTALL SERVERS AND PROGRAMS ON NODES (COST_TO_INSTALL_SERVER COST_TO_INSTALL_pID1 ...):
0 2512.5 2.28125 2.9375 1.8125 2.8125 2.28125 3.0
1 17.0476160954765 1.5208333333333333 1.9583333333333333 1.2083333333333333 1.875 1.5208333333333333 2.0
2 2.953299426181927 2.28125 2.9375 1.8125 2.8125 2.28125 3.0
3 16.217812826688807 1.5208333333333333 1.9583333333333333 1.2083333333333333 1.875 1.5208333333333333 2.0
4 75.0 2.28125 2.9375 1.8125 2.8125 2.28125 3.0
5 7.107807208514755 1.5208333333333333 1.9583333333333333 1.2083333333333333 1.875 1.5208333333333333 2.0
6 2.2345603436731003 1.5208333333333333 1.9583333333333333 1.2083333333333333 1.875 1.5208333333333333 2.0
7 35.698105425864995 2.28125 2.9375 1.8125 2.8125 2.28125 3.0
8 16.77970618034448 2.28125 2.9375 1.8125 2.8125 2.28125 3.0
9 10.621331071345747 1.5208333333333333 1.9583333333333333 1.2083333333333333 1.875 1.5208333333333333 2.0
10 18.953447855988575 1.5208333333333333 1.9583333333333333 1.2083333333333333 1.875 1.5208333333333333 2.0
11 25.66738727468388 2.28125 2.9375 1.8125 2.8125 2.28125 3.0
12 17.0 1.5208333333333333 1.9583333333333333 1.2083333333333333 1.875 1.5208333333333333 2.0
13 7.840170127447572 1.5208333333333333 1.9583333333333333 1.2083333333333333 1.875 1.5208333333333333 2.0
14 1.2491312316715544 2.28125 2.9375 1.8125 2.8125 2.28125 3.0
15 0.4668951172940533 2.28125 2.9375 1.8125 2.8125 2.28125 3.0
16 106.0 1.5208333333333333 1.9583333333333333 1.2083333333333333 1.875 1.5208333333333333 2.0
17 0.6048274410774411 1.5208333333333333 1.9583333333333333 1.2083333333333333 1.875 1.5208333333333333 2.0
18 26.84698741863044 2.28125 2.9375 1.8125 2.8125 2.28125 3.0
19 2.1446082285115304 2.28125 2.9375 1.8125 2.8125 2.28125 3.0
20 38.19804964539007 1.5208333333333333 1.9583333333333333 1.2083333333333333 1.875 1.5208333333333333 2.0
21 17.403363468230125 2.28125 2.9375 1.8125 2.8125 2.28125 3.0
22 26.569165362494665 2.28125 2.9375 1.8125 2.8125 2.28125 3.0
23 3.300421918735866 1.5208333333333333 1.9583333333333333 1.2083333333333333 1.875 1.5208333333333333 2.0
24 16.178504025653655 1.5208333333333333 1.9583333333333333 1.2083333333333333 1.875 1.5208333333333333 2.0
25 29.15206641941368 1.5208333333333333 1.9583333333333333 1.2083333333333333 1.875 1.5208333333333333 2.0
26 3.8860409098771838 1.5208333333333333 1.9583333333333333 1.2083333333333333 1.875 1.5208333333333333 2.0
27 5.6979292929292935 2.28125 2.9375 1.8125 2.8125 2.28125 3.0
28 5.2917761067739 2.28125 2.9375 1.8125 2.8125 2.28125 3.0
29 46.0 2.28125 2.9375 1.8125 2.8125 2.28125 3.0
30 1.983412314635719 1.5208333333333333 1.9583333333333333 1.2083333333333333 1.875 1.5208333333333333 2.0
31 52.35319315335056 2.28125 2.9375 1.8125 2.8125 2.28125 3.0
32 13.770396599392335 1.5208333333333333 1.9583333333333333 1.2083333333333333 1.875 1.5208333333333333 2.0
33 21.798902356652743 1.5208333333333333 1.9583333333333333 1.2083333333333333 1.875 1.5208333333333333 2.0
34 21.14223617730291 2.28125 2.9375 1.8125 2.8125 2.28125 3.0
35 21.970410334346496 1.5208333333333333 1.9583333333333333 1.2083333333333333 1.875 1.5208333333333333 2.0
36 1.5666770489627193 1.5208333333333333 1.9583333333333333 1.2083333333333333 1.875 1.5208333333333333 2.0
37 23.01463656876532 1.5208333333333333 1.9583333333333333 1.2083333333333333 1.875 1.5208333333333333 2.0
38 29.33180453884668 1.5208333333333333 1.9583333333333333 1.2083333333333333 1.875 1.5208333333333333 2.0
39 6.866558919803602 1.5208333333333333 1.9583333333333333 1.2083333333333333 1.875 1.5208333333333333 2.0
40 42.65483516957775 1.5208333333333333 1.9583333333333333 1.2083333333333333 1.875 1.5208333333333333 2.0
41 3.197512531328322 2.28125 2.9375 1.8125 2.8125 2.28125 3.0
42 2.545244223289864 2.28125 2.9375 1.8125 2.8125 2.28125 3.0
43 5.574904911765842 2.28125 2.9375 1.8125 2.8125 2.28125 3.0
44 57.44264793129994 1.5208333333333333 1.9583333333333333 1.2083333333333333 1.875 1.5208333333333333 2.0
45 11.932532237266276 2.28125 2.9375 1.8125 2.8125 2.28125 3.0
46 26.354448078604474 2.28125 2.9375 1.8125 2.8125 2.28125 3.0
47 6.351440859863211 1.5208333333333333 1.9583333333333333 1.2083333333333333 1.875 1.5208333333333333 2.0
48 3.807706660441955 2.28125 2.9375 1.8125 2.8125 2.28125 3.0
49 18.31958987213414 1.5208333333333333 1.9583333333333333 1.2083333333333333 1.875 1.5208333333333333 2.0
50 17.145097070448728 2.28125 2.9375 1.8125 2.8125 2.28125 3.0
51 23.42341645167483 1.5208333333333333 1.9583333333333333 1.2083333333333333 1.875 1.5208333333333333 2.0
52 35.78648452611218 1.5208333333333333 1.9583333333333333 1.2083333333333333 1.875 1.5208333333333333 2.0
53 34.35767958500401 2.28125 2.9375 1.8125 2.8125 2.28125 3.0
54 10.265660570786896 1.5208333333333333 1.9583333333333333 1.2083333333333333 1.875 1.5208333333333333 2.0
55 4.661508695201077 1.5208333333333333 1.9583333333333333 1.2083333333333333 1.875 1.5208333333333333 2.0
56 52.0 1.5208333333333333 1.9583333333333333 1.2083333333333333 1.875 1.5208333333333333 2.0
57 0.5226402700899605 1.5208333333333333 1.9583333333333333 1.2083333333333333 1.875 1.5208333333333333 2.0
58 18.8215609449652 2.28125 2.9375 1.8125 2.8125 2.28125 3.0
59 40.0 2.28125 2.9375 1.8125 2.8125 2.28125 3.0
60 19.262454189434713 2.28125 2.9375 1.8125 2.8125 2.28125 3.0
61 45.443747812343524 2.28125 2.9375 1.8125 2.8125 2.28125 3.0
62 19.837366724224342 1.5208333333333333 1.9583333333333333 1.2083333333333333 1.875 1.5208333333333333 2.0
63 5.648243836541709 1.5208333333333333 1.9583333333333333 1.2083333333333333 1.875 1.5208333333333333 2.0
64 7.087717044279933 1.5208333333333333 1.9583333333333333 1.2083333333333333 1.875 1.5208333333333333 2.0
65 2.4483999606833344 2.28125 2.9375 1.8125 2.8125 2.28125 3.0
66 11.476425184483356 2.28125 2.9375 1.8125 2.8125 2.28125 3.0
67 9.52270011034717 1.5208333333333333 1.9583333333333333 1.2083333333333333 1.875 1.5208333333333333 2.0
68 1.5906853263549132 2.28125 2.9375 1.8125 2.8125 2.28125 3.0
69 6.3542196084946605 2.28125 2.9375 1.8125 2.8125 2.28125 3.0
70 13.87621727035558 1.5208333333333333 1.9583333333333333 1.2083333333333333 1.875 1.5208333333333333 2.0
71 94.0 2.28125 2.9375 1.8125 2.8125 2.28125 3.0
72 48.6140314468414 1.5208333333333333 1.9583333333333333 1.2083333333333333 1.875 1.5208333333333333 2.0
73 1.7726160689156047 1.5208333333333333 1.9583333333333333 1.2083333333333333 1.875 1.5208333333333333 2.0
74 38.0 2.28125 2.9375 1.8125 2.8125 2.28125 3.0
75 6.627498337675889 2.28125 2.9375 1.8125 2.8125 2.28125 3.0
76 24.171670872812296 1.5208333333333333 1.9583333333333333 1.2083333333333333 1.875 1.5208333333333333 2.0
77 32.187650137268356 1.5208333333333333 1.9583333333333333 1.2083333333333333 1.875 1.5208333333333333 2.0
78 15.575446811115524 2.28125 2.9375 1.8125 2.8125 2.28125 3.0
79 19.701779462434914 1.5208333333333333 1.9583333333333333 1.2083333333333333 1.875 1.5208333333333333 2.0
80 1.1679395121937428 1.5208333333333333 1.9583333333333333 1.2083333333333333 1.875 1.5208333333333333 2.0
81 10.68266000691922 1.5208333333333333 1.9583333333333333 1.2083333333333333 1.875 1.5208333333333333 2.0
82 53.746064129334265 2.28125 2.9375 1.8125 2.8125 2.28125 3.0
83 12.373129543182952 2.28125 2.9375 1.8125 2.8125 2.28125 3.0
84 28.0 1.5208333333333333 1.9583333333333333 1.2083333333333333 1.875 1.5208333333333333 2.0
85 6.1399761228091 1.5208333333333333 1.9583333333333333 1.2083333333333333 1.875 1.5208333333333333 2.0
86 3.4344680851063822 1.5208333333333333 1.9583333333333333 1.2083333333333333 1.875 1.5208333333333333 2.0
87 4.129060328404978 1.5208333333333333 1.9583333333333333 1.2083333333333333 1.875 1.5208333333333333 2.0
88 0.63924386001983 1.5208333333333333 1.9583333333333333 1.2083333333333333 1.875 1.5208333333333333 2.0
89 11.32893769941642 2.28125 2.9375 1.8125 2.8125 2.28125 3.0
90 3.0930952380952386 1.5208333333333333 1.9583333333333333 1.2083333333333333 1.875 1.5208333333333333 2.0
91 2.8941607704402506 2.28125 2.9375 1.8125 2.8125 2.28125 3.0
92 35.134285125916314 2.28125 2.9375 1.8125 2.8125 2.28125 3.0
93 77.0 1.5208333333333333 1.9583333333333333 1.2083333333333333 1.875 1.5208333333333333 2.0
94 31.127949506814304 2.28125 2.9375 1.8125 2.8125 2.28125 3.0
95 23.5871765692233 2.28125 2.9375 1.8125 2.8125 2.28125 3.0
96 26.211244458369915 1.5208333333333333 1.9583333333333333 1.2083333333333333 1.875 1.5208333333333333 2.0
97 8.606768629989865 1.5208333333333333 1.9583333333333333 1.2083333333333333 1.875 1.5208333333333333 2.0
98 13.35916672980417 2.28125 2.9375 1.8125 2.8125 2.28125 3.0
99 29.10860216888939 1.5208333333333333 1.9583333333333333 1.2083333333333333 1.875 1.5208333333333333 2.0
100 1.79017094017094 2.28125 2.9375 1.8125 2.8125 2.28125 3.0
101 1.6747988814014236 1.5208333333333333 1.9583333333333333 1.2083333333333333 1.875 1.5208333333333333 2.0
102 16.93399790746337 2.28125 2.9375 1.8125 2.8125 2.28125 3.0
103 6.097631886944064 2.28125 2.9375 1.8125 2.8125 2.28125 3.0
104 1.028838578088578 1.5208333333333333 1.9583333333333333 1.2083333333333333 1.875 1.5208333333333333 2.0
105 13.660487517710408 1.5208333333333333 1.9583333333333333 1.2083333333333333 1.875 1.5208333333333333 2.0
106 1.2578114815200057 2.28125 2.9375 1.8125 2.8125 2.28125 3.0
107 11.414911220176126 1.5208333333333333 1.9583333333333333 1.2083333333333333 1.875 1.5208333333333333 2.0
108 91.0 2.28125 2.9375 1.8125 2.8125 2.28125 3.0
109 3.191746341002904 1.5208333333333333 1.9583333333333333 1.2083333333333333 1.875 1.5208333333333333 2.0
110 8.514654970397482 1.5208333333333333 1.9583333333333333 1.2083333333333333 1.875 1.5208333333333333 2.0
111 8.402393791705967 2.28125 2.9375 1.8125 2.8125 2.28125 3.0
112 11.276366052162492 1.5208333333333333 1.9583333333333333 1.2083333333333333 1.875 1.5208333333333333 2.0
113 6.237033007753115 2.28125 2.9375 1.8125 2.8125 2.28125 3.0
114 6.004239200515797 2.28125 2.9375 1.8125 2.8125 2.28125 3.0
115 9.621282642089094 1.5208333333333333 1.9583333333333333 1.2083333333333333 1.875 1.5208333333333333 2.0
116 4.496343537414964 2.28125 2.9375 1.8125 2.8125 2.28125 3.0
117 10.886322188449848 2.28125 2.9375 1.8125 2.8125 2.28125 3.0
118 61.0 1.5208333333333333 1.9583333333333333 1.2083333333333333 1.875 1.5208333333333333 2.0
119 2.429591881430117 2.28125 2.9375 1.8125 2.8125 2.28125 3.0
120 4.8274341438703114 2.28125 2.9375 1.8125 2.8125 2.28125 3.0
121 26.834420999777695 2.28125 2.9375 1.8125 2.8125 2.28125 3.0
122 16.492245063879206 1.5208333333333333 1.9583333333333333 1.2083333333333333 1.875 1.5208333333333333 2.0
123 3.7207712848578587 2.28125 2.9375 1.8125 2.8125 2.28125 3.0
124 54.0 2.28125 2.9375 1.8125 2.8125 2.28125 3.0
125 11.65941217759209 1.5208333333333333 1.9583333333333333 1.2083333333333333 1.875 1.5208333333333333 2.0
126 7.96317317829553 1.5208333333333333 1.9583333333333333 1.2083333333333333 1.875 1.5208333333333333 2.0
127 43.719264345053425 2.28125 2.9375 1.8125 2.8125 2.28125 3.0
128 3.2536476843083757 2.28125 2.9375 1.8125 2.8125 2.28125 3.0
129 4.894579796264854 1.5208333333333333 1.9583333333333333 1.2083333333333333 1.875 1.5208333333333333 2.0
130 36.3504671276758 1.5208333333333333 1.9583333333333333 1.2083333333333333 1.875 1.5208333333333333 2.0
131 0.6488676578481724 1.5208333333333333 1.9583333333333333 1.2083333333333333 1.875 1.5208333333333333 2.0
132 4.306858911697622 2.28125 2.9375 1.8125 2.8125 2.28125 3.0
133 6.238368311991925 1.5208333333333333 1.9583333333333333 1.2083333333333333 1.875 1.5208333333333333 2.0
134 17.174015891455124 2.28125 2.9375 1.8125 2.8125 2.28125 3.0
135 9.247550296714433 1.5208333333333333 1.9583333333333333 1.2083333333333333 1.875 1.5208333333333333 2.0
136 12.35206611124407 1.5208333333333333 1.9583333333333333 1.2083333333333333 1.875 1.5208333333333333 2.0
137 9.308272386785479 2.28125 2.9375 1.8125 2.8125 2.28125 3.0
138 4.760924749009855 2.28125 2.9375 1.8125 2.8125 2.28125 3.0
139 11.386809122636098 2.28125 2.9375 1.8125 2.8125 2.28125 3.0
140 22.964198248469348 1.5208333333333333 1.9583333333333333 1.2083333333333333 1.875 1.5208333333333333 2.0
141 3.92899434295891 2.28125 2.9375 1.8125 2.8125 2.28125 3.0
142 0.6329787234042554 2.28125 2.9375 1.8125 2.8125 2.28125 3.0
143 12.98768341892883 1.5208333333333333 1.9583333333333333 1.2083333333333333 1.875 1.5208333333333333 2.0
144 5.393785965519229 1.5208333333333333 1.9583333333333333 1.2083333333333333 1.875 1.5208333333333333 2.0
145 5.0592055568825405 1.5208333333333333 1.9583333333333333 1.2083333333333333 1.875 1.5208333333333333 2.0
146 0.5940212609970675 2.28125 2.9375 1.8125 2.8125 2.28125 3.0
147 9.95479754660485 1.5208333333333333 1.9583333333333333 1.2083333333333333 1.875 1.5208333333333333 2.0
148 24.0 1.5208333333333333 1.9583333333333333 1.2083333333333333 1.875 1.5208333333333333 2.0
149 0.8256419662509169 2.28125 2.9375 1.8125 2.8125 2.28125 3.0
150 56.69186710966909 1.5208333333333333 1.9583333333333333 1.2083333333333333 1.875 1.5208333333333333 2.0
151 0.9950677266426822 2.28125 2.9375 1.8125 2.8125 2.28125 3.0
152 0.8144434249452251 2.28125 2.9375 1.8125 2.8125 2.28125 3.0
153 19.656805452591 1.5208333333333333 1.9583333333333333 1.2083333333333333 1.875 1.5208333333333333 2.0
154 11.18126832844575 2.28125 2.9375 1.8125 2.8125 2.28125 3.0
155 19.797015543995144 2.28125 2.9375 1.8125 2.8125 2.28125 3.0
156 1.5781460819927347 1.5208333333333333 1.9583333333333333 1.2083333333333333 1.875 1.5208333333333333 2.0
157 12.574333200568493 1.5208333333333333 1.9583333333333333 1.2083333333333333 1.875 1.5208333333333333 2.0
158 23.082101164016596 2.28125 2.9375 1.8125 2.8125 2.28125 3.0
159 7.0193830577726395 1.5208333333333333 1.9583333333333333 1.2083333333333333 1.875 1.5208333333333333 2.0
160 3.0834075125360565 2.28125 2.9375 1.8125 2.8125 2.28125 3.0
161 20.302230728333456 2.28125 2.9375 1.8125 2.8125 2.28125 3.0
162 51.749211716968546 2.28125 2.9375 1.8125 2.8125 2.28125 3.0
163 49.899423317891355 1.5208333333333333 1.9583333333333333 1.2083333333333333 1.875 1.5208333333333333 2.0
164 3.7849102870813396 1.5208333333333333 1.9583333333333333 1.2083333333333333 1.875 1.5208333333333333 2.0
165 6.251867516386368 1.5208333333333333 1.9583333333333333 1.2083333333333333 1.875 1.5208333333333333 2.0
166 8.452899159663865 1.5208333333333333 1.9583333333333333 1.2083333333333333 1.875 1.5208333333333333 2.0
167 11.128413508260442 2.28125 2.9375 1.8125 2.8125 2.28125 3.0
168 12.816407052986 1.5208333333333333 1.9583333333333333 1.2083333333333333 1.875 1.5208333333333333 2.0
169 7.869874551223177 2.28125 2.9375 1.8125 2.8125 2.28125 3.0
170 14.95393483709273 2.28125 2.9375 1.8125 2.8125 2.28125 3.0
171 35.74962466314129 2.28125 2.9375 1.8125 2.8125 2.28125 3.0
172 10.11784188034188 2.28125 2.9375 1.8125 2.8125 2.28125 3.0
173 56.0 1.5208333333333333 1.9583333333333333 1.2083333333333333 1.875 1.5208333333333333 2.0
174 2.684754854259623 1.5208333333333333 1.9583333333333333 1.2083333333333333 1.875 1.5208333333333333 2.0
175 13.935888707037641 1.5208333333333333 1.9583333333333333 1.2083333333333333 1.875 1.5208333333333333 2.0
176 23.839682905443905 2.28125 2.9375 1.8125 2.8125 2.28125 3.0
177 1.2334789735447287 1.5208333333333333 1.9583333333333333 1.2083333333333333 1.875 1.5208333333333333 2.0
178 24.247880862022217 2.28125 2.9375 1.8125 2.8125 2.28125 3.0
179 6.303054007418572 1.5208333333333333 1.9583333333333333 1.2083333333333333 1.875 1.5208333333333333 2.0
180 15.657032078386269 2.28125 2.9375 1.8125 2.8125 2.28125 3.0
181 5.604456781870998 1.5208333333333333 1.9583333333333333 1.2083333333333333 1.875 1.5208333333333333 2.0
182 6.224427476909082 1.5208333333333333 1.9583333333333333 1.2083333333333333 1.875 1.5208333333333333 2.0
183 0.40461253369272243 2.28125 2.9375 1.8125 2.8125 2.28125 3.0
184 4.383465220277398 1.5208333333333333 1.9583333333333333 1.2083333333333333 1.875 1.5208333333333333 2.0
185 4.044451116804858 2.28125 2.9375 1.8125 2.8125 2.28125 3.0
186 10.901785935660323 2.28125 2.9375 1.8125 2.8125 2.28125 3.0
187 108.0 1.5208333333333333 1.9583333333333333 1.2083333333333333 1.875 1.5208333333333333 2.0
188 32.57150671426168 2.28125 2.9375 1.8125 2.8125 2.28125 3.0
189 19.84140664769161 2.28125 2.9375 1.8125 2.8125 2.28125 3.0
190 2.949498615068448 2.28125 2.9375 1.8125 2.8125 2.28125 3.0
191 43.0 2.28125 2.9375 1.8125 2.8125 2.28125 3.0
192 3.6906366459627336 2.28125 2.9375 1.8125 2.8125 2.28125 3.0
193 5.251212121212122 2.28125 2.9375 1.8125 2.8125 2.28125 3.0
194 5.432234911379696 1.5208333333333333 1.9583333333333333 1.2083333333333333 1.875 1.5208333333333333 2.0
195 5.087637073162457 1.5208333333333333 1.9583333333333333 1.2083333333333333 1.875 1.5208333333333333 2.0
196 16.590737476808908 2.28125 2.9375 1.8125 2.8125 2.28125 3.0
197 16.54613952944739 1.5208333333333333 1.9583333333333333 1.2083333333333333 1.875 1.5208333333333333 2.0
198 13.859874747467476 1.5208333333333333 1.9583333333333333 1.2083333333333333 1.875 1.5208333333333333 2.0
199 18.39816489753796 2.28125 2.9375 1.8125 2.8125 2.28125 3.0
200 23.648722663318146 2.28125 2.9375 1.8125 2.8125 2.28125 3.0
201 0.052102330293819346 1.5208333333333333 1.9583333333333333 1.2083333333333333 1.875 1.5208333333333333 2.0
202 11.81490830594476 2.28125 2.9375 1.8125 2.8125 2.28125 3.0
203 23.212296851976298 2.28125 2.9375 1.8125 2.8125 2.28125 3.0
204 12.048606375785825 1.5208333333333333 1.9583333333333333 1.2083333333333333 1.875 1.5208333333333333 2.0
205 37.0 2.28125 2.9375 1.8125 2.8125 2.28125 3.0
206 37.995859123146346 2.28125 2.9375 1.8125 2.8125 2.28125 3.0
207 11.258453213453212 1.5208333333333333 1.9583333333333333 1.2083333333333333 1.875 1.5208333333333333 2.0
208 6.914285714285714 2.28125 2.9375 1.8125 2.8125 2.28125 3.0
209 62.0 2.28125 2.9375 1.8125 2.8125 2.28125 3.0
210 7.3638509316770175 1.5208333333333333 1.9583333333333333 1.2083333333333333 1.875 1.5208333333333333 2.0
211 9.417844478216818 2.28125 2.9375 1.8125 2.8125 2.28125 3.0
212 6.127533710914455 1.5208333333333333 1.9583333333333333 1.2083333333333333 1.875 1.5208333333333333 2.0
213 4.0823910256410265 1.5208333333333333 1.9583333333333333 1.2083333333333333 1.875 1.5208333333333333 2.0
214 24.111808265737203 1.5208333333333333 1.9583333333333333 1.2083333333333333 1.875 1.5208333333333333 2.0
215 6.337353692998053 2.28125 2.9375 1.8125 2.8125 2.28125 3.0
216 15.009878062336044 2.28125 2.9375 1.8125 2.8125 2.28125 3.0
217 17.816044072560295 1.5208333333333333 1.9583333333333333 1.2083333333333333 1.875 1.5208333333333333 2.0
218 8.773713135465984 1.5208333333333333 1.9583333333333333 1.2083333333333333 1.875 1.5208333333333333 2.0
219 3.9473074548541436 2.28125 2.9375 1.8125 2.8125 2.28125 3.0
220 24.602425248651674 1.5208333333333333 1.9583333333333333 1.2083333333333333 1.875 1.5208333333333333 2.0
221 17.15479071714948 1.5208333333333333 1.9583333333333333 1.2083333333333333 1.875 1.5208333333333333 2.0
222 103.0 1.5208333333333333 1.9583333333333333 1.2083333333333333 1.875 1.5208333333333333 2.0
223 11.703349914933474 2.28125 2.9375 1.8125 2.8125 2.28125 3.0
224 0.8922383781530123 1.5208333333333333 1.9583333333333333 1.2083333333333333 1.875 1.5208333333333333 2.0
225 6.957831424868216 1.5208333333333333 1.9583333333333333 1.2083333333333333 1.875 1.5208333333333333 2.0
226 2.6887076825679763 2.28125 2.9375 1.8125 2.8125 2.28125 3.0
227 34.60549837970378 2.28125 2.9375 1.8125 2.8125 2.28125 3.0
228 24.120700057557674 1.5208333333333333 1.9583333333333333 1.2083333333333333 1.875 1.5208333333333333 2.0
229 5.980511865557728 1.5208333333333333 1.9583333333333333 1.2083333333333333 1.875 1.5208333333333333 2.0
230 1.195195245239372 2.28125 2.9375 1.8125 2.8125 2.28125 3.0
231 99.0 2.28125 2.9375 1.8125 2.8125 2.28125 3.0
232 46.35123507583517 2.28125 2.9375 1.8125 2.8125 2.28125 3.0
233 26.60955029013539 2.28125 2.9375 1.8125 2.8125 2.28125 3.0
234 17.03803043028267 1.5208333333333333 1.9583333333333333 1.2083333333333333 1.875 1.5208333333333333 2.0
235 6.2839362140285635 2.28125 2.9375 1.8125 2.8125 2.28125 3.0
236 11.998988722985978 2.28125 2.9375 1.8125 2.8125 2.28125 3.0
237 5.747003284072249 1.5208333333333333 1.9583333333333333 1.2083333333333333 1.875 1.5208333333333333 2.0
238 10.626713291338698 1.5208333333333333 1.9583333333333333 1.2083333333333333 1.875 1.5208333333333333 2.0
239 30.87023602137807 1.5208333333333333 1.9583333333333333 1.2083333333333333 1.875 1.5208333333333333 2.0
240 3.6111161762496735 2.28125 2.9375 1.8125 2.8125 2.28125 3.0
241 41.77617781155014 1.5208333333333333 1.9583333333333333 1.2083333333333333 1.875 1.5208333333333333 2.0
242 2.690604958264669 1.5208333333333333 1.9583333333333333 1.2083333333333333 1.875 1.5208333333333333 2.0
243 8.929938917101783 2.28125 2.9375 1.8125 2.8125 2.28125 3.0
244 0.8649606160874163 1.5208333333333333 1.9583333333333333 1.2083333333333333 1.875 1.5208333333333333 2.0
245 0.339822045514197 2.28125 2.9375 1.8125 2.8125 2.28125 3.0
246 5.244910287081339 1.5208333333333333 1.9583333333333333 1.2083333333333333 1.875 1.5208333333333333 2.0
247 20.372199607585852 2.28125 2.9375 1.8125 2.8125 2.28125 3.0
248 4.886209621649525 1.5208333333333333 1.9583333333333333 1.2083333333333333 1.875 1.5208333333333333 2.0
249 1.4852885199134012 2.28125 2.9375 1.8125 2.8125 2.28125 3.0
250 32.874065934835535 1.5208333333333333 1.9583333333333333 1.2083333333333333 1.875 1.5208333333333333 2.0
251 4.377416267942584 2.28125 2.9375 1.8125 2.8125 2.28125 3.0
252 6.967054860891347 2.28125 2.9375 1.8125 2.8125 2.28125 3.0
253 10.023742746265516 2.28125 2.9375 1.8125 2.8125 2.28125 3.0
254 28.0 1.5208333333333333 1.9583333333333333 1.2083333333333333 1.875 1.5208333333333333 2.0
255 6.51194016533112 2.28125 2.9375 1.8125 2.8125 2.28125 3.0
256 72.0 1.5208333333333333 1.9583333333333333 1.2083333333333333 1.875 1.5208333333333333 2.0
257 59.49928019483658 1.5208333333333333 1.9583333333333333 1.2083333333333333 1.875 1.5208333333333333 2.0
258 9.454681311865333 2.28125 2.9375 1.8125 2.8125 2.28125 3.0
259 32.0 2.28125 2.9375 1.8125 2.8125 2.28125 3.0
260 4.597266196447232 1.5208333333333333 1.9583333333333333 1.2083333333333333 1.875 1.5208333333333333 2.0
261 21.370864254236785 2.28125 2.9375 1.8125 2.8125 2.28125 3.0
262 26.59724555981411 1.5208333333333333 1.9583333333333333 1.2083333333333333 1.875 1.5208333333333333 2.0
263 100.0 1.5208333333333333 1.9583333333333333 1.2083333333333333 1.875 1.5208333333333333 2.0
264 0.14506079027355626 2.28125 2.9375 1.8125 2.8125 2.28125 3.0
265 29.55611865542373 1.5208333333333333 1.9583333333333333 1.2083333333333333 1.875 1.5208333333333333 2.0
266 18.167530241634786 2.28125 2.9375 1.8125 2.8125 2.28125 3.0
267 25.180242982661923 1.5208333333333333 1.9583333333333333 1.2083333333333333 1.875 1.5208333333333333 2.0
268 15.724641168524151 1.5208333333333333 1.9583333333333333 1.2083333333333333 1.875 1.5208333333333333 2.0
269 15.391270062644454 1.5208333333333333 1.9583333333333333 1.2083333333333333 1.875 1.5208333333333333 2.0
270 8.512052084707905 1.5208333333333333 1.9583333333333333 1.2083333333333333 1.875 1.5208333333333333 2.0
271 6.008602564102564 1.5208333333333333 1.9583333333333333 1.2083333333333333 1.875 1.5208333333333333 2.0
272 104.0 2.28125 2.9375 1.8125 2.8125 2.28125 3.0
273 1.7480347091932458 2.28125 2.9375 1.8125 2.8125 2.28125 3.0
274 37.779263638691 2.28125 2.9375 1.8125 2.8125 2.28125 3.0
275 22.94894937086772 2.28125 2.9375 1.8125 2.8125 2.28125 3.0
276 26.169771713358703 2.28125 2.9375 1.8125 2.8125 2.28125 3.0
277 20.148504785626645 1.5208333333333333 1.9583333333333333 1.2083333333333333 1.875 1.5208333333333333 2.0
278 2.632232955626206 1.5208333333333333 1.9583333333333333 1.2083333333333333 1.875 1.5208333333333333 2.0
279 24.00378264208908 2.28125 2.9375 1.8125 2.8125 2.28125 3.0
280 1.7765751408104657 1.5208333333333333 1.9583333333333333 1.2083333333333333 1.875 1.5208333333333333 2.0
281 24.8655284373886 1.5208333333333333 1.9583333333333333 1.2083333333333333 1.875 1.5208333333333333 2.0
282 1.1821267696267694 1.5208333333333333 1.9583333333333333 1.2083333333333333 1.875 1.5208333333333333 2.0
283 2.4457931862404054 2.28125 2.9375 1.8125 2.8125 2.28125 3.0
284 40.90062430323298 1.5208333333333333 1.9583333333333333 1.2083333333333333 1.875 1.5208333333333333 2.0
285 22.659208825428518 2.28125 2.9375 1.8125 2.8125 2.28125 3.0
286 2.6390623062367378 1.5208333333333333 1.9583333333333333 1.2083333333333333 1.875 1.5208333333333333 2.0
287 4.215846172658351 1.5208333333333333 1.9583333333333333 1.2083333333333333 1.875 1.5208333333333333 2.0
288 14.238877200306643 1.5208333333333333 1.9583333333333333 1.2083333333333333 1.875 1.5208333333333333 2.0
289 62.17358160699084 1.5208333333333333 1.9583333333333333 1.2083333333333333 1.875 1.5208333333333333 2.0
290 28.4772592041487 1.5208333333333333 1.9583333333333333 1.2083333333333333 1.875 1.5208333333333333 2.0
291 26.366899017754786 2.28125 2.9375 1.8125 2.8125 2.28125 3.0
292 26.332016996782684 2.28125 2.9375 1.8125 2.8125 2.28125 3.0
293 19.077718468964125 1.5208333333333333 1.9583333333333333 1.2083333333333333 1.875 1.5208333333333333 2.0
294 0.9973531468531469 2.28125 2.9375 1.8125 2.8125 2.28125 3.0
295 32.34848010305451 1.5208333333333333 1.9583333333333333 1.2083333333333333 1.875 1.5208333333333333 2.0
296 38.47422223952958 1.5208333333333333 1.9583333333333333 1.2083333333333333 1.875 1.5208333333333333 2.0
297 35.09506243013514 1.5208333333333333 1.9583333333333333 1.2083333333333333 1.875 1.5208333333333333 2.0
298 1.6972440355452527 1.5208333333333333 1.9583333333333333 1.2083333333333333 1.875 1.5208333333333333 2.0
299 53.0 1.5208333333333333 1.9583333333333333 1.2083333333333333 1.875 1.5208333333333333 2.0
300 2.9025310559006203 2.28125 2.9375 1.8125 2.8125 2.28125 3.0
301 7.58764285714286 2.28125 2.9375 1.8125 2.8125 2.28125 3.0
302 33.400274946020524 1.5208333333333333 1.9583333333333333 1.2083333333333333 1.875 1.5208333333333333 2.0
303 30.15022987621224 2.28125 2.9375 1.8125 2.8125 2.28125 3.0
304 1.2049187219393165 1.5208333333333333 1.9583333333333333 1.2083333333333333 1.875 1.5208333333333333 2.0
305 9.065266517164048 2.28125 2.9375 1.8125 2.8125 2.28125 3.0
306 9.342381064758913 2.28125 2.9375 1.8125 2.8125 2.28125 3.0
307 10.304168756032508 2.28125 2.9375 1.8125 2.8125 2.28125 3.0
308 8.271144494768933 2.28125 2.9375 1.8125 2.8125 2.28125 3.0
309 57.0 1.5208333333333333 1.9583333333333333 1.2083333333333333 1.875 1.5208333333333333 2.0
310 1.2144815190101372 1.5208333333333333 1.9583333333333333 1.2083333333333333 1.875 1.5208333333333333 2.0
311 10.323619500149064 2.28125 2.9375 1.8125 2.8125 2.28125 3.0
312 0.701196091644205 1.5208333333333333 1.9583333333333333 1.2083333333333333 1.875 1.5208333333333333 2.0
313 23.612357004697422 2.28125 2.9375 1.8125 2.8125 2.28125 3.0
314 20.99094234782724 1.5208333333333333 1.9583333333333333 1.2083333333333333 1.875 1.5208333333333333 2.0
315 8.850236326752285 1.5208333333333333 1.9583333333333333 1.2083333333333333 1.875 1.5208333333333333 2.0
316 14.314853709508887 1.5208333333333333 1.9583333333333333 1.2083333333333333 1.875 1.5208333333333333 2.0
317 3.1977572634814333 2.28125 2.9375 1.8125 2.8125 2.28125 3.0
318 13.83491320273929 1.5208333333333333 1.9583333333333333 1.2083333333333333 1.875 1.5208333333333333 2.0
319 19.94111547680192 1.5208333333333333 1.9583333333333333 1.2083333333333333 1.875 1.5208333333333333 2.0
320 98.97351243725669 2.28125 2.9375 1.8125 2.8125 2.28125 3.0
321 21.482363879659854 2.28125 2.9375 1.8125 2.8125 2.28125 3.0
322 3.855234044950824 2.28125 2.9375 1.8125 2.8125 2.28125 3.0
323 58.785141326909915 1.5208333333333333 1.9583333333333333 1.2083333333333333 1.875 1.5208333333333333 2.0
324 31.447702982832734 1.5208333333333333 1.9583333333333333 1.2083333333333333 1.875 1.5208333333333333 2.0
325 13.9977048914804 1.5208333333333333 1.9583333333333333 1.2083333333333333 1.875 1.5208333333333333 2.0
326 84.0 2.28125 2.9375 1.8125 2.8125 2.28125 3.0
327 17.85017215086304 2.28125 2.9375 1.8125 2.8125 2.28125 3.0
328 2.3597619047619047 1.5208333333333333 1.9583333333333333 1.2083333333333333 1.875 1.5208333333333333 2.0
329 24.900920373952285 2.28125 2.9375 1.8125 2.8125 2.28125 3.0
330 22.56930929792698 2.28125 2.9375 1.8125 2.8125 2.28125 3.0
331 109.0 1.5208333333333333 1.9583333333333333 1.2083333333333333 1.875 1.5208333333333333 2.0
332 7.408361344537816 1.5208333333333333 1.9583333333333333 1.2083333333333333 1.875 1.5208333333333333 2.0
333 0.7403514154803311 2.28125 2.9375 1.8125 2.8125 2.28125 3.0
334 31.0 1.5208333333333333 1.9583333333333333 1.2083333333333333 1.875 1.5208333333333333 2.0
335 23.75375433592367 2.28125 2.9375 1.8125 2.8125 2.28125 3.0
336 56.0 1.5208333333333333 1.9583333333333333 1.2083333333333333 1.875 1.5208333333333333 2.0
337 29.93134495770617 1.5208333333333333 1.9583333333333333 1.2083333333333333 1.875 1.5208333333333333 2.0
338 1.0691066358117052 1.5208333333333333 1.9583333333333333 1.2083333333333333 1.875 1.5208333333333333 2.0
339 24.92923862256792 2.28125 2.9375 1.8125 2.8125 2.28125 3.0
340 29.59033010370057 2.28125 2.9375 1.8125 2.8125 2.28125 3.0
341 45.33673013254816 2.28125 2.9375 1.8125 2.8125 2.28125 3.0
342 4.092707271952557 1.5208333333333333 1.9583333333333333 1.2083333333333333 1.875 1.5208333333333333 2.0
343 25.57496258193184 2.28125 2.9375 1.8125 2.8125 2.28125 3.0
344 4.918887340751906 2.28125 2.9375 1.8125 2.8125 2.28125 3.0
345 3.8866461523703224 2.28125 2.9375 1.8125 2.8125 2.28125 3.0
346 6.243392990469419 1.5208333333333333 1.9583333333333333 1.2083333333333333 1.875 1.5208333333333333 2.0
347 26.65482620667315 2.28125 2.9375 1.8125 2.8125 2.28125 3.0
348 26.16740125551445 1.5208333333333333 1.9583333333333333 1.2083333333333333 1.875 1.5208333333333333 2.0
349 14.847766587760704 1.5208333333333333 1.9583333333333333 1.2083333333333333 1.875 1.5208333333333333 2.0
350 40.41423922357902 1.5208333333333333 1.9583333333333333 1.2083333333333333 1.875 1.5208333333333333 2.0
351 5.384073306668866 1.5208333333333333 1.9583333333333333 1.2083333333333333 1.875 1.5208333333333333 2.0
352 2.1821531302208395 1.5208333333333333 1.9583333333333333 1.2083333333333333 1.875 1.5208333333333333 2.0
353 11.877991568127609 1.5208333333333333 1.9583333333333333 1.2083333333333333 1.875 1.5208333333333333 2.0
354 3.929822315467966 1.5208333333333333 1.9583333333333333 1.2083333333333333 1.875 1.5208333333333333 2.0
355 9.739685548286769 2.28125 2.9375 1.8125 2.8125 2.28125 3.0
356 0.9469140429136508 2.28125 2.9375 1.8125 2.8125 2.28125 3.0
357 1.601473959006854 1.5208333333333333 1.9583333333333333 1.2083333333333333 1.875 1.5208333333333333 2.0
358 0.551063829787234 1.5208333333333333 1.9583333333333333 1.2083333333333333 1.875 1.5208333333333333 2.0
359 19.03363999855262 2.28125 2.9375 1.8125 2.8125 2.28125 3.0
360 7.973560549092464 2.28125 2.9375 1.8125 2.8125 2.28125 3.0
361 10.145453472569917 2.28125 2.9375 1.8125 2.8125 2.28125 3.0
362 16.836865003829253 1.5208333333333333 1.9583333333333333 1.2083333333333333 1.875 1.5208333333333333 2.0
363 7.036552453179194 2.28125 2.9375 1.8125 2.8125 2.28125 3.0
364 89.0 1.5208333333333333 1.9583333333333333 1.2083333333333333 1.875 1.5208333333333333 2.0
365 0.7679629629629633 1.5208333333333333 1.9583333333333333 1.2083333333333333 1.875 1.5208333333333333 2.0
366 21.59160169491525 2.28125 2.9375 1.8125 2.8125 2.28125 3.0
367 13.08393417993563 2.28125 2.9375 1.8125 2.8125 2.28125 3.0
368 1.5613636363636367 1.5208333333333333 1.9583333333333333 1.2083333333333333 1.875 1.5208333333333333 2.0
369 10.518348428313395 2.28125 2.9375 1.8125 2.8125 2.28125 3.0
370 1.2232733024783717 2.28125 2.9375 1.8125 2.8125 2.28125 3.0
371 18.210866261398177 1.5208333333333333 1.9583333333333333 1.2083333333333333 1.875 1.5208333333333333 2.0
372 1.7230963023915895 2.28125 2.9375 1.8125 2.8125 2.28125 3.0
373 16.04788926884272 1.5208333333333333 1.9583333333333333 1.2083333333333333 1.875 1.5208333333333333 2.0
374 30.0 2.28125 2.9375 1.8125 2.8125 2.28125 3.0
375 3.01463367190742 1.5208333333333333 1.9583333333333333 1.2083333333333333 1.875 1.5208333333333333 2.0
376 52.0 2.28125 2.9375 1.8125 2.8125 2.28125 3.0
377 5.042108492881987 2.28125 2.9375 1.8125 2.8125 2.28125 3.0
378 12.984274280033237 2.28125 2.9375 1.8125 2.8125 2.28125 3.0
379 4.779099751982863 2.28125 2.9375 1.8125 2.8125 2.28125 3.0
380 21.30358409321175 1.5208333333333333 1.9583333333333333 1.2083333333333333 1.875 1.5208333333333333 2.0
381 3.979763303528001 1.5208333333333333 1.9583333333333333 1.2083333333333333 1.875 1.5208333333333333 2.0
382 15.748687847937163 1.5208333333333333 1.9583333333333333 1.2083333333333333 1.875 1.5208333333333333 2.0
383 27.01711479198767 1.5208333333333333 1.9583333333333333 1.2083333333333333 1.875 1.5208333333333333 2.0
384 8.328079006678658 1.5208333333333333 1.9583333333333333 1.2083333333333333 1.875 1.5208333333333333 2.0
385 1.2394788500506584 2.28125 2.9375 1.8125 2.8125 2.28125 3.0
386 15.794440222897665 1.5208333333333333 1.9583333333333333 1.2083333333333333 1.875 1.5208333333333333 2.0
387 4.416926383222536 2.28125 2.9375 1.8125 2.8125 2.28125 3.0
388 68.0 2.28125 2.9375 1.8125 2.8125 2.28125 3.0
389 17.32334116487446 2.28125 2.9375 1.8125 2.8125 2.28125 3.0
390 48.81681375778487 2.28125 2.9375 1.8125 2.8125 2.28125 3.0
391 0.5538880243494296 1.5208333333333333 1.9583333333333333 1.2083333333333333 1.875 1.5208333333333333 2.0
392 4.0811238339796665 2.28125 2.9375 1.8125 2.8125 2.28125 3.0
393 2.6877972249619932 1.5208333333333333 1.9583333333333333 1.2083333333333333 1.875 1.5208333333333333 2.0
394 14.608038036990077 2.28125 2.9375 1.8125 2.8125 2.28125 3.0
395 11.741660625403048 1.5208333333333333 1.9583333333333333 1.2083333333333333 1.875 1.5208333333333333 2.0
396 1.8804964714548082 2.28125 2.9375 1.8125 2.8125 2.28125 3.0
397 38.575082274430095 2.28125 2.9375 1.8125 2.8125 2.28125 3.0
398 12.357446808510636 2.28125 2.9375 1.8125 2.8125 2.28125 3.0
399 11.64416804853311 2.28125 2.9375 1.8125 2.8125 2.28125 3.0
