300 4
TREE NETWORK (nID nID Weight):
10 0 58
189 0 33
133 189 34
174 0 36
141 0 35
241 133 42
13 141 36
297 133 42
294 0 56
75 13 57
97 174 56
199 141 38
284 141 53
236 241 56
186 236 47
107 189 32
248 294 35
223 133 41
64 297 53
279 64 51
4 64 58
120 189 39
54 120 49
132 199 40
7 141 51
121 13 35
38 0 35
237 241 54
69 7 50
49 294 38
80 13 31
33 64 47
130 33 32
78 7 47
177 0 32
28 223 43
119 97 30
262 75 32
260 248 56
256 121 36
3 248 52
58 75 44
206 130 56
280 132 44
20 199 30
230 133 48
283 260 34
161 283 31
117 130 55
194 279 49
31 283 53
198 0 59
74 256 34
176 38 38
160 58 33
1 117 49
41 256 38
35 174 39
287 69 56
142 41 48
255 236 59
94 287 59
37 133 31
85 69 40
170 4 40
86 189 56
6 58 53
114 33 42
108 119 53
243 241 59
178 177 34
195 117 53
187 35 39
44 108 33
213 280 55
175 86 53
183 223 58
52 130 57
127 58 41
288 52 45
81 183 31
201 199 47
242 260 41
147 31 52
91 3 33
163 13 42
72 141 45
216 120 40
226 13 36
254 284 43
191 86 46
258 288 51
193 54 33
143 94 55
220 226 57
19 94 49
253 54 36
251 243 33
84 10 30
83 191 33
299 97 50
115 220 45
232 142 47
126 4 46
104 54 38
207 243 53
277 37 35
12 243 43
102 299 57
8 189 34
138 191 46
136 237 41
180 126 32
210 174 44
87 74 51
173 161 35
116 237 37
188 87 50
231 193 45
168 91 54
225 283 34
290 225 50
29 231 53
245 199 51
59 198 38
219 230 33
192 1 45
42 187 34
98 251 37
172 183 40
154 94 37
56 69 33
60 3 35
67 223 33
222 226 49
276 277 43
51 223 36
229 35 50
292 81 33
34 180 44
275 130 45
228 86 58
15 228 53
90 13 42
224 170 54
179 33 48
185 78 38
50 219 44
18 198 33
122 213 33
164 251 31
282 34 58
295 191 30
249 28 48
137 41 40
203 193 42
214 290 38
265 91 36
95 98 32
61 236 50
240 187 32
261 137 57
105 115 31
244 94 38
182 87 47
46 115 31
128 28 40
93 182 59
118 280 30
148 107 30
92 126 38
215 251 39
238 94 50
113 116 43
144 178 41
293 187 48
101 223 48
88 49 49
47 290 45
100 210 58
208 220 36
167 117 43
82 182 50
296 116 37
145 238 31
274 82 43
152 228 52
89 113 55
125 121 47
158 144 57
65 255 58
286 208 38
23 178 33
246 299 54
269 287 52
285 127 36
48 290 56
110 137 35
257 104 45
146 130 46
273 242 47
171 142 39
202 136 40
43 69 59
159 86 58
68 69 48
77 120 39
204 286 48
17 84 32
140 104 42
234 240 41
129 257 53
57 273 34
272 60 54
250 240 44
209 299 40
190 238 57
153 224 47
197 215 36
134 220 34
79 59 55
166 89 36
32 57 53
267 188 56
266 188 34
124 47 32
150 203 52
45 186 45
155 222 57
96 13 48
264 186 43
259 190 42
165 195 54
55 78 59
151 193 39
109 244 44
76 232 54
270 185 34
156 107 33
227 241 51
21 78 55
14 161 49
157 213 54
252 52 53
162 225 40
66 226 52
2 143 53
291 21 31
131 20 43
181 296 37
200 54 54
11 224 37
103 188 53
112 274 54
26 153 42
22 10 42
63 98 48
111 79 58
71 89 59
233 137 43
135 58 32
271 162 57
205 57 44
218 202 35
196 177 42
9 23 59
139 288 38
169 174 32
149 103 50
221 255 33
39 161 33
62 225 49
70 265 55
184 237 35
30 85 34
217 120 37
239 192 32
25 186 59
24 264 38
212 292 51
16 283 59
106 163 50
27 121 42
263 150 54
73 297 35
298 42 44
53 137 54
5 72 58
211 169 52
278 184 51
289 274 37
247 80 40
235 150 42
40 175 50
268 164 42
123 295 57
99 241 34
281 132 52
36 82 56
PROGRAMS ASSIGNED TO NODES (nID pID1 pID2 ...):
0 1 2 3 4
1 1 3 4
2 1 2 3
3 1
4 2 3
5 2 3 4
6 2
7 2
8 1 2
9 2 3
10 3 4
11 1 3 4
14 1 3
15 1 4
16 2 4
18 1 2 3
20 2 4
22 1 4
24 3 4
26 1 2
27 1 2 3
29 2 4
30 1 3 4
31 1 2 3
32 1 3
33 1 3 4
35 2
36 4
37 3 4
39 1 3
41 1 2 4
42 1 4
44 3 4
45 4
47 2 4
48 1 4
50 1 4
51 1 4
52 1
53 1 2 3
56 3 4
57 3
58 1
59 2 3
60 1 3
61 3
62 4
63 1
64 2 4
65 1 3
66 1 3
67 1 2 3
68 1 4
69 1 2 4
72 2 3
74 2
75 1 3 4
77 1 3
78 2 4
79 3
80 2 3 4
82 2 3 4
83 3
84 2 3 4
85 3 4
86 1 2 4
88 2 3
90 3 4
91 3 4
92 1 2
94 2 3 4
95 1 3
97 1
98 2 4
99 4
101 1 2 3
102 1 3
103 1 4
104 3 4
105 1 4
107 1 2 3
110 1
111 4
113 3 4
114 1 2 4
115 3
116 2 3
118 1 3 4
119 2
120 3
121 3
122 4
123 4
124 2
125 1 2 4
127 1 2 4
128 1 3
129 1 3
130 2 3 4
131 4
132 3
133 1 4
134 4
135 1
136 1 2 3
137 1 2 3
138 1 2 3
139 1 2 4
140 2 3 4
141 2 3 4
142 2 3
146 1 3 4
148 1 3 4
149 2
151 1 3 4
152 1 3
154 1 2 4
155 3 4
156 1 2
157 1 4
158 1 3 4
159 3 4
160 2 4
161 2
162 4
163 1 3 4
164 2
165 2 3 4
166 2
167 1 2 3
168 1 3
170 1 3
171 1
172 2 3 4
173 3 4
174 1 2 4
176 1 2
177 1 3 4
178 1
179 1
180 1 3
181 1 2
182 2 3 4
183 1 2
184 3
186 1 2
188 3
189 2 4
190 1 2 3
191 1 3 4
192 1
193 2 3
194 2 3
195 1 4
196 4
197 3
198 1 3
200 1 3 4
201 1 2 3
202 1 2 3
205 2 3
206 2 4
211 1 2 4
212 2 3
216 1 2 4
217 1 2 3
219 1 2 3
221 1
222 1 3 4
223 2 4
224 2 4
225 2
227 1 3
228 2 4
229 1 2 4
230 2 4
231 1 2
234 1 2 3
235 1 2
236 1 3 4
237 2 3 4
239 4
240 2 3 4
242 1 2 3
243 1 2 4
244 1 3
245 2 3
246 3 4
247 4
248 1 2
250 1 2 4
252 1 3 4
254 2 4
257 1 3 4
260 1 2 3
262 2 3
263 1 2 3
264 2 4
266 3
267 2 4
268 2 4
269 4
271 1 3
272 3
273 2 3 4
274 4
275 1 3
276 4
279 1 3 4
280 1
281 1 2
283 3
286 3
287 1 3 4
289 2
291 1 3
292 2 3
293 2 4
296 1 3 4
297 3 4
298 1
299 4
SIZE OF PROGRAMS (pID SIZE):
1 82.0
2 78.0
3 78.0
4 46.0
COST TO INSTALL SERVERS AND PROGRAMS ON NODES (COST_TO_INSTALL_SERVER COST_TO_INSTALL_pID1 ...):
0 1692.6829268292681 2.0 1.9024390243902438 1.9024390243902438 1.1219512195121952
1 12.193449375463134 2.0 1.9024390243902438 1.9024390243902438 1.1219512195121952
2 9.633233990792824 2.0 1.9024390243902438 1.9024390243902438 1.1219512195121952
3 2.975501876172607 2.0 1.9024390243902438 1.9024390243902438 1.1219512195121952
4 8.11473586989568 2.0 1.9024390243902438 1.9024390243902438 1.1219512195121952
5 2.223491262498832 3.0 2.8536585365853657 2.8536585365853657 1.6829268292682926
6 0.6154425997219127 3.0 2.8536585365853657 2.8536585365853657 1.6829268292682926
7 2.963402336544373 3.0 2.8536585365853657 2.8536585365853657 1.6829268292682926
8 1.6036404214309516 3.0 2.8536585365853657 2.8536585365853657 1.6829268292682926
9 1.3029697769220054 2.0 1.9024390243902438 1.9024390243902438 1.1219512195121952
10 2.7349032800672832 2.0 1.9024390243902438 1.9024390243902438 1.1219512195121952
11 29.029640644963212 2.0 1.9024390243902438 1.9024390243902438 1.1219512195121952
12 72.0 2.0 1.9024390243902438 1.9024390243902438 1.1219512195121952
13 4.538172667440959 2.0 1.9024390243902438 1.9024390243902438 1.1219512195121952
14 14.962078112126045 2.0 1.9024390243902438 1.9024390243902438 1.1219512195121952
15 3.321301462412592 2.0 1.9024390243902438 1.9024390243902438 1.1219512195121952
16 7.0407576573415644 3.0 2.8536585365853657 2.8536585365853657 1.6829268292682926
17 90.0 2.0 1.9024390243902438 1.9024390243902438 1.1219512195121952
18 0.25387024440352274 3.0 2.8536585365853657 2.8536585365853657 1.6829268292682926
19 103.0 3.0 2.8536585365853657 2.8536585365853657 1.6829268292682926
20 2.7745306355319204 3.0 2.8536585365853657 2.8536585365853657 1.6829268292682926
21 3.5396275048523287 3.0 2.8536585365853657 2.8536585365853657 1.6829268292682926
22 0.24768846703245362 3.0 2.8536585365853657 2.8536585365853657 1.6829268292682926
23 3.676049410895179 3.0 2.8536585365853657 2.8536585365853657 1.6829268292682926
24 12.895250977408136 3.0 2.8536585365853657 2.8536585365853657 1.6829268292682926
25 52.0 2.0 1.9024390243902438 1.9024390243902438 1.1219512195121952
26 21.056088438140797 3.0 2.8536585365853657 2.8536585365853657 1.6829268292682926
27 6.009661246612465 3.0 2.8536585365853657 2.8536585365853657 1.6829268292682926
28 1.3275297433984166 2.0 1.9024390243902438 1.9024390243902438 1.1219512195121952
29 10.567613557573456 3.0 2.8536585365853657 2.8536585365853657 1.6829268292682926
30 15.059592915214866 3.0 2.8536585365853657 2.8536585365853657 1.6829268292682926
31 12.591412793373214 2.0 1.9024390243902438 1.9024390243902438 1.1219512195121952
32 2.14147198823327 2.0 1.9024390243902438 1.9024390243902438 1.1219512195121952
33 2.8195121033670367 2.0 1.9024390243902438 1.9024390243902438 1.1219512195121952
34 28.0 3.0 2.8536585365853657 2.8536585365853657 1.6829268292682926
35 2.473233270794247 2.0 1.9024390243902438 1.9024390243902438 1.1219512195121952
36 0.9037229701082993 2.0 1.9024390243902438 1.9024390243902438 1.1219512195121952
37 0.8380244337202729 2.0 1.9024390243902438 1.9024390243902438 1.1219512195121952
38 0.06689895470383274 2.0 1.9024390243902438 1.9024390243902438 1.1219512195121952
39 8.297342418358754 3.0 2.8536585365853657 2.8536585365853657 1.6829268292682926
40 20.0 3.0 2.8536585365853657 2.8536585365853657 1.6829268292682926
41 8.726936854330951 3.0 2.8536585365853657 2.8536585365853657 1.6829268292682926
42 4.663712205749509 2.0 1.9024390243902438 1.9024390243902438 1.1219512195121952
43 104.0 3.0 2.8536585365853657 2.8536585365853657 1.6829268292682926
44 5.574777713806705 2.0 1.9024390243902438 1.9024390243902438 1.1219512195121952
45 3.3255249864251972 2.0 1.9024390243902438 1.9024390243902438 1.1219512195121952
46 38.0 3.0 2.8536585365853657 2.8536585365853657 1.6829268292682926
47 1.747671153014051 2.0 1.9024390243902438 1.9024390243902438 1.1219512195121952
48 6.899000614880099 3.0 2.8536585365853657 2.8536585365853657 1.6829268292682926
49 0.9074729506693566 3.0 2.8536585365853657 2.8536585365853657 1.6829268292682926
50 1.2415112386417986 3.0 2.8536585365853657 2.8536585365853657 1.6829268292682926
51 7.389189841987546 3.0 2.8536585365853657 2.8536585365853657 1.6829268292682926
52 29.43680402181488 2.0 1.9024390243902438 1.9024390243902438 1.1219512195121952
53 29.525149883516363 3.0 2.8536585365853657 2.8536585365853657 1.6829268292682926
54 3.3881359059059406 3.0 2.8536585365853657 2.8536585365853657 1.6829268292682926
55 33.0 3.0 2.8536585365853657 2.8536585365853657 1.6829268292682926
56 0.9187415205550071 2.0 1.9024390243902438 1.9024390243902438 1.1219512195121952
57 14.676834457706276 3.0 2.8536585365853657 2.8536585365853657 1.6829268292682926
58 7.420322646972195 3.0 2.8536585365853657 2.8536585365853657 1.6829268292682926
59 0.8095646308827051 3.0 2.8536585365853657 2.8536585365853657 1.6829268292682926
60 4.842276422764227 2.0 1.9024390243902438 1.9024390243902438 1.1219512195121952
61 4.539188991782966 2.0 1.9024390243902438 1.9024390243902438 1.1219512195121952
62 2.951324334611894 3.0 2.8536585365853657 2.8536585365853657 1.6829268292682926
63 1.1648222685984402 3.0 2.8536585365853657 2.8536585365853657 1.6829268292682926
64 9.344576604017332 3.0 2.8536585365853657 2.8536585365853657 1.6829268292682926
65 1.7789079940137282 2.0 1.9024390243902438 1.9024390243902438 1.1219512195121952
66 1.068358200065517 3.0 2.8536585365853657 2.8536585365853657 1.6829268292682926
67 7.498484848484847 2.0 1.9024390243902438 1.9024390243902438 1.1219512195121952
68 0.671068661610986 3.0 2.8536585365853657 2.8536585365853657 1.6829268292682926
69 2.691800778848124 3.0 2.8536585365853657 2.8536585365853657 1.6829268292682926
70 48.0 2.0 1.9024390243902438 1.9024390243902438 1.1219512195121952
71 18.0 3.0 2.8536585365853657 2.8536585365853657 1.6829268292682926
72 2.439562524196672 3.0 2.8536585365853657 2.8536585365853657 1.6829268292682926
73 53.0 2.0 1.9024390243902438 1.9024390243902438 1.1219512195121952
74 14.984523240190384 3.0 2.8536585365853657 2.8536585365853657 1.6829268292682926
75 7.416770788760518 3.0 2.8536585365853657 2.8536585365853657 1.6829268292682926
76 76.0 2.0 1.9024390243902438 1.9024390243902438 1.1219512195121952
77 0.9151174029222808 2.0 1.9024390243902438 1.9024390243902438 1.1219512195121952
78 6.534655718021511 3.0 2.8536585365853657 2.8536585365853657 1.6829268292682926
79 1.9911701422747743 2.0 1.9024390243902438 1.9024390243902438 1.1219512195121952
80 11.026063529529303 2.0 1.9024390243902438 1.9024390243902438 1.1219512195121952
81 6.5584923013696885 3.0 2.8536585365853657 2.8536585365853657 1.6829268292682926
82 20.168801152427758 3.0 2.8536585365853657 2.8536585365853657 1.6829268292682926
83 0.4962123507457548 3.0 2.8536585365853657 2.8536585365853657 1.6829268292682926
84 1.6955088309503792 3.0 2.8536585365853657 2.8536585365853657 1.6829268292682926
85 6.995006763681083 3.0 2.8536585365853657 2.8536585365853657 1.6829268292682926
86 0.32872452750501524 3.0 2.8536585365853657 2.8536585365853657 1.6829268292682926
87 17.768836965680578 3.0 2.8536585365853657 2.8536585365853657 1.6829268292682926
88 1.8925113305912864 3.0 2.8536585365853657 2.8536585365853657 1.6829268292682926
89 6.838287421532559 2.0 1.9024390243902438 1.9024390243902438 1.1219512195121952
90 0.6915292295780101 2.0 1.9024390243902438 1.9024390243902438 1.1219512195121952
91 1.2231663052394763 3.0 2.8536585365853657 2.8536585365853657 1.6829268292682926
92 9.935348707309027 2.0 1.9024390243902438 1.9024390243902438 1.1219512195121952
93 103.0 2.0 1.9024390243902438 1.9024390243902438 1.1219512195121952
94 11.160535895217945 2.0 1.9024390243902438 1.9024390243902438 1.1219512195121952
95 10.571125956713097 3.0 2.8536585365853657 2.8536585365853657 1.6829268292682926
96 31.0 3.0 2.8536585365853657 2.8536585365853657 1.6829268292682926
97 0.6033488192024776 2.0 1.9024390243902438 1.9024390243902438 1.1219512195121952
98 3.4425958245767116 3.0 2.8536585365853657 2.8536585365853657 1.6829268292682926
99 0.35121330128503736 3.0 2.8536585365853657 2.8536585365853657 1.6829268292682926
100 56.0 2.0 1.9024390243902438 1.9024390243902438 1.1219512195121952
101 1.62680155210643 3.0 2.8536585365853657 2.8536585365853657 1.6829268292682926
102 7.211393796143473 2.0 1.9024390243902438 1.9024390243902438 1.1219512195121952
103 12.703710054170463 2.0 1.9024390243902438 1.9024390243902438 1.1219512195121952
104 1.876747056354612 3.0 2.8536585365853657 2.8536585365853657 1.6829268292682926
105 1.6865393486338451 2.0 1.9024390243902438 1.9024390243902438 1.1219512195121952
106 99.0 3.0 2.8536585365853657 2.8536585365853657 1.6829268292682926
107 3.1662694013303776 2.0 1.9024390243902438 1.9024390243902438 1.1219512195121952
108 6.982260182080705 2.0 1.9024390243902438 1.9024390243902438 1.1219512195121952
109 106.0 2.0 1.9024390243902438 1.9024390243902438 1.1219512195121952
110 7.675213032581454 3.0 2.8536585365853657 2.8536585365853657 1.6829268292682926
111 1.498621918719558 2.0 1.9024390243902438 1.9024390243902438 1.1219512195121952
112 73.0 3.0 2.8536585365853657 2.8536585365853657 1.6829268292682926
113 8.182840091191496 3.0 2.8536585365853657 2.8536585365853657 1.6829268292682926
114 19.417363782979507 3.0 2.8536585365853657 2.8536585365853657 1.6829268292682926
115 10.791231737881287 3.0 2.8536585365853657 2.8536585365853657 1.6829268292682926
116 20.81030854775474 2.0 1.9024390243902438 1.9024390243902438 1.1219512195121952
117 21.116878698653373 2.0 1.9024390243902438 1.9024390243902438 1.1219512195121952
118 8.043301532656473 2.0 1.9024390243902438 1.9024390243902438 1.1219512195121952
119 3.8586653116531155 2.0 1.9024390243902438 1.9024390243902438 1.1219512195121952
120 4.948081187105577 3.0 2.8536585365853657 2.8536585365853657 1.6829268292682926
121 15.471567944250868 2.0 1.9024390243902438 1.9024390243902438 1.1219512195121952
122 3.4971710317923406 2.0 1.9024390243902438 1.9024390243902438 1.1219512195121952
123 0.44337676230487527 2.0 1.9024390243902438 1.9024390243902438 1.1219512195121952
124 1.2479695805151325 3.0 2.8536585365853657 2.8536585365853657 1.6829268292682926
125 1.6852239273152607 2.0 1.9024390243902438 1.9024390243902438 1.1219512195121952
126 14.96363889761599 3.0 2.8536585365853657 2.8536585365853657 1.6829268292682926
127 10.43495679331366 3.0 2.8536585365853657 2.8536585365853657 1.6829268292682926
128 1.5324077921789043 3.0 2.8536585365853657 2.8536585365853657 1.6829268292682926
129 1.9098865844981017 2.0 1.9024390243902438 1.9024390243902438 1.1219512195121952
130 25.94908472356926 2.0 1.9024390243902438 1.9024390243902438 1.1219512195121952
131 0.3444985976000694 3.0 2.8536585365853657 2.8536585365853657 1.6829268292682926
132 14.18502659086741 2.0 1.9024390243902438 1.9024390243902438 1.1219512195121952
133 5.911882092082951 3.0 2.8536585365853657 2.8536585365853657 1.6829268292682926
134 2.944709262395587 2.0 1.9024390243902438 1.9024390243902438 1.1219512195121952
135 4.491220665299612 3.0 2.8536585365853657 2.8536585365853657 1.6829268292682926
136 7.484314691631764 3.0 2.8536585365853657 2.8536585365853657 1.6829268292682926
137 19.938301240907144 2.0 1.9024390243902438 1.9024390243902438 1.1219512195121952
138 1.6005069250297244 2.0 1.9024390243902438 1.9024390243902438 1.1219512195121952
139 13.296346344419154 3.0 2.8536585365853657 2.8536585365853657 1.6829268292682926
140 12.372979377123887 2.0 1.9024390243902438 1.9024390243902438 1.1219512195121952
141 63.0 3.0 2.8536585365853657 2.8536585365853657 1.6829268292682926
142 11.283592390529167 2.0 1.9024390243902438 1.9024390243902438 1.1219512195121952
143 7.0456822190486905 3.0 2.8536585365853657 2.8536585365853657 1.6829268292682926
144 5.99047704447633 3.0 2.8536585365853657 2.8536585365853657 1.6829268292682926
145 34.0 3.0 2.8536585365853657 2.8536585365853657 1.6829268292682926
146 26.66207875672086 2.0 1.9024390243902438 1.9024390243902438 1.1219512195121952
147 30.0 3.0 2.8536585365853657 2.8536585365853657 1.6829268292682926
148 8.713320399113082 2.0 1.9024390243902438 1.9024390243902438 1.1219512195121952
149 8.611227107317847 3.0 2.8536585365853657 2.8536585365853657 1.6829268292682926
150 17.893596647255183 2.0 1.9024390243902438 1.9024390243902438 1.1219512195121952
151 11.829868389450272 3.0 2.8536585365853657 2.8536585365853657 1.6829268292682926
152 7.389694876658711 2.0 1.9024390243902438 1.9024390243902438 1.1219512195121952
153 19.63138847685547 2.0 1.9024390243902438 1.9024390243902438 1.1219512195121952
154 18.49447352576104 2.0 1.9024390243902438 1.9024390243902438 1.1219512195121952
155 9.286945082411796 2.0 1.9024390243902438 1.9024390243902438 1.1219512195121952
156 0.8843311160384331 3.0 2.8536585365853657 2.8536585365853657 1.6829268292682926
157 5.698060804470731 3.0 2.8536585365853657 2.8536585365853657 1.6829268292682926
158 8.158898097107906 3.0 2.8536585365853657 2.8536585365853657 1.6829268292682926
159 2.2036743137247767 2.0 1.9024390243902438 1.9024390243902438 1.1219512195121952
160 1.271410751564795 2.0 1.9024390243902438 1.9024390243902438 1.1219512195121952
161 2.5381130453755065 3.0 2.8536585365853657 2.8536585365853657 1.6829268292682926
162 19.52783101045296 3.0 2.8536585365853657 2.8536585365853657 1.6829268292682926
163 7.629696089818042 3.0 2.8536585365853657 2.8536585365853657 1.6829268292682926
164 1.567970084046246 3.0 2.8536585365853657 2.8536585365853657 1.6829268292682926
165 12.29485262677443 3.0 2.8536585365853657 2.8536585365853657 1.6829268292682926
166 7.567555714215485 3.0 2.8536585365853657 2.8536585365853657 1.6829268292682926
167 4.092796210318026 2.0 1.9024390243902438 1.9024390243902438 1.1219512195121952
168 1.2463283780356953 3.0 2.8536585365853657 2.8536585365853657 1.6829268292682926
169 2.4973661924119237 2.0 1.9024390243902438 1.9024390243902438 1.1219512195121952
170 3.06857049321726 3.0 2.8536585365853657 2.8536585365853657 1.6829268292682926
171 1.3210062014009383 2.0 1.9024390243902438 1.9024390243902438 1.1219512195121952
172 2.059514721249001 2.0 1.9024390243902438 1.9024390243902438 1.1219512195121952
173 12.371664958666393 2.0 1.9024390243902438 1.9024390243902438 1.1219512195121952
174 0.09620596205962056 2.0 1.9024390243902438 1.9024390243902438 1.1219512195121952
175 23.0 3.0 2.8536585365853657 2.8536585365853657 1.6829268292682926
176 0.4879515862827802 2.0 1.9024390243902438 1.9024390243902438 1.1219512195121952
177 1.363719512195122 2.0 1.9024390243902438 1.9024390243902438 1.1219512195121952
178 0.6837697274031562 3.0 2.8536585365853657 2.8536585365853657 1.6829268292682926
179 5.909506883297824 2.0 1.9024390243902438 1.9024390243902438 1.1219512195121952
180 18.183187793903013 2.0 1.9024390243902438 1.9024390243902438 1.1219512195121952
181 10.160006311130175 3.0 2.8536585365853657 2.8536585365853657 1.6829268292682926
182 3.203808322152594 2.0 1.9024390243902438 1.9024390243902438 1.1219512195121952
183 1.8392138872522783 3.0 2.8536585365853657 2.8536585365853657 1.6829268292682926
184 4.971284229878204 2.0 1.9024390243902438 1.9024390243902438 1.1219512195121952
185 18.0 3.0 2.8536585365853657 2.8536585365853657 1.6829268292682926
186 2.79080590390612 2.0 1.9024390243902438 1.9024390243902438 1.1219512195121952
187 1.206274755055243 3.0 2.8536585365853657 2.8536585365853657 1.6829268292682926
188 28.852371751952813 3.0 2.8536585365853657 2.8536585365853657 1.6829268292682926
189 43.0 3.0 2.8536585365853657 2.8536585365853657 1.6829268292682926
190 8.658540273275166 3.0 2.8536585365853657 2.8536585365853657 1.6829268292682926
191 4.730579159264206 3.0 2.8536585365853657 2.8536585365853657 1.6829268292682926
192 2.4491622253865817 2.0 1.9024390243902438 1.9024390243902438 1.1219512195121952
193 21.02693543390408 2.0 1.9024390243902438 1.9024390243902438 1.1219512195121952
194 7.15362695134532 3.0 2.8536585365853657 2.8536585365853657 1.6829268292682926
195 13.238649998759444 3.0 2.8536585365853657 2.8536585365853657 1.6829268292682926
196 0.08498112659698027 3.0 2.8536585365853657 2.8536585365853657 1.6829268292682926
197 6.908145155916475 3.0 2.8536585365853657 2.8536585365853657 1.6829268292682926
198 26.0 2.0 1.9024390243902438 1.9024390243902438 1.1219512195121952
199 7.795026590867413 2.0 1.9024390243902438 1.9024390243902438 1.1219512195121952
200 8.711389036824578 2.0 1.9024390243902438 1.9024390243902438 1.1219512195121952
201 7.393265779914238 2.0 1.9024390243902438 1.9024390243902438 1.1219512195121952
202 25.700765993265996 2.0 1.9024390243902438 1.9024390243902438 1.1219512195121952
203 7.82015464210586 3.0 2.8536585365853657 2.8536585365853657 1.6829268292682926
204 75.0 2.0 1.9024390243902438 1.9024390243902438 1.1219512195121952
205 16.469081156640602 2.0 1.9024390243902438 1.9024390243902438 1.1219512195121952
206 14.106537496918095 2.0 1.9024390243902438 1.9024390243902438 1.1219512195121952
207 75.0 3.0 2.8536585365853657 2.8536585365853657 1.6829268292682926
208 0.8194553456812763 2.0 1.9024390243902438 1.9024390243902438 1.1219512195121952
209 21.0 2.0 1.9024390243902438 1.9024390243902438 1.1219512195121952
210 52.0 3.0 2.8536585365853657 2.8536585365853657 1.6829268292682926
211 6.6581222639149455 2.0 1.9024390243902438 1.9024390243902438 1.1219512195121952
212 19.031363428170334 2.0 1.9024390243902438 1.9024390243902438 1.1219512195121952
213 4.670900310643572 3.0 2.8536585365853657 2.8536585365853657 1.6829268292682926
214 23.0 3.0 2.8536585365853657 2.8536585365853657 1.6829268292682926
215 1.029812810538925 2.0 1.9024390243902438 1.9024390243902438 1.1219512195121952
216 5.482734095173119 3.0 2.8536585365853657 2.8536585365853657 1.6829268292682926
217 11.850903743586672 2.0 1.9024390243902438 1.9024390243902438 1.1219512195121952
218 10.0 3.0 2.8536585365853657 2.8536585365853657 1.6829268292682926
219 18.982336637537497 3.0 2.8536585365853657 2.8536585365853657 1.6829268292682926
220 11.396467184220711 3.0 2.8536585365853657 2.8536585365853657 1.6829268292682926
221 1.0187958850720567 2.0 1.9024390243902438 1.9024390243902438 1.1219512195121952
222 14.033372601072946 2.0 1.9024390243902438 1.9024390243902438 1.1219512195121952
223 8.479500891265598 2.0 1.9024390243902438 1.9024390243902438 1.1219512195121952
224 25.161474934002303 3.0 2.8536585365853657 2.8536585365853657 1.6829268292682926
225 2.8036195941791355 2.0 1.9024390243902438 1.9024390243902438 1.1219512195121952
226 7.383461091753774 2.0 1.9024390243902438 1.9024390243902438 1.1219512195121952
227 5.459439651692163 2.0 1.9024390243902438 1.9024390243902438 1.1219512195121952
228 1.1647211633334427 2.0 1.9024390243902438 1.9024390243902438 1.1219512195121952
229 8.584900771315406 2.0 1.9024390243902438 1.9024390243902438 1.1219512195121952
230 11.236882092082952 3.0 2.8536585365853657 2.8536585365853657 1.6829268292682926
231 1.901217381147695 3.0 2.8536585365853657 2.8536585365853657 1.6829268292682926
232 61.0 3.0 2.8536585365853657 2.8536585365853657 1.6829268292682926
233 27.0 3.0 2.8536585365853657 2.8536585365853657 1.6829268292682926
234 14.010780175109444 3.0 2.8536585365853657 2.8536585365853657 1.6829268292682926
235 18.29141822173181 2.0 1.9024390243902438 1.9024390243902438 1.1219512195121952
236 15.305854093300288 2.0 1.9024390243902438 1.9024390243902438 1.1219512195121952
237 16.73092971113057 3.0 2.8536585365853657 2.8536585365853657 1.6829268292682926
238 17.478760713793577 3.0 2.8536585365853657 2.8536585365853657 1.6829268292682926
239 6.143506048489817 2.0 1.9024390243902438 1.9024390243902438 1.1219512195121952
240 7.320348655409633 2.0 1.9024390243902438 1.9024390243902438 1.1219512195121952
241 1.333066264199693 3.0 2.8536585365853657 2.8536585365853657 1.6829268292682926
242 1.8257142857142856 2.0 1.9024390243902438 1.9024390243902438 1.1219512195121952
243 12.700955374821579 3.0 2.8536585365853657 2.8536585365853657 1.6829268292682926
244 11.373161529328918 3.0 2.8536585365853657 2.8536585365853657 1.6829268292682926
245 2.5626954042207375 3.0 2.8536585365853657 2.8536585365853657 1.6829268292682926
246 5.681487761861743 2.0 1.9024390243902438 1.9024390243902438 1.1219512195121952
247 2.462389944175939 2.0 1.9024390243902438 1.9024390243902438 1.1219512195121952
248 1.956829268292681 3.0 2.8536585365853657 2.8536585365853657 1.6829268292682926
249 99.0 2.0 1.9024390243902438 1.9024390243902438 1.1219512195121952
250 7.833438453484185 2.0 1.9024390243902438 1.9024390243902438 1.1219512195121952
251 2.675028257009144 3.0 2.8536585365853657 2.8536585365853657 1.6829268292682926
252 3.187752302752819 3.0 2.8536585365853657 2.8536585365853657 1.6829268292682926
253 66.0 3.0 2.8536585365853657 2.8536585365853657 1.6829268292682926
254 4.4020546942008 2.0 1.9024390243902438 1.9024390243902438 1.1219512195121952
255 10.02741713268669 3.0 2.8536585365853657 2.8536585365853657 1.6829268292682926
256 7.5238559814169585 2.0 1.9024390243902438 1.9024390243902438 1.1219512195121952
257 2.0702997322582877 2.0 1.9024390243902438 1.9024390243902438 1.1219512195121952
258 74.0 2.0 1.9024390243902438 1.9024390243902438 1.1219512195121952
259 76.0 2.0 1.9024390243902438 1.9024390243902438 1.1219512195121952
260 3.9334494773519157 3.0 2.8536585365853657 2.8536585365853657 1.6829268292682926
261 19.0 2.0 1.9024390243902438 1.9024390243902438 1.1219512195121952
262 4.634500529779733 3.0 2.8536585365853657 2.8536585365853657 1.6829268292682926
263 10.964670311621534 3.0 2.8536585365853657 2.8536585365853657 1.6829268292682926
264 20.86560683682384 2.0 1.9024390243902438 1.9024390243902438 1.1219512195121952
265 38.0 3.0 2.8536585365853657 2.8536585365853657 1.6829268292682926
266 1.3614464712714354 3.0 2.8536585365853657 2.8536585365853657 1.6829268292682926
267 2.172293001753547 2.0 1.9024390243902438 1.9024390243902438 1.1219512195121952
268 8.729186663077673 2.0 1.9024390243902438 1.9024390243902438 1.1219512195121952
269 1.895618175225062 3.0 2.8536585365853657 2.8536585365853657 1.6829268292682926
270 62.0 3.0 2.8536585365853657 2.8536585365853657 1.6829268292682926
271 2.2602057511066045 2.0 1.9024390243902438 1.9024390243902438 1.1219512195121952
272 0.5940785907859079 3.0 2.8536585365853657 2.8536585365853657 1.6829268292682926
273 6.250884424345763 3.0 2.8536585365853657 2.8536585365853657 1.6829268292682926
274 2.351846798387152 3.0 2.8536585365853657 2.8536585365853657 1.6829268292682926
275 10.590723340510031 2.0 1.9024390243902438 1.9024390243902438 1.1219512195121952
276 3.2957120848715413 2.0 1.9024390243902438 1.9024390243902438 1.1219512195121952
277 2.653851619755262 2.0 1.9024390243902438 1.9024390243902438 1.1219512195121952
278 89.0 3.0 2.8536585365853657 2.8536585365853657 1.6829268292682926
279 8.316358587948418 2.0 1.9024390243902438 1.9024390243902438 1.1219512195121952
280 1.3601999733257757 3.0 2.8536585365853657 2.8536585365853657 1.6829268292682926
281 1.195643893975088 2.0 1.9024390243902438 1.9024390243902438 1.1219512195121952
282 73.0 3.0 2.8536585365853657 2.8536585365853657 1.6829268292682926
283 11.353888091822093 3.0 2.8536585365853657 2.8536585365853657 1.6829268292682926
284 0.5832209146889311 3.0 2.8536585365853657 2.8536585365853657 1.6829268292682926
285 66.0 2.0 1.9024390243902438 1.9024390243902438 1.1219512195121952
286 5.577579314139006 3.0 2.8536585365853657 2.8536585365853657 1.6829268292682926
287 8.753756234200996 2.0 1.9024390243902438 1.9024390243902438 1.1219512195121952
288 3.256850835247577 3.0 2.8536585365853657 2.8536585365853657 1.6829268292682926
289 1.785320264241596 2.0 1.9024390243902438 1.9024390243902438 1.1219512195121952
290 13.166351301496208 3.0 2.8536585365853657 2.8536585365853657 1.6829268292682926
291 1.332966148762448 3.0 2.8536585365853657 2.8536585365853657 1.6829268292682926
292 2.176469398559302 2.0 1.9024390243902438 1.9024390243902438 1.1219512195121952
293 0.9362361892849699 2.0 1.9024390243902438 1.9024390243902438 1.1219512195121952
294 95.0 2.0 1.9024390243902438 1.9024390243902438 1.1219512195121952
295 2.176050047513462 2.0 1.9024390243902438 1.9024390243902438 1.1219512195121952
296 26.183281520727718 2.0 1.9024390243902438 1.9024390243902438 1.1219512195121952
297 15.114669548528946 2.0 1.9024390243902438 1.9024390243902438 1.1219512195121952
298 0.7758307052424698 3.0 2.8536585365853657 2.8536585365853657 1.6829268292682926
299 0.8496403406891212 2.0 1.9024390243902438 1.9024390243902438 1.1219512195121952
