500 8
TREE NETWORK (nID nID Weight):
76 0 57
216 76 34
279 216 35
470 0 55
119 76 35
150 119 57
21 150 30
336 216 57
306 76 35
488 216 54
366 0 31
427 279 44
254 119 30
355 254 50
346 279 44
74 21 55
377 346 36
178 76 50
460 254 35
321 216 36
461 279 36
113 366 59
46 76 40
47 306 34
390 119 55
475 355 30
422 306 30
455 355 47
399 47 36
416 178 44
237 74 43
448 470 36
212 0 44
65 475 42
171 119 47
472 422 56
415 455 41
383 0 42
428 171 59
463 416 40
400 366 53
276 400 33
80 150 37
304 488 40
338 399 53
72 383 52
425 237 58
389 0 32
117 237 53
438 377 50
161 355 44
442 276 34
183 383 32
142 355 37
194 47 59
278 472 51
229 279 59
102 390 56
393 366 41
84 393 35
376 65 52
90 171 54
66 21 53
173 338 50
365 463 33
136 390 36
87 376 40
318 65 51
245 136 45
294 229 58
408 377 57
121 278 48
401 21 43
449 438 50
210 178 58
367 90 39
61 488 40
480 393 35
158 90 35
71 422 45
340 66 54
203 61 42
11 470 33
446 237 59
320 119 39
329 365 55
486 428 37
44 71 40
356 367 54
157 178 58
208 346 56
441 216 51
1 336 53
375 389 38
243 375 43
259 415 31
392 0 31
291 203 44
274 178 39
407 366 36
302 210 41
491 150 50
394 72 34
78 65 53
205 449 31
285 113 51
256 367 33
40 446 57
244 320 43
456 306 36
286 210 59
411 136 53
299 400 38
206 80 46
77 243 33
287 411 44
3 321 50
209 367 52
445 407 36
258 422 43
374 245 45
92 365 56
69 329 39
429 90 55
410 256 51
443 66 51
185 279 31
131 90 53
32 445 39
220 40 48
106 244 39
88 161 35
388 194 41
221 47 43
73 438 54
143 71 44
468 318 52
458 375 47
462 416 34
49 389 52
31 256 48
378 206 34
311 158 41
297 131 49
284 183 49
82 173 59
86 321 44
300 491 51
54 329 55
147 410 52
228 442 41
312 46 36
200 92 51
134 78 50
326 392 37
417 448 34
309 446 54
296 448 30
225 84 42
493 69 50
127 40 40
371 77 47
335 302 50
342 178 53
186 61 43
471 336 41
319 425 46
248 375 57
379 66 41
104 383 40
384 49 51
295 212 34
99 411 49
316 472 51
391 74 51
25 32 30
477 377 51
314 441 35
164 319 48
214 258 52
242 468 52
444 216 56
406 389 47
405 401 41
45 366 43
75 371 58
481 367 33
317 80 35
233 458 36
193 392 50
34 171 53
196 378 33
396 336 48
115 161 47
430 491 41
202 425 38
19 82 41
372 449 47
263 196 35
261 71 34
289 300 39
123 259 42
96 205 53
241 445 41
35 335 49
409 342 50
222 171 33
218 284 43
118 287 43
303 286 38
85 276 42
219 445 37
478 445 37
36 411 43
419 300 58
247 90 51
269 210 36
2 297 50
236 287 36
418 300 44
144 1 53
362 157 40
128 407 53
55 209 31
354 411 47
139 82 53
308 269 39
70 263 54
423 276 39
197 445 48
403 256 59
431 285 43
476 306 50
57 291 38
191 183 53
262 393 57
351 320 50
435 415 54
439 299 44
132 208 30
182 80 43
152 321 56
437 284 53
7 428 42
175 96 30
271 206 51
109 144 50
283 0 40
101 441 51
331 446 37
30 76 52
452 303 46
12 115 40
467 336 32
111 365 43
339 1 54
230 72 42
95 351 43
482 423 52
83 119 58
483 220 33
149 468 49
81 388 51
133 448 52
199 111 53
148 476 30
450 461 33
333 423 33
250 431 39
307 81 35
146 276 31
189 410 42
213 303 54
361 302 52
282 493 45
255 203 51
301 455 41
466 365 32
180 480 47
176 31 57
130 411 45
426 0 48
33 430 31
64 87 44
190 209 42
277 340 50
323 300 44
53 54 32
341 132 34
324 21 39
155 54 56
457 476 54
382 32 53
360 446 38
459 354 57
201 491 44
63 472 48
344 423 31
275 86 30
5 312 43
358 389 56
198 212 48
398 321 58
359 139 54
116 139 42
231 36 47
227 12 37
267 437 49
103 391 54
454 295 49
28 219 48
464 425 35
112 427 43
414 132 57
60 180 51
168 323 34
281 455 41
252 464 57
41 2 42
151 457 53
22 329 55
357 475 45
172 426 34
204 168 33
298 306 45
424 247 42
268 400 39
232 196 33
120 210 36
265 113 39
412 210 43
16 250 39
129 241 41
484 32 40
363 296 37
8 221 38
473 393 46
110 258 41
226 53 48
348 389 46
337 374 47
395 338 52
137 12 44
498 219 44
52 76 32
43 422 44
433 450 50
224 279 58
334 450 34
166 442 44
479 378 42
108 312 32
89 405 33
26 142 53
440 166 35
413 324 31
135 440 45
20 384 56
138 131 44
165 371 58
124 283 57
353 417 58
51 40 48
122 462 51
223 456 39
160 233 36
217 180 40
141 298 49
260 376 36
170 375 40
39 104 50
211 32 40
207 150 42
235 20 31
343 259 33
495 41 35
140 247 59
345 26 55
187 482 38
6 488 46
447 213 35
15 358 52
310 338 44
79 144 42
38 110 49
494 339 38
179 271 49
350 231 54
10 133 39
421 69 30
145 138 50
23 141 36
159 267 42
9 33 48
192 241 30
125 445 45
485 172 38
402 268 48
94 414 56
98 60 37
48 200 33
257 301 44
253 168 39
436 462 33
325 358 30
373 301 58
251 132 36
465 437 33
288 106 35
154 51 52
370 445 56
163 320 32
238 0 58
397 321 42
177 217 36
107 41 37
469 442 46
27 275 49
496 107 31
37 400 34
184 176 44
239 176 53
293 348 38
100 316 51
352 94 32
42 129 57
266 352 53
290 455 58
272 220 57
364 293 53
50 350 46
91 214 40
380 272 48
24 448 47
330 193 54
451 355 43
126 392 41
153 479 39
270 211 57
487 277 49
181 436 58
174 495 38
264 191 31
368 204 45
434 41 42
474 101 58
273 107 36
56 449 39
369 30 31
13 483 32
195 40 52
499 13 50
328 52 32
188 15 43
93 408 42
156 359 48
97 221 30
105 256 56
67 468 37
114 39 40
420 254 51
68 496 54
387 325 56
315 427 50
215 207 40
17 195 34
169 318 44
332 63 59
349 132 50
305 191 42
489 279 32
381 86 32
492 67 37
386 71 37
432 267 43
162 166 57
497 430 45
58 115 51
404 170 49
490 285 53
292 412 32
280 357 45
18 257 32
347 147 46
14 111 56
246 415 49
240 213 38
62 39 55
29 141 39
385 286 56
234 450 46
59 270 35
249 423 32
4 82 47
453 245 58
313 222 51
327 425 58
322 78 41
167 246 53
PROGRAMS ASSIGNED TO NODES (nID pID1 pID2 ...):
0 1 2 3 4 5 6 7 8
1 1 2 3 4 5 7 8
2 2 3
3 2 4 6 7 8
4 2 4
5 1 2 5
6 2 4 6 7
9 1 2 3 8
10 1 2 4 5 6 7 8
11 1 3 4 5 6 7
12 2
14 2
15 2 3 4 5 6 7 8
16 1 2 5 7 8
18 1 2 5 6 7 8
19 1 5 8
20 5 8
21 1 2 4 5 6 7 8
22 1 2 3 4 6 8
23 1 4
24 8
26 1 8
27 2 4 5 6 8
28 4 8
29 2 3 4 5 7 8
30 1
32 1 3 4 5 6 7 8
33 4 5 8
34 2
35 3 4 5 6 8
36 1 2 4 6 7 8
37 1 2 4 5
38 3 4 5
39 2
41 1 3 4 5 6 7
42 5
43 1 2
44 5 6 8
45 1 6
46 1 2 3 5 6 7 8
47 3 4 6 7 8
48 4 5 6
49 1 3 4 5 8
51 3 5 6 7 8
52 2 3 4 6 8
54 2 3 6 8
55 2 3 5 6 7 8
56 8
57 2
58 1 3 5 6 7 8
59 1 3 5 7
60 2 4 5 6 7 8
62 1 2 5 8
63 7
64 1 2 3 4 6 7 8
65 8
66 3 5 8
67 5
68 3 5
70 1 3 5 7 8
71 1 5 6 7 8
72 1 4 5 6 7
74 1 2 3 4 6 7 8
76 1 2 3 5 6 7 8
78 8
79 1 2 3 5 6 7
80 1 3 4 5 6
81 5 6 7
83 2 8
84 2 6 7
85 1 8
86 1 2 7 8
87 2 6 7 8
88 2 4 5 6 7 8
89 3 7
90 3
91 6
92 1 2 3 4 5 6 8
93 1 3 4 5 6 7 8
94 2 3 4 6 8
96 1 2 5 7 8
97 1 2 3 4 5 7 8
98 2 4 5 6 7 8
99 4 7
100 2 3 4 5 8
102 8
103 2 3 5 6 8
104 1 2 3 4 5 7 8
106 2 3 7 8
107 3 4 5 7 8
108 1 2 3 5 6 7
109 2 4 5 7
110 1 2 3 4 5 6 7
111 2 3 4 7
113 1 7
114 1 6 7 8
115 2 7 8
116 1 2 4 7
117 2 3 4 6 7
118 3 5 6 8
119 1 2 3 5 8
120 1 2 5 7 8
121 5
122 1 6
123 4
124 1 3 4 6 8
126 4
127 1 7
128 2 4
129 3
130 8
131 6
132 1 2 6 8
133 1 2 3 4 5 6 8
134 1 2 3 4 5 7 8
135 2 3 4 8
136 1 2 3
137 1 2 4 6 7
138 2 3 4 5 6 7 8
139 6
140 1 4 6 7
141 1 2 3 5 6
142 2 6 8
144 1 3 4 5 6 7
145 1
146 2 3 4 5 6 7 8
147 2 3 4 5 6 7 8
148 5 6 7 8
150 1 2 3 5 6 8
151 5 6
152 5 6 7 8
153 1 2 5 6 7
154 2 3 4 5 6 7 8
155 4 6 8
156 7
157 3 5 6
158 1 6 7 8
159 1 2 4 5 6 7 8
160 2 3 4 5 8
162 1 2 3 4 5 6 8
163 1 4 5 7 8
164 1 2 4
165 1 2 3 5 7 8
166 3 4 5 6 7
167 2 3 5 6 8
168 3 5 6 8
169 5 8
170 1 3 6 7 8
171 1 5
172 1 2 3 4 5 6 7
173 1 3 4 6
174 1 2 3 4 6
175 3 6
176 1
177 1 2 3 4 5 6 8
178 1 5 6 8
179 2 3 4 6 8
180 2 3 7 8
181 3 4 5 7
182 1 2 4 7 8
183 3 5 6 7
184 1 2
185 1 2 3 6 7
186 1 2 3 6 7
187 4 7
188 2 3 4 5 6 7 8
189 1 5
190 3 4 5
191 1 5
193 3 8
194 2 3 5 7
195 1 3 4 6 7
196 2 4 5 6
197 3 4 5 8
198 1 3 4 6 8
199 1 2 5 6 7 8
200 6
201 2 6
202 3
203 3 6 7 8
204 1 2 7 8
205 2 4 6
206 2 7
207 6 8
208 2 3 4 5 6 7 8
209 3 4 6 7 8
210 1 2 3 4 5 6 8
211 1 2 3 5 6 8
212 2 5 6 7
213 5
214 5
215 1 2 3 5 6 7
216 1 3 4 5 6 7 8
217 2 4
218 1 5 7
219 1 3 6
220 1 2 3 4 6 7
221 1 2 3 7
222 1
223 2 4
224 1 2 3 5 7 8
225 2 3 5 6 7 8
226 1 6 8
227 1 2 3 5 7 8
228 1 2 3 4 6 7
229 2 3 4 5 6 7
230 1 2 3 5 6
231 1 2 4 5 6 7 8
232 1 2 4 8
233 2 3 4 5
234 4 8
236 1 3 4 7 8
237 2 7
238 3
239 2 6 7
240 3 7 8
242 5
243 1 3 4 7
244 1 2 3 5 6 7 8
245 1 2 5 6 7
246 1 3 4 5 6 7 8
247 1 4 8
248 1 2 3 4 5 6
249 3 4 8
250 4
251 3 5 8
252 3 5 7
253 1 3 6
254 2 3 6 7 8
255 1 2 4 5 6 7 8
257 6
258 1 3 5 7 8
259 1 2 3 4 5 6 7
260 2 3 6 7 8
261 2 8
263 2 5 6
264 2 3 4 5 6 7
265 3 4 5 6 8
266 1 3 4 5 6 7 8
267 4
268 2 3 4 8
269 1 4 7 8
270 2 3 4 5 6 7 8
271 1 8
272 1 5 6 8
273 1 2 3 4 5
275 2 3 4 5 6 7 8
276 2 7
277 1 5 7
278 1 2 8
279 2 4 6
280 5 6 7
281 1 2 4 7
283 3 5 6 8
284 2 3 4 5 6 7 8
285 2 7 8
287 1 2 4 6 7 8
288 1 2 3 4 5 6 7
289 2 7 8
290 2 7
291 1 2 3 4 6 7 8
292 1 3 4 5 7 8
293 1 4 6 8
294 1 4 7 8
295 2 3 8
296 2 3 7
297 1 2 3 4 5
298 2 6
299 1 2 4 5 6 7 8
300 1 4 5 6 7
301 5 8
302 2 4 5 6 7 8
303 1 2 3 5 6 7 8
304 2 3 4 5 6 7 8
305 6
306 4 5 6 7
307 1 7
308 1 3 5
309 4 7
310 4
311 2 4
312 1 3 5 7 8
313 7
314 1 2 3 4 5 7 8
315 5 8
316 6 8
318 1 4 6
319 1 2 3 4 5 7 8
320 4 5 6 8
322 5
323 1 2 4 5 6 7
324 2 3 4 5 6 8
325 1 8
327 3 4 5 6 8
328 1 2 4 7
329 2 3 5 6 7
330 1 2 3 4 5 7 8
331 1 2 3 4 8
333 2 5 6
334 3 4 6
336 6
337 8
338 2 3 4 5 6 7 8
339 3 4 5
340 1 3 4 5 7 8
341 1 2 5 8
342 1 2 3 5 6 7 8
343 2
344 3 4
346 4 6
347 5
348 2 3 4 5 6 7
349 3
350 3 4
351 5
352 2 3 4 6 7 8
353 1
354 1
355 4 5 7 8
356 1 3 5 7 8
357 7
358 2 6
359 7
360 1 2 4 5 6 7 8
362 1 4
363 1 2
365 1 2 4 6 7 8
366 1 2 3 4 5 7 8
367 1 2 3 4 6 7 8
368 1 3 4 5 7
370 1 3 4 8
371 2 4 6
374 1 3 5 6 8
375 1 5 6 8
377 3
378 2 3 4 5 6 7 8
379 1 2 3 5 6
380 1 2 5 6
381 1 2 4 6 7 8
384 2 4 8
385 2 4
386 8
388 1 2 4 5 6 7 8
389 2 5 7
390 2 8
391 1 2 4 6 7 8
392 2 6
393 1 3 4 5 6
394 2 3
395 1 2 3 6
396 1 2 3 5
397 1 2 4 6 8
398 2 3 5 6 8
399 2 7 8
400 1 2 3 5 7
401 1 4 5 6 7 8
402 3 5
404 1 2 3 4 5
405 5 7
406 1 2 4 5 6
407 1 2 6 7 8
408 1 3 4 5 6 7 8
409 3
410 1 3 4
411 1 4 5 7 8
412 2 5 8
413 4 6 7
414 1 2 3 4 6 7 8
415 1 5
416 2 3
417 1 4 6 7 8
418 1 3 4 5 6 7 8
419 1 3 8
420 1 2 3 4 7
421 1 2 3 4 5 6 8
423 1 3 4 8
424 7
425 1 2 3
426 1 3 4 7 8
427 1 6
428 6
429 1 2 3 4 5 6 7
430 1 3 6
431 1 3 5
432 1 3 5 6 8
433 5 7
434 1 2 4 7 8
436 2 3 4 6 7
437 1 2 3 4 5 6 7
438 1 2 3 4 5 6 8
439 1 2 4 6 7 8
440 8
441 1 2 5 6
442 1 4 5 8
443 5
444 1 7
445 4 7
446 2 3 4 5 6 8
447 3 5 6 7 8
448 1 3 4 7
449 2 3 4 5 6 7 8
450 2
451 3 5
452 1 2 3 4 5 7 8
454 2 4 5 6 8
455 1 2 5 7
456 1 4 5 6
457 1 2 3 4 5 6 7
458 2 3 4 5 6 7
459 2 4 6 7
460 2 3 5 6 7 8
461 1 5 6 8
462 1 3 8
463 1 2 6 7
464 1 2 3 4 5 6 7
466 3 5 6 7 8
467 3 7 8
468 1 3 4 6 7 8
470 7
471 2 3 4 5 8
473 8
474 5
475 8
476 4 5 7 8
477 1 2 5 6 7
478 1 2 3 4 6 7 8
479 2 4 6 7
480 1 2 3 4 5 6 8
481 1 3 4 5 6 7 8
482 1 2 3 4 6 7 8
483 2 6 8
484 2 5
485 1 3 4 5 6 8
486 2 4
487 6
488 1 4
489 4 5 8
490 1 3 4 8
491 6
492 1 2 4 5
494 1 4 7 8
495 2 5 6 8
496 1 2 4 6 8
497 1 2 3 4 6 7
498 1 2 3 5 6 7 8
499 1 3 4 6
SIZE OF PROGRAMS (pID SIZE):
1 58.0
2 92.0
3 49.0
4 47.0
5 65.0
6 44.0
7 41.0
8 96.0
COST TO INSTALL SERVERS AND PROGRAMS ON NODES (COST_TO_INSTALL_SERVER COST_TO_INSTALL_pID1 ...):
0 2537.5 1.8125 2.875 1.53125 1.46875 2.03125 1.375 1.28125 3.0
1 11.111431499114046 1.8125 2.875 1.53125 1.46875 2.03125 1.375 1.28125 3.0
2 53.7039833788931 1.2083333333333333 1.9166666666666667 1.0208333333333333 0.9791666666666666 1.3541666666666667 0.9166666666666666 0.8541666666666666 2.0
3 18.96037610365784 1.8125 2.875 1.53125 1.46875 2.03125 1.375 1.28125 3.0
4 2.073164198921983 1.8125 2.875 1.53125 1.46875 2.03125 1.375 1.28125 3.0
5 1.5639985380116959 1.2083333333333333 1.9166666666666667 1.0208333333333333 0.9791666666666666 1.3541666666666667 0.9166666666666666 0.8541666666666666 2.0
6 1.4869106554393943 1.2083333333333333 1.9166666666666667 1.0208333333333333 0.9791666666666666 1.3541666666666667 0.9166666666666666 0.8541666666666666 2.0
7 86.0 1.2083333333333333 1.9166666666666667 1.0208333333333333 0.9791666666666666 1.3541666666666667 0.9166666666666666 0.8541666666666666 2.0
8 70.0 1.2083333333333333 1.9166666666666667 1.0208333333333333 0.9791666666666666 1.3541666666666667 0.9166666666666666 0.8541666666666666 2.0
9 37.251629644528315 1.2083333333333333 1.9166666666666667 1.0208333333333333 0.9791666666666666 1.3541666666666667 0.9166666666666666 0.8541666666666666 2.0
10 19.13605320027194 1.8125 2.875 1.53125 1.46875 2.03125 1.375 1.28125 3.0
11 0.523939393939394 1.8125 2.875 1.53125 1.46875 2.03125 1.375 1.28125 3.0
12 47.612098671889285 1.2083333333333333 1.9166666666666667 1.0208333333333333 0.9791666666666666 1.3541666666666667 0.9166666666666666 0.8541666666666666 2.0
13 23.213139427451175 1.2083333333333333 1.9166666666666667 1.0208333333333333 0.9791666666666666 1.3541666666666667 0.9166666666666666 0.8541666666666666 2.0
14 1.1540214993085252 1.8125 2.875 1.53125 1.46875 2.03125 1.375 1.28125 3.0
15 13.68173076923077 1.8125 2.875 1.53125 1.46875 2.03125 1.375 1.28125 3.0
16 10.522727933817691 1.8125 2.875 1.53125 1.46875 2.03125 1.375 1.28125 3.0
17 65.0 1.8125 2.875 1.53125 1.46875 2.03125 1.375 1.28125 3.0
18 27.22785015944488 1.2083333333333333 1.9166666666666667 1.0208333333333333 0.9791666666666666 1.3541666666666667 0.9166666666666666 0.8541666666666666 2.0
19 28.3435995347341 1.8125 2.875 1.53125 1.46875 2.03125 1.375 1.28125 3.0
20 0.9128016591251886 1.8125 2.875 1.53125 1.46875 2.03125 1.375 1.28125 3.0
21 3.23453007518797 1.8125 2.875 1.53125 1.46875 2.03125 1.375 1.28125 3.0
22 33.97853167008431 1.2083333333333333 1.9166666666666667 1.0208333333333333 0.9791666666666666 1.3541666666666667 0.9166666666666666 0.8541666666666666 2.0
23 0.895371240601504 1.8125 2.875 1.53125 1.46875 2.03125 1.375 1.28125 3.0
24 0.34546744036105737 1.8125 2.875 1.53125 1.46875 2.03125 1.375 1.28125 3.0
25 88.0 1.2083333333333333 1.9166666666666667 1.0208333333333333 0.9791666666666666 1.3541666666666667 0.9166666666666666 0.8541666666666666 2.0
26 1.7570410258818905 1.8125 2.875 1.53125 1.46875 2.03125 1.375 1.28125 3.0
27 4.484688031512446 1.2083333333333333 1.9166666666666667 1.0208333333333333 0.9791666666666666 1.3541666666666667 0.9166666666666666 0.8541666666666666 2.0
28 7.116292098550162 1.2083333333333333 1.9166666666666667 1.0208333333333333 0.9791666666666666 1.3541666666666667 0.9166666666666666 0.8541666666666666 2.0
29 12.50613491637256 1.8125 2.875 1.53125 1.46875 2.03125 1.375 1.28125 3.0
30 0.554757085020243 1.2083333333333333 1.9166666666666667 1.0208333333333333 0.9791666666666666 1.3541666666666667 0.9166666666666666 0.8541666666666666 2.0
31 23.3350584113742 1.2083333333333333 1.9166666666666667 1.0208333333333333 0.9791666666666666 1.3541666666666667 0.9166666666666666 0.8541666666666666 2.0
32 35.50144632846244 1.8125 2.875 1.53125 1.46875 2.03125 1.375 1.28125 3.0
33 10.779550572262115 1.8125 2.875 1.53125 1.46875 2.03125 1.375 1.28125 3.0
34 0.6019235714738472 1.2083333333333333 1.9166666666666667 1.0208333333333333 0.9791666666666666 1.3541666666666667 0.9166666666666666 0.8541666666666666 2.0
35 22.788280515734236 1.2083333333333333 1.9166666666666667 1.0208333333333333 0.9791666666666666 1.3541666666666667 0.9166666666666666 0.8541666666666666 2.0
36 55.15599210134358 1.2083333333333333 1.9166666666666667 1.0208333333333333 0.9791666666666666 1.3541666666666667 0.9166666666666666 0.8541666666666666 2.0
37 4.692767444774625 1.2083333333333333 1.9166666666666667 1.0208333333333333 0.9791666666666666 1.3541666666666667 0.9166666666666666 0.8541666666666666 2.0
38 17.33472235342326 1.2083333333333333 1.9166666666666667 1.0208333333333333 0.9791666666666666 1.3541666666666667 0.9166666666666666 0.8541666666666666 2.0
39 4.613938775510202 1.2083333333333333 1.9166666666666667 1.0208333333333333 0.9791666666666666 1.3541666666666667 0.9166666666666666 0.8541666666666666 2.0
40 40.73978566969616 1.2083333333333333 1.9166666666666667 1.0208333333333333 0.9791666666666666 1.3541666666666667 0.9166666666666666 0.8541666666666666 2.0
41 7.2896038930746245 1.2083333333333333 1.9166666666666667 1.0208333333333333 0.9791666666666666 1.3541666666666667 0.9166666666666666 0.8541666666666666 2.0
42 4.792630733501731 1.8125 2.875 1.53125 1.46875 2.03125 1.375 1.28125 3.0
43 5.287266461608567 1.2083333333333333 1.9166666666666667 1.0208333333333333 0.9791666666666666 1.3541666666666667 0.9166666666666666 0.8541666666666666 2.0
44 7.593841374269005 1.2083333333333333 1.9166666666666667 1.0208333333333333 0.9791666666666666 1.3541666666666667 0.9166666666666666 0.8541666666666666 2.0
45 0.24749156039009748 1.8125 2.875 1.53125 1.46875 2.03125 1.375 1.28125 3.0
46 0.502576754385965 1.8125 2.875 1.53125 1.46875 2.03125 1.375 1.28125 3.0
47 11.660701017249005 1.2083333333333333 1.9166666666666667 1.0208333333333333 0.9791666666666666 1.3541666666666667 0.9166666666666666 0.8541666666666666 2.0
48 2.372637992038921 1.8125 2.875 1.53125 1.46875 2.03125 1.375 1.28125 3.0
49 3.0189560439560434 1.8125 2.875 1.53125 1.46875 2.03125 1.375 1.28125 3.0
50 53.0 1.2083333333333333 1.9166666666666667 1.0208333333333333 0.9791666666666666 1.3541666666666667 0.9166666666666666 0.8541666666666666 2.0
51 73.17242056793901 1.2083333333333333 1.9166666666666667 1.0208333333333333 0.9791666666666666 1.3541666666666667 0.9166666666666666 0.8541666666666666 2.0
52 4.4947368421052625 1.8125 2.875 1.53125 1.46875 2.03125 1.375 1.28125 3.0
53 10.529289473684209 1.8125 2.875 1.53125 1.46875 2.03125 1.375 1.28125 3.0
54 12.29010719981773 1.2083333333333333 1.9166666666666667 1.0208333333333333 0.9791666666666666 1.3541666666666667 0.9166666666666666 0.8541666666666666 2.0
55 34.24475818834128 1.8125 2.875 1.53125 1.46875 2.03125 1.375 1.28125 3.0
56 9.240372234576567 1.8125 2.875 1.53125 1.46875 2.03125 1.375 1.28125 3.0
57 7.290635434397044 1.8125 2.875 1.53125 1.46875 2.03125 1.375 1.28125 3.0
58 37.88793876535141 1.8125 2.875 1.53125 1.46875 2.03125 1.375 1.28125 3.0
59 10.462768778335414 1.2083333333333333 1.9166666666666667 1.0208333333333333 0.9791666666666666 1.3541666666666667 0.9166666666666666 0.8541666666666666 2.0
60 34.953763808807075 1.8125 2.875 1.53125 1.46875 2.03125 1.375 1.28125 3.0
61 2.9138278293773654 1.8125 2.875 1.53125 1.46875 2.03125 1.375 1.28125 3.0
62 14.40259848484848 1.2083333333333333 1.9166666666666667 1.0208333333333333 0.9791666666666666 1.3541666666666667 0.9166666666666666 0.8541666666666666 2.0
63 2.137471804511278 1.8125 2.875 1.53125 1.46875 2.03125 1.375 1.28125 3.0
64 59.53112410670471 1.8125 2.875 1.53125 1.46875 2.03125 1.375 1.28125 3.0
65 47.278805764411025 1.8125 2.875 1.53125 1.46875 2.03125 1.375 1.28125 3.0
66 25.454585126337854 1.2083333333333333 1.9166666666666667 1.0208333333333333 0.9791666666666666 1.3541666666666667 0.9166666666666666 0.8541666666666666 2.0
67 35.067385458034835 1.8125 2.875 1.53125 1.46875 2.03125 1.375 1.28125 3.0
68 2.5760157152935514 1.2083333333333333 1.9166666666666667 1.0208333333333333 0.9791666666666666 1.3541666666666667 0.9166666666666666 0.8541666666666666 2.0
69 27.452292467948716 1.8125 2.875 1.53125 1.46875 2.03125 1.375 1.28125 3.0
70 5.808583465597618 1.8125 2.875 1.53125 1.46875 2.03125 1.375 1.28125 3.0
71 10.756280880773362 1.8125 2.875 1.53125 1.46875 2.03125 1.375 1.28125 3.0
72 1.050515109890109 1.8125 2.875 1.53125 1.46875 2.03125 1.375 1.28125 3.0
73 79.0 1.8125 2.875 1.53125 1.46875 2.03125 1.375 1.28125 3.0
74 30.428106250474666 1.2083333333333333 1.9166666666666667 1.0208333333333333 0.9791666666666666 1.3541666666666667 0.9166666666666666 0.8541666666666666 2.0
75 57.0 1.2083333333333333 1.9166666666666667 1.0208333333333333 0.9791666666666666 1.3541666666666667 0.9166666666666666 0.8541666666666666 2.0
76 65.0 1.2083333333333333 1.9166666666666667 1.0208333333333333 0.9791666666666666 1.3541666666666667 0.9166666666666666 0.8541666666666666 2.0
77 43.92972735309027 1.2083333333333333 1.9166666666666667 1.0208333333333333 0.9791666666666666 1.3541666666666667 0.9166666666666666 0.8541666666666666 2.0
78 46.83921416749423 1.8125 2.875 1.53125 1.46875 2.03125 1.375 1.28125 3.0
79 35.14515792662645 1.2083333333333333 1.9166666666666667 1.0208333333333333 0.9791666666666666 1.3541666666666667 0.9166666666666666 0.8541666666666666 2.0
80 26.348491837702362 1.2083333333333333 1.9166666666666667 1.0208333333333333 0.9791666666666666 1.3541666666666667 0.9166666666666666 0.8541666666666666 2.0
81 15.320656989237676 1.8125 2.875 1.53125 1.46875 2.03125 1.375 1.28125 3.0
82 21.441643467162777 1.2083333333333333 1.9166666666666667 1.0208333333333333 0.9791666666666666 1.3541666666666667 0.9166666666666666 0.8541666666666666 2.0
83 6.129029902342062 1.2083333333333333 1.9166666666666667 1.0208333333333333 0.9791666666666666 1.3541666666666667 0.9166666666666666 0.8541666666666666 2.0
84 8.056139740121067 1.8125 2.875 1.53125 1.46875 2.03125 1.375 1.28125 3.0
85 4.937502113342801 1.8125 2.875 1.53125 1.46875 2.03125 1.375 1.28125 3.0
86 3.7700652031147395 1.2083333333333333 1.9166666666666667 1.0208333333333333 0.9791666666666666 1.3541666666666667 0.9166666666666666 0.8541666666666666 2.0
87 7.240734986504727 1.8125 2.875 1.53125 1.46875 2.03125 1.375 1.28125 3.0
88 40.72803571428571 1.2083333333333333 1.9166666666666667 1.0208333333333333 0.9791666666666666 1.3541666666666667 0.9166666666666666 0.8541666666666666 2.0
89 10.633468285975601 1.2083333333333333 1.9166666666666667 1.0208333333333333 0.9791666666666666 1.3541666666666667 0.9166666666666666 0.8541666666666666 2.0
90 2.689291802200537 1.8125 2.875 1.53125 1.46875 2.03125 1.375 1.28125 3.0
91 0.5090149008478262 1.8125 2.875 1.53125 1.46875 2.03125 1.375 1.28125 3.0
92 43.164432644110285 1.2083333333333333 1.9166666666666667 1.0208333333333333 0.9791666666666666 1.3541666666666667 0.9166666666666666 0.8541666666666666 2.0
93 32.67251685363141 1.8125 2.875 1.53125 1.46875 2.03125 1.375 1.28125 3.0
94 8.069413574042057 1.2083333333333333 1.9166666666666667 1.0208333333333333 0.9791666666666666 1.3541666666666667 0.9166666666666666 0.8541666666666666 2.0
95 64.0 1.8125 2.875 1.53125 1.46875 2.03125 1.375 1.28125 3.0
96 28.955185403123792 1.8125 2.875 1.53125 1.46875 2.03125 1.375 1.28125 3.0
97 10.167312981496146 1.8125 2.875 1.53125 1.46875 2.03125 1.375 1.28125 3.0
98 24.802824789938242 1.8125 2.875 1.53125 1.46875 2.03125 1.375 1.28125 3.0
99 0.9725552200357138 1.2083333333333333 1.9166666666666667 1.0208333333333333 0.9791666666666666 1.3541666666666667 0.9166666666666666 0.8541666666666666 2.0
100 9.797263010467343 1.8125 2.875 1.53125 1.46875 2.03125 1.375 1.28125 3.0
101 2.5481811145510838 1.2083333333333333 1.9166666666666667 1.0208333333333333 0.9791666666666666 1.3541666666666667 0.9166666666666666 0.8541666666666666 2.0
102 0.4886807928913192 1.8125 2.875 1.53125 1.46875 2.03125 1.375 1.28125 3.0
103 19.86126800090938 1.2083333333333333 1.9166666666666667 1.0208333333333333 0.9791666666666666 1.3541666666666667 0.9166666666666666 0.8541666666666666 2.0
104 12.081984126984128 1.2083333333333333 1.9166666666666667 1.0208333333333333 0.9791666666666666 1.3541666666666667 0.9166666666666666 0.8541666666666666 2.0
105 24.0 1.8125 2.875 1.53125 1.46875 2.03125 1.375 1.28125 3.0
106 43.497614261503486 1.8125 2.875 1.53125 1.46875 2.03125 1.375 1.28125 3.0
107 71.15998402239379 1.8125 2.875 1.53125 1.46875 2.03125 1.375 1.28125 3.0
108 23.49044068504595 1.8125 2.875 1.53125 1.46875 2.03125 1.375 1.28125 3.0
109 12.421744966606305 1.2083333333333333 1.9166666666666667 1.0208333333333333 0.9791666666666666 1.3541666666666667 0.9166666666666666 0.8541666666666666 2.0
110 18.02838419698566 1.8125 2.875 1.53125 1.46875 2.03125 1.375 1.28125 3.0
111 38.057850685558165 1.2083333333333333 1.9166666666666667 1.0208333333333333 0.9791666666666666 1.3541666666666667 0.9166666666666666 0.8541666666666666 2.0
112 23.0 1.2083333333333333 1.9166666666666667 1.0208333333333333 0.9791666666666666 1.3541666666666667 0.9166666666666666 0.8541666666666666 2.0
113 6.773462274466923 1.8125 2.875 1.53125 1.46875 2.03125 1.375 1.28125 3.0
114 1.4951726190476187 1.8125 2.875 1.53125 1.46875 2.03125 1.375 1.28125 3.0
115 5.520362509271244 1.8125 2.875 1.53125 1.46875 2.03125 1.375 1.28125 3.0
116 4.306991342149212 1.2083333333333333 1.9166666666666667 1.0208333333333333 0.9791666666666666 1.3541666666666667 0.9166666666666666 0.8541666666666666 2.0
117 32.117040048413756 1.8125 2.875 1.53125 1.46875 2.03125 1.375 1.28125 3.0
118 22.345174200201598 1.8125 2.875 1.53125 1.46875 2.03125 1.375 1.28125 3.0
119 5.390112781954886 1.2083333333333333 1.9166666666666667 1.0208333333333333 0.9791666666666666 1.3541666666666667 0.9166666666666666 0.8541666666666666 2.0
120 7.826945486321167 1.8125 2.875 1.53125 1.46875 2.03125 1.375 1.28125 3.0
121 0.6922301157305029 1.8125 2.875 1.53125 1.46875 2.03125 1.375 1.28125 3.0
122 6.917369218500799 1.2083333333333333 1.9166666666666667 1.0208333333333333 0.9791666666666666 1.3541666666666667 0.9166666666666666 0.8541666666666666 2.0
123 4.79211199665174 1.8125 2.875 1.53125 1.46875 2.03125 1.375 1.28125 3.0
124 1.7021052631578948 1.2083333333333333 1.9166666666666667 1.0208333333333333 0.9791666666666666 1.3541666666666667 0.9166666666666666 0.8541666666666666 2.0
125 97.0 1.2083333333333333 1.9166666666666667 1.0208333333333333 0.9791666666666666 1.3541666666666667 0.9166666666666666 0.8541666666666666 2.0
126 0.7162322974036189 1.8125 2.875 1.53125 1.46875 2.03125 1.375 1.28125 3.0
127 1.650063942745117 1.8125 2.875 1.53125 1.46875 2.03125 1.375 1.28125 3.0
128 0.6623873588287008 1.8125 2.875 1.53125 1.46875 2.03125 1.375 1.28125 3.0
129 5.718582262435527 1.2083333333333333 1.9166666666666667 1.0208333333333333 0.9791666666666666 1.3541666666666667 0.9166666666666666 0.8541666666666666 2.0
130 0.9783842969344461 1.8125 2.875 1.53125 1.46875 2.03125 1.375 1.28125 3.0
131 11.656690775644078 1.8125 2.875 1.53125 1.46875 2.03125 1.375 1.28125 3.0
132 41.48148564369926 1.2083333333333333 1.9166666666666667 1.0208333333333333 0.9791666666666666 1.3541666666666667 0.9166666666666666 0.8541666666666666 2.0
133 1.6698659673659677 1.8125 2.875 1.53125 1.46875 2.03125 1.375 1.28125 3.0
134 17.602307845084418 1.2083333333333333 1.9166666666666667 1.0208333333333333 0.9791666666666666 1.3541666666666667 0.9166666666666666 0.8541666666666666 2.0
135 39.13535245598266 1.8125 2.875 1.53125 1.46875 2.03125 1.375 1.28125 3.0
136 12.967865307207417 1.8125 2.875 1.53125 1.46875 2.03125 1.375 1.28125 3.0
137 20.81633367509684 1.2083333333333333 1.9166666666666667 1.0208333333333333 0.9791666666666666 1.3541666666666667 0.9166666666666666 0.8541666666666666 2.0
138 51.89961334872865 1.2083333333333333 1.9166666666666667 1.0208333333333333 0.9791666666666666 1.3541666666666667 0.9166666666666666 0.8541666666666666 2.0
139 33.977235077282614 1.2083333333333333 1.9166666666666667 1.0208333333333333 0.9791666666666666 1.3541666666666667 0.9166666666666666 0.8541666666666666 2.0
140 9.655236158854292 1.2083333333333333 1.9166666666666667 1.0208333333333333 0.9791666666666666 1.3541666666666667 0.9166666666666666 0.8541666666666666 2.0
141 33.041617336993276 1.2083333333333333 1.9166666666666667 1.0208333333333333 0.9791666666666666 1.3541666666666667 0.9166666666666666 0.8541666666666666 2.0
142 9.190881426539324 1.2083333333333333 1.9166666666666667 1.0208333333333333 0.9791666666666666 1.3541666666666667 0.9166666666666666 0.8541666666666666 2.0
143 35.0 1.8125 2.875 1.53125 1.46875 2.03125 1.375 1.28125 3.0
144 13.35234114872364 1.8125 2.875 1.53125 1.46875 2.03125 1.375 1.28125 3.0
145 0.734699145154754 1.2083333333333333 1.9166666666666667 1.0208333333333333 0.9791666666666666 1.3541666666666667 0.9166666666666666 0.8541666666666666 2.0
146 34.883252036878204 1.8125 2.875 1.53125 1.46875 2.03125 1.375 1.28125 3.0
147 67.64464790725582 1.2083333333333333 1.9166666666666667 1.0208333333333333 0.9791666666666666 1.3541666666666667 0.9166666666666666 0.8541666666666666 2.0
148 1.9339360902255642 1.2083333333333333 1.9166666666666667 1.0208333333333333 0.9791666666666666 1.3541666666666667 0.9166666666666666 0.8541666666666666 2.0
149 69.0 1.8125 2.875 1.53125 1.46875 2.03125 1.375 1.28125 3.0
150 11.471608187134501 1.2083333333333333 1.9166666666666667 1.0208333333333333 0.9791666666666666 1.3541666666666667 0.9166666666666666 0.8541666666666666 2.0
151 3.4126901068621938 1.8125 2.875 1.53125 1.46875 2.03125 1.375 1.28125 3.0
152 7.544887033760872 1.8125 2.875 1.53125 1.46875 2.03125 1.375 1.28125 3.0
153 36.80865248222058 1.8125 2.875 1.53125 1.46875 2.03125 1.375 1.28125 3.0
154 17.74664032337054 1.8125 2.875 1.53125 1.46875 2.03125 1.375 1.28125 3.0
155 9.749537280701755 1.2083333333333333 1.9166666666666667 1.0208333333333333 0.9791666666666666 1.3541666666666667 0.9166666666666666 0.8541666666666666 2.0
156 4.577855430213984 1.8125 2.875 1.53125 1.46875 2.03125 1.375 1.28125 3.0
157 2.6822327334139957 1.8125 2.875 1.53125 1.46875 2.03125 1.375 1.28125 3.0
158 28.825007598784197 1.2083333333333333 1.9166666666666667 1.0208333333333333 0.9791666666666666 1.3541666666666667 0.9166666666666666 0.8541666666666666 2.0
159 34.46313695289437 1.8125 2.875 1.53125 1.46875 2.03125 1.375 1.28125 3.0
160 21.59917879805898 1.8125 2.875 1.53125 1.46875 2.03125 1.375 1.28125 3.0
161 34.297247322852584 1.8125 2.875 1.53125 1.46875 2.03125 1.375 1.28125 3.0
162 5.875564097647898 1.2083333333333333 1.9166666666666667 1.0208333333333333 0.9791666666666666 1.3541666666666667 0.9166666666666666 0.8541666666666666 2.0
163 5.874450228134437 1.8125 2.875 1.53125 1.46875 2.03125 1.375 1.28125 3.0
164 20.96993564846279 1.2083333333333333 1.9166666666666667 1.0208333333333333 0.9791666666666666 1.3541666666666667 0.9166666666666666 0.8541666666666666 2.0
165 45.44077457475336 1.8125 2.875 1.53125 1.46875 2.03125 1.375 1.28125 3.0
166 49.7811452256625 1.8125 2.875 1.53125 1.46875 2.03125 1.375 1.28125 3.0
167 52.81839977754912 1.2083333333333333 1.9166666666666667 1.0208333333333333 0.9791666666666666 1.3541666666666667 0.9166666666666666 0.8541666666666666 2.0
168 46.83165392759975 1.8125 2.875 1.53125 1.46875 2.03125 1.375 1.28125 3.0
169 2.867301505769772 1.2083333333333333 1.9166666666666667 1.0208333333333333 0.9791666666666666 1.3541666666666667 0.9166666666666666 0.8541666666666666 2.0
170 13.74578947368421 1.8125 2.875 1.53125 1.46875 2.03125 1.375 1.28125 3.0
171 7.70544966138751 1.8125 2.875 1.53125 1.46875 2.03125 1.375 1.28125 3.0
172 11.094117647058827 1.2083333333333333 1.9166666666666667 1.0208333333333333 0.9791666666666666 1.3541666666666667 0.9166666666666666 0.8541666666666666 2.0
173 41.84006327370404 1.8125 2.875 1.53125 1.46875 2.03125 1.375 1.28125 3.0
174 52.13939483039341 1.8125 2.875 1.53125 1.46875 2.03125 1.375 1.28125 3.0
175 9.25522112677938 1.2083333333333333 1.9166666666666667 1.0208333333333333 0.9791666666666666 1.3541666666666667 0.9166666666666666 0.8541666666666666 2.0
176 17.505344040705886 1.8125 2.875 1.53125 1.46875 2.03125 1.375 1.28125 3.0
177 20.20860584439106 1.8125 2.875 1.53125 1.46875 2.03125 1.375 1.28125 3.0
178 3.062172514619883 1.8125 2.875 1.53125 1.46875 2.03125 1.375 1.28125 3.0
179 10.60020006633779 1.8125 2.875 1.53125 1.46875 2.03125 1.375 1.28125 3.0
180 18.263351472366566 1.2083333333333333 1.9166666666666667 1.0208333333333333 0.9791666666666666 1.3541666666666667 0.9166666666666666 0.8541666666666666 2.0
181 10.703707976260954 1.8125 2.875 1.53125 1.46875 2.03125 1.375 1.28125 3.0
182 18.658974565577992 1.2083333333333333 1.9166666666666667 1.0208333333333333 0.9791666666666666 1.3541666666666667 0.9166666666666666 0.8541666666666666 2.0
183 1.1714285714285713 1.8125 2.875 1.53125 1.46875 2.03125 1.375 1.28125 3.0
184 20.944442942483256 1.2083333333333333 1.9166666666666667 1.0208333333333333 0.9791666666666666 1.3541666666666667 0.9166666666666666 0.8541666666666666 2.0
185 10.700866231042502 1.2083333333333333 1.9166666666666667 1.0208333333333333 0.9791666666666666 1.3541666666666667 0.9166666666666666 0.8541666666666666 2.0
186 21.862687222946665 1.8125 2.875 1.53125 1.46875 2.03125 1.375 1.28125 3.0
187 1.1596927791645413 1.2083333333333333 1.9166666666666667 1.0208333333333333 0.9791666666666666 1.3541666666666667 0.9166666666666666 0.8541666666666666 2.0
188 9.16621198568873 1.8125 2.875 1.53125 1.46875 2.03125 1.375 1.28125 3.0
189 8.764571625798737 1.2083333333333333 1.9166666666666667 1.0208333333333333 0.9791666666666666 1.3541666666666667 0.9166666666666666 0.8541666666666666 2.0
190 6.95030598765166 1.8125 2.875 1.53125 1.46875 2.03125 1.375 1.28125 3.0
191 2.1025269541778977 1.2083333333333333 1.9166666666666667 1.0208333333333333 0.9791666666666666 1.3541666666666667 0.9166666666666666 0.8541666666666666 2.0
192 48.0 1.2083333333333333 1.9166666666666667 1.0208333333333333 0.9791666666666666 1.3541666666666667 0.9166666666666666 0.8541666666666666 2.0
193 6.687182795698927 1.2083333333333333 1.9166666666666667 1.0208333333333333 0.9791666666666666 1.3541666666666667 0.9166666666666666 0.8541666666666666 2.0
194 9.706394440321473 1.8125 2.875 1.53125 1.46875 2.03125 1.375 1.28125 3.0
195 29.48295698329676 1.8125 2.875 1.53125 1.46875 2.03125 1.375 1.28125 3.0
196 57.07291251506423 1.2083333333333333 1.9166666666666667 1.0208333333333333 0.9791666666666666 1.3541666666666667 0.9166666666666666 0.8541666666666666 2.0
197 20.31129032258065 1.2083333333333333 1.9166666666666667 1.0208333333333333 0.9791666666666666 1.3541666666666667 0.9166666666666666 0.8541666666666666 2.0
198 2.7748106060606057 1.8125 2.875 1.53125 1.46875 2.03125 1.375 1.28125 3.0
199 40.774028928728136 1.8125 2.875 1.53125 1.46875 2.03125 1.375 1.28125 3.0
200 11.39946431586989 1.8125 2.875 1.53125 1.46875 2.03125 1.375 1.28125 3.0
201 7.83422412090833 1.8125 2.875 1.53125 1.46875 2.03125 1.375 1.28125 3.0
202 4.431676094396886 1.8125 2.875 1.53125 1.46875 2.03125 1.375 1.28125 3.0
203 35.85947285151877 1.8125 2.875 1.53125 1.46875 2.03125 1.375 1.28125 3.0
204 7.386432498358198 1.2083333333333333 1.9166666666666667 1.0208333333333333 0.9791666666666666 1.3541666666666667 0.9166666666666666 0.8541666666666666 2.0
205 8.730876263022575 1.2083333333333333 1.9166666666666667 1.0208333333333333 0.9791666666666666 1.3541666666666667 0.9166666666666666 0.8541666666666666 2.0
206 30.619325171035694 1.8125 2.875 1.53125 1.46875 2.03125 1.375 1.28125 3.0
207 24.391876174812033 1.8125 2.875 1.53125 1.46875 2.03125 1.375 1.28125 3.0
208 35.93891258895903 1.2083333333333333 1.9166666666666667 1.0208333333333333 0.9791666666666666 1.3541666666666667 0.9166666666666666 0.8541666666666666 2.0
209 42.117049310999114 1.8125 2.875 1.53125 1.46875 2.03125 1.375 1.28125 3.0
210 1.6704337568058074 1.2083333333333333 1.9166666666666667 1.0208333333333333 0.9791666666666666 1.3541666666666667 0.9166666666666666 0.8541666666666666 2.0
211 31.506828876022418 1.2083333333333333 1.9166666666666667 1.0208333333333333 0.9791666666666666 1.3541666666666667 0.9166666666666666 0.8541666666666666 2.0
212 0.30025252525252516 1.2083333333333333 1.9166666666666667 1.0208333333333333 0.9791666666666666 1.3541666666666667 0.9166666666666666 0.8541666666666666 2.0
213 2.824193301740942 1.2083333333333333 1.9166666666666667 1.0208333333333333 0.9791666666666666 1.3541666666666667 0.9166666666666666 0.8541666666666666 2.0
214 7.5782602759507585 1.8125 2.875 1.53125 1.46875 2.03125 1.375 1.28125 3.0
215 30.61013023630505 1.2083333333333333 1.9166666666666667 1.0208333333333333 0.9791666666666666 1.3541666666666667 0.9166666666666666 0.8541666666666666 2.0
216 7.641309769521845 1.8125 2.875 1.53125 1.46875 2.03125 1.375 1.28125 3.0
217 42.42266082050527 1.2083333333333333 1.9166666666666667 1.0208333333333333 0.9791666666666666 1.3541666666666667 0.9166666666666666 0.8541666666666666 2.0
218 9.405806043347571 1.8125 2.875 1.53125 1.46875 2.03125 1.375 1.28125 3.0
219 4.1126598372566106 1.8125 2.875 1.53125 1.46875 2.03125 1.375 1.28125 3.0
220 7.995317776066641 1.8125 2.875 1.53125 1.46875 2.03125 1.375 1.28125 3.0
221 29.683182374541 1.2083333333333333 1.9166666666666667 1.0208333333333333 0.9791666666666666 1.3541666666666667 0.9166666666666666 0.8541666666666666 2.0
222 3.297361822108464 1.2083333333333333 1.9166666666666667 1.0208333333333333 0.9791666666666666 1.3541666666666667 0.9166666666666666 0.8541666666666666 2.0
223 4.112978453077138 1.8125 2.875 1.53125 1.46875 2.03125 1.375 1.28125 3.0
224 9.515143797537164 1.8125 2.875 1.53125 1.46875 2.03125 1.375 1.28125 3.0
225 11.610221372774125 1.8125 2.875 1.53125 1.46875 2.03125 1.375 1.28125 3.0
226 3.6271184210526317 1.2083333333333333 1.9166666666666667 1.0208333333333333 0.9791666666666666 1.3541666666666667 0.9166666666666666 0.8541666666666666 2.0
227 53.62562958967634 1.8125 2.875 1.53125 1.46875 2.03125 1.375 1.28125 3.0
228 18.192223562492416 1.8125 2.875 1.53125 1.46875 2.03125 1.375 1.28125 3.0
229 29.78858983409004 1.8125 2.875 1.53125 1.46875 2.03125 1.375 1.28125 3.0
230 6.578846153846155 1.8125 2.875 1.53125 1.46875 2.03125 1.375 1.28125 3.0
231 65.50776515098897 1.2083333333333333 1.9166666666666667 1.0208333333333333 0.9791666666666666 1.3541666666666667 0.9166666666666666 0.8541666666666666 2.0
232 35.11171109496683 1.8125 2.875 1.53125 1.46875 2.03125 1.375 1.28125 3.0
233 27.943629982165817 1.2083333333333333 1.9166666666666667 1.0208333333333333 0.9791666666666666 1.3541666666666667 0.9166666666666666 0.8541666666666666 2.0
234 14.747180717316168 1.2083333333333333 1.9166666666666667 1.0208333333333333 0.9791666666666666 1.3541666666666667 0.9166666666666666 0.8541666666666666 2.0
235 72.0 1.8125 2.875 1.53125 1.46875 2.03125 1.375 1.28125 3.0
236 10.10335387496758 1.8125 2.875 1.53125 1.46875 2.03125 1.375 1.28125 3.0
237 5.785761576245054 1.2083333333333333 1.9166666666666667 1.0208333333333333 0.9791666666666666 1.3541666666666667 0.9166666666666666 0.8541666666666666 2.0
238 49.0 1.8125 2.875 1.53125 1.46875 2.03125 1.375 1.28125 3.0
239 11.043593729394084 1.2083333333333333 1.9166666666666667 1.0208333333333333 0.9791666666666666 1.3541666666666667 0.9166666666666666 0.8541666666666666 2.0
240 2.076401494799731 1.8125 2.875 1.53125 1.46875 2.03125 1.375 1.28125 3.0
241 7.0753677113384015 1.8125 2.875 1.53125 1.46875 2.03125 1.375 1.28125 3.0
242 7.153023551525874 1.8125 2.875 1.53125 1.46875 2.03125 1.375 1.28125 3.0
243 24.118237454100363 1.8125 2.875 1.53125 1.46875 2.03125 1.375 1.28125 3.0
244 36.09045614184537 1.2083333333333333 1.9166666666666667 1.0208333333333333 0.9791666666666666 1.3541666666666667 0.9166666666666666 0.8541666666666666 2.0
245 35.352672163362946 1.2083333333333333 1.9166666666666667 1.0208333333333333 0.9791666666666666 1.3541666666666667 0.9166666666666666 0.8541666666666666 2.0
246 43.307719677867425 1.8125 2.875 1.53125 1.46875 2.03125 1.375 1.28125 3.0
247 18.56857843427695 1.2083333333333333 1.9166666666666667 1.0208333333333333 0.9791666666666666 1.3541666666666667 0.9166666666666666 0.8541666666666666 2.0
248 10.45426065162907 1.8125 2.875 1.53125 1.46875 2.03125 1.375 1.28125 3.0
249 13.534469182673686 1.2083333333333333 1.9166666666666667 1.0208333333333333 0.9791666666666666 1.3541666666666667 0.9166666666666666 0.8541666666666666 2.0
250 20.431689665768115 1.2083333333333333 1.9166666666666667 1.0208333333333333 0.9791666666666666 1.3541666666666667 0.9166666666666666 0.8541666666666666 2.0
251 10.728984602214087 1.8125 2.875 1.53125 1.46875 2.03125 1.375 1.28125 3.0
252 15.859920620836554 1.8125 2.875 1.53125 1.46875 2.03125 1.375 1.28125 3.0
253 19.226451891310443 1.8125 2.875 1.53125 1.46875 2.03125 1.375 1.28125 3.0
254 2.3713721804511283 1.8125 2.875 1.53125 1.46875 2.03125 1.375 1.28125 3.0
255 4.547018885039395 1.8125 2.875 1.53125 1.46875 2.03125 1.375 1.28125 3.0
256 25.801703870141722 1.2083333333333333 1.9166666666666667 1.0208333333333333 0.9791666666666666 1.3541666666666667 0.9166666666666666 0.8541666666666666 2.0
257 5.8215722635597835 1.2083333333333333 1.9166666666666667 1.0208333333333333 0.9791666666666666 1.3541666666666667 0.9166666666666666 0.8541666666666666 2.0
258 30.858788881117523 1.8125 2.875 1.53125 1.46875 2.03125 1.375 1.28125 3.0
259 21.696470664394713 1.2083333333333333 1.9166666666666667 1.0208333333333333 0.9791666666666666 1.3541666666666667 0.9166666666666666 0.8541666666666666 2.0
260 5.549670827710303 1.8125 2.875 1.53125 1.46875 2.03125 1.375 1.28125 3.0
261 8.981640948777173 1.2083333333333333 1.9166666666666667 1.0208333333333333 0.9791666666666666 1.3541666666666667 0.9166666666666666 0.8541666666666666 2.0
262 26.0 1.2083333333333333 1.9166666666666667 1.0208333333333333 0.9791666666666666 1.3541666666666667 0.9166666666666666 0.8541666666666666 2.0
263 26.393633128016763 1.8125 2.875 1.53125 1.46875 2.03125 1.375 1.28125 3.0
264 11.127485575788441 1.2083333333333333 1.9166666666666667 1.0208333333333333 0.9791666666666666 1.3541666666666667 0.9166666666666666 0.8541666666666666 2.0
265 12.24819964905394 1.8125 2.875 1.53125 1.46875 2.03125 1.375 1.28125 3.0
266 8.148549155150008 1.8125 2.875 1.53125 1.46875 2.03125 1.375 1.28125 3.0
267 22.365199161425576 1.8125 2.875 1.53125 1.46875 2.03125 1.375 1.28125 3.0
268 18.21946447243161 1.2083333333333333 1.9166666666666667 1.0208333333333333 0.9791666666666666 1.3541666666666667 0.9166666666666666 0.8541666666666666 2.0
269 12.265277086394148 1.8125 2.875 1.53125 1.46875 2.03125 1.375 1.28125 3.0
270 28.817214676476137 1.2083333333333333 1.9166666666666667 1.0208333333333333 0.9791666666666666 1.3541666666666667 0.9166666666666666 0.8541666666666666 2.0
271 41.083565986169354 1.2083333333333333 1.9166666666666667 1.0208333333333333 0.9791666666666666 1.3541666666666667 0.9166666666666666 0.8541666666666666 2.0
272 51.838764466199486 1.2083333333333333 1.9166666666666667 1.0208333333333333 0.9791666666666666 1.3541666666666667 0.9166666666666666 0.8541666666666666 2.0
273 5.988330467531476 1.8125 2.875 1.53125 1.46875 2.03125 1.375 1.28125 3.0
274 99.0 1.2083333333333333 1.9166666666666667 1.0208333333333333 0.9791666666666666 1.3541666666666667 0.9166666666666666 0.8541666666666666 2.0
275 34.59912634471652 1.2083333333333333 1.9166666666666667 1.0208333333333333 0.9791666666666666 1.3541666666666667 0.9166666666666666 0.8541666666666666 2.0
276 16.231564426984388 1.2083333333333333 1.9166666666666667 1.0208333333333333 0.9791666666666666 1.3541666666666667 0.9166666666666666 0.8541666666666666 2.0
277 19.444238037441618 1.2083333333333333 1.9166666666666667 1.0208333333333333 0.9791666666666666 1.3541666666666667 0.9166666666666666 0.8541666666666666 2.0
278 23.97724375276427 1.8125 2.875 1.53125 1.46875 2.03125 1.375 1.28125 3.0
279 17.640547692761313 1.2083333333333333 1.9166666666666667 1.0208333333333333 0.9791666666666666 1.3541666666666667 0.9166666666666666 0.8541666666666666 2.0
280 19.94011591478697 1.2083333333333333 1.9166666666666667 1.0208333333333333 0.9791666666666666 1.3541666666666667 0.9166666666666666 0.8541666666666666 2.0
281 18.969985836087364 1.8125 2.875 1.53125 1.46875 2.03125 1.375 1.28125 3.0
282 28.0 1.8125 2.875 1.53125 1.46875 2.03125 1.375 1.28125 3.0
283 0.3632738095238094 1.2083333333333333 1.9166666666666667 1.0208333333333333 0.9791666666666666 1.3541666666666667 0.9166666666666666 0.8541666666666666 2.0
284 20.60807823129252 1.2083333333333333 1.9166666666666667 1.0208333333333333 0.9791666666666666 1.3541666666666667 0.9166666666666666 0.8541666666666666 2.0
285 5.890201438694671 1.8125 2.875 1.53125 1.46875 2.03125 1.375 1.28125 3.0
286 21.9824703210393 1.2083333333333333 1.9166666666666667 1.0208333333333333 0.9791666666666666 1.3541666666666667 0.9166666666666666 0.8541666666666666 2.0
287 44.231819169373786 1.8125 2.875 1.53125 1.46875 2.03125 1.375 1.28125 3.0
288 5.084293448289777 1.2083333333333333 1.9166666666666667 1.0208333333333333 0.9791666666666666 1.3541666666666667 0.9166666666666666 0.8541666666666666 2.0
289 19.00913294052439 1.8125 2.875 1.53125 1.46875 2.03125 1.375 1.28125 3.0
290 10.881535634221894 1.8125 2.875 1.53125 1.46875 2.03125 1.375 1.28125 3.0
291 44.03092310000156 1.8125 2.875 1.53125 1.46875 2.03125 1.375 1.28125 3.0
292 14.68509641384938 1.8125 2.875 1.53125 1.46875 2.03125 1.375 1.28125 3.0
293 7.162769355453853 1.2083333333333333 1.9166666666666667 1.0208333333333333 0.9791666666666666 1.3541666666666667 0.9166666666666666 0.8541666666666666 2.0
294 1.8989155516554648 1.8125 2.875 1.53125 1.46875 2.03125 1.375 1.28125 3.0
295 1.993709415584416 1.8125 2.875 1.53125 1.46875 2.03125 1.375 1.28125 3.0
296 1.153030303030303 1.8125 2.875 1.53125 1.46875 2.03125 1.375 1.28125 3.0
297 14.892064925303941 1.8125 2.875 1.53125 1.46875 2.03125 1.375 1.28125 3.0
298 9.93450779727095 1.8125 2.875 1.53125 1.46875 2.03125 1.375 1.28125 3.0
299 11.911832078007711 1.2083333333333333 1.9166666666666667 1.0208333333333333 0.9791666666666666 1.3541666666666667 0.9166666666666666 0.8541666666666666 2.0
300 35.60034896063688 1.2083333333333333 1.9166666666666667 1.0208333333333333 0.9791666666666666 1.3541666666666667 0.9166666666666666 0.8541666666666666 2.0
301 23.83366767881599 1.8125 2.875 1.53125 1.46875 2.03125 1.375 1.28125 3.0
302 7.2798808467236205 1.8125 2.875 1.53125 1.46875 2.03125 1.375 1.28125 3.0
303 3.7990689039958165 1.2083333333333333 1.9166666666666667 1.0208333333333333 0.9791666666666666 1.3541666666666667 0.9166666666666666 0.8541666666666666 2.0
304 18.63487655515423 1.8125 2.875 1.53125 1.46875 2.03125 1.375 1.28125 3.0
305 1.755256064690027 1.8125 2.875 1.53125 1.46875 2.03125 1.375 1.28125 3.0
306 4.794550960735169 1.8125 2.875 1.53125 1.46875 2.03125 1.375 1.28125 3.0
307 6.1867114343289575 1.2083333333333333 1.9166666666666667 1.0208333333333333 0.9791666666666666 1.3541666666666667 0.9166666666666666 0.8541666666666666 2.0
308 9.016657173437574 1.2083333333333333 1.9166666666666667 1.0208333333333333 0.9791666666666666 1.3541666666666667 0.9166666666666666 0.8541666666666666 2.0
309 1.2553005027130082 1.8125 2.875 1.53125 1.46875 2.03125 1.375 1.28125 3.0
310 3.4986807884659683 1.2083333333333333 1.9166666666666667 1.0208333333333333 0.9791666666666666 1.3541666666666667 0.9166666666666666 0.8541666666666666 2.0
311 6.482436314947211 1.8125 2.875 1.53125 1.46875 2.03125 1.375 1.28125 3.0
312 16.952206688596487 1.8125 2.875 1.53125 1.46875 2.03125 1.375 1.28125 3.0
313 2.3731478321757287 1.2083333333333333 1.9166666666666667 1.0208333333333333 0.9791666666666666 1.3541666666666667 0.9166666666666666 0.8541666666666666 2.0
314 6.439597523219814 1.8125 2.875 1.53125 1.46875 2.03125 1.375 1.28125 3.0
315 12.02499781874472 1.2083333333333333 1.9166666666666667 1.0208333333333333 0.9791666666666666 1.3541666666666667 0.9166666666666666 0.8541666666666666 2.0
316 36.14128143362608 1.2083333333333333 1.9166666666666667 1.0208333333333333 0.9791666666666666 1.3541666666666667 0.9166666666666666 0.8541666666666666 2.0
317 28.0 1.2083333333333333 1.9166666666666667 1.0208333333333333 0.9791666666666666 1.3541666666666667 0.9166666666666666 0.8541666666666666 2.0
318 33.12402874834145 1.2083333333333333 1.9166666666666667 1.0208333333333333 0.9791666666666666 1.3541666666666667 0.9166666666666666 0.8541666666666666 2.0
319 24.551319032816966 1.2083333333333333 1.9166666666666667 1.0208333333333333 0.9791666666666666 1.3541666666666667 0.9166666666666666 0.8541666666666666 2.0
320 21.99193785746417 1.2083333333333333 1.9166666666666667 1.0208333333333333 0.9791666666666666 1.3541666666666667 0.9166666666666666 0.8541666666666666 2.0
321 26.224180139892205 1.2083333333333333 1.9166666666666667 1.0208333333333333 0.9791666666666666 1.3541666666666667 0.9166666666666666 0.8541666666666666 2.0
322 6.981636237971829 1.2083333333333333 1.9166666666666667 1.0208333333333333 0.9791666666666666 1.3541666666666667 0.9166666666666666 0.8541666666666666 2.0
323 20.199477028131827 1.8125 2.875 1.53125 1.46875 2.03125 1.375 1.28125 3.0
324 18.83870993589743 1.8125 2.875 1.53125 1.46875 2.03125 1.375 1.28125 3.0
325 0.9487500000000001 1.2083333333333333 1.9166666666666667 1.0208333333333333 0.9791666666666666 1.3541666666666667 0.9166666666666666 0.8541666666666666 2.0
326 37.0 1.2083333333333333 1.9166666666666667 1.0208333333333333 0.9791666666666666 1.3541666666666667 0.9166666666666666 0.8541666666666666 2.0
327 32.69106875240609 1.8125 2.875 1.53125 1.46875 2.03125 1.375 1.28125 3.0
328 1.4092105263157892 1.2083333333333333 1.9166666666666667 1.0208333333333333 0.9791666666666666 1.3541666666666667 0.9166666666666666 0.8541666666666666 2.0
329 30.24821318447635 1.2083333333333333 1.9166666666666667 1.0208333333333333 0.9791666666666666 1.3541666666666667 0.9166666666666666 0.8541666666666666 2.0
330 16.221567502986865 1.2083333333333333 1.9166666666666667 1.0208333333333333 0.9791666666666666 1.3541666666666667 0.9166666666666666 0.8541666666666666 2.0
331 33.15477130466292 1.2083333333333333 1.9166666666666667 1.0208333333333333 0.9791666666666666 1.3541666666666667 0.9166666666666666 0.8541666666666666 2.0
332 82.0 1.8125 2.875 1.53125 1.46875 2.03125 1.375 1.28125 3.0
333 2.3424488133594945 1.2083333333333333 1.9166666666666667 1.0208333333333333 0.9791666666666666 1.3541666666666667 0.9166666666666666 0.8541666666666666 2.0
334 1.9906080933170713 1.2083333333333333 1.9166666666666667 1.0208333333333333 0.9791666666666666 1.3541666666666667 0.9166666666666666 0.8541666666666666 2.0
335 2.044557034143391 1.8125 2.875 1.53125 1.46875 2.03125 1.375 1.28125 3.0
336 4.535457516339869 1.2083333333333333 1.9166666666666667 1.0208333333333333 0.9791666666666666 1.3541666666666667 0.9166666666666666 0.8541666666666666 2.0
337 1.2148408739450174 1.8125 2.875 1.53125 1.46875 2.03125 1.375 1.28125 3.0
338 4.985899557439659 1.2083333333333333 1.9166666666666667 1.0208333333333333 0.9791666666666666 1.3541666666666667 0.9166666666666666 0.8541666666666666 2.0
339 2.514639003013762 1.8125 2.875 1.53125 1.46875 2.03125 1.375 1.28125 3.0
340 15.896382728309238 1.2083333333333333 1.9166666666666667 1.0208333333333333 0.9791666666666666 1.3541666666666667 0.9166666666666666 0.8541666666666666 2.0
341 22.9528210985351 1.8125 2.875 1.53125 1.46875 2.03125 1.375 1.28125 3.0
342 3.9189478856338957 1.8125 2.875 1.53125 1.46875 2.03125 1.375 1.28125 3.0
343 9.73874589231305 1.8125 2.875 1.53125 1.46875 2.03125 1.375 1.28125 3.0
344 1.0375498512443124 1.8125 2.875 1.53125 1.46875 2.03125 1.375 1.28125 3.0
345 92.0 1.8125 2.875 1.53125 1.46875 2.03125 1.375 1.28125 3.0
346 10.622419093634262 1.8125 2.875 1.53125 1.46875 2.03125 1.375 1.28125 3.0
347 1.1126843079989874 1.8125 2.875 1.53125 1.46875 2.03125 1.375 1.28125 3.0
348 5.097765700483091 1.2083333333333333 1.9166666666666667 1.0208333333333333 0.9791666666666666 1.3541666666666667 0.9166666666666666 0.8541666666666666 2.0
349 0.7281961957031617 1.2083333333333333 1.9166666666666667 1.0208333333333333 0.9791666666666666 1.3541666666666667 0.9166666666666666 0.8541666666666666 2.0
350 1.3703398744813147 1.8125 2.875 1.53125 1.46875 2.03125 1.375 1.28125 3.0
351 2.765996240601504 1.2083333333333333 1.9166666666666667 1.0208333333333333 0.9791666666666666 1.3541666666666667 0.9166666666666666 0.8541666666666666 2.0
352 19.199317545199907 1.8125 2.875 1.53125 1.46875 2.03125 1.375 1.28125 3.0
353 0.35590389185977434 1.8125 2.875 1.53125 1.46875 2.03125 1.375 1.28125 3.0
354 17.084023233469612 1.8125 2.875 1.53125 1.46875 2.03125 1.375 1.28125 3.0
355 29.452711361737677 1.8125 2.875 1.53125 1.46875 2.03125 1.375 1.28125 3.0
356 25.878153693129896 1.2083333333333333 1.9166666666666667 1.0208333333333333 0.9791666666666666 1.3541666666666667 0.9166666666666666 0.8541666666666666 2.0
357 6.497094298245615 1.8125 2.875 1.53125 1.46875 2.03125 1.375 1.28125 3.0
358 2.9367063492063488 1.2083333333333333 1.9166666666666667 1.0208333333333333 0.9791666666666666 1.3541666666666667 0.9166666666666666 0.8541666666666666 2.0
359 4.321605430213985 1.2083333333333333 1.9166666666666667 1.0208333333333333 0.9791666666666666 1.3541666666666667 0.9166666666666666 0.8541666666666666 2.0
360 16.03389214244695 1.2083333333333333 1.9166666666666667 1.0208333333333333 0.9791666666666666 1.3541666666666667 0.9166666666666666 0.8541666666666666 2.0
361 51.0 1.2083333333333333 1.9166666666666667 1.0208333333333333 0.9791666666666666 1.3541666666666667 0.9166666666666666 0.8541666666666666 2.0
362 2.6823117059891106 1.2083333333333333 1.9166666666666667 1.0208333333333333 0.9791666666666666 1.3541666666666667 0.9166666666666666 0.8541666666666666 2.0
363 1.1260493447993447 1.8125 2.875 1.53125 1.46875 2.03125 1.375 1.28125 3.0
364 37.0 1.8125 2.875 1.53125 1.46875 2.03125 1.375 1.28125 3.0
365 4.1487488038277505 1.8125 2.875 1.53125 1.46875 2.03125 1.375 1.28125 3.0
366 0.10470430107526885 1.8125 2.875 1.53125 1.46875 2.03125 1.375 1.28125 3.0
367 34.679510092820095 1.8125 2.875 1.53125 1.46875 2.03125 1.375 1.28125 3.0
368 12.249902146930005 1.8125 2.875 1.53125 1.46875 2.03125 1.375 1.28125 3.0
369 99.0 1.2083333333333333 1.9166666666666667 1.0208333333333333 0.9791666666666666 1.3541666666666667 0.9166666666666666 0.8541666666666666 2.0
370 14.84655017921147 1.2083333333333333 1.9166666666666667 1.0208333333333333 0.9791666666666666 1.3541666666666667 0.9166666666666666 0.8541666666666666 2.0
371 4.9766404901642805 1.8125 2.875 1.53125 1.46875 2.03125 1.375 1.28125 3.0
372 33.0 1.8125 2.875 1.53125 1.46875 2.03125 1.375 1.28125 3.0
373 31.0 1.2083333333333333 1.9166666666666667 1.0208333333333333 0.9791666666666666 1.3541666666666667 0.9166666666666666 0.8541666666666666 2.0
374 3.2844030530872637 1.8125 2.875 1.53125 1.46875 2.03125 1.375 1.28125 3.0
375 9.839400584795323 1.2083333333333333 1.9166666666666667 1.0208333333333333 0.9791666666666666 1.3541666666666667 0.9166666666666666 0.8541666666666666 2.0
376 6.618026653171391 1.2083333333333333 1.9166666666666667 1.0208333333333333 0.9791666666666666 1.3541666666666667 0.9166666666666666 0.8541666666666666 2.0
377 10.926645587527938 1.2083333333333333 1.9166666666666667 1.0208333333333333 0.9791666666666666 1.3541666666666667 0.9166666666666666 0.8541666666666666 2.0
378 12.568254785658876 1.2083333333333333 1.9166666666666667 1.0208333333333333 0.9791666666666666 1.3541666666666667 0.9166666666666666 0.8541666666666666 2.0
379 14.547953371117627 1.8125 2.875 1.53125 1.46875 2.03125 1.375 1.28125 3.0
380 15.608659748403062 1.8125 2.875 1.53125 1.46875 2.03125 1.375 1.28125 3.0
381 24.735519279482126 1.8125 2.875 1.53125 1.46875 2.03125 1.375 1.28125 3.0
382 32.0 1.2083333333333333 1.9166666666666667 1.0208333333333333 0.9791666666666666 1.3541666666666667 0.9166666666666666 0.8541666666666666 2.0
383 0.4718253968253971 1.2083333333333333 1.9166666666666667 1.0208333333333333 0.9791666666666666 1.3541666666666667 0.9166666666666666 0.8541666666666666 2.0
384 10.343608597285067 1.2083333333333333 1.9166666666666667 1.0208333333333333 0.9791666666666666 1.3541666666666667 0.9166666666666666 0.8541666666666666 2.0
385 0.8109473275898689 1.8125 2.875 1.53125 1.46875 2.03125 1.375 1.28125 3.0
386 6.212997358260516 1.2083333333333333 1.9166666666666667 1.0208333333333333 0.9791666666666666 1.3541666666666667 0.9166666666666666 0.8541666666666666 2.0
387 94.0 1.8125 2.875 1.53125 1.46875 2.03125 1.375 1.28125 3.0
388 36.979884894675266 1.8125 2.875 1.53125 1.46875 2.03125 1.375 1.28125 3.0
389 3.9291666666666663 1.2083333333333333 1.9166666666666667 1.0208333333333333 0.9791666666666666 1.3541666666666667 0.9166666666666666 0.8541666666666666 2.0
390 21.146574390521753 1.2083333333333333 1.9166666666666667 1.0208333333333333 0.9791666666666666 1.3541666666666667 0.9166666666666666 0.8541666666666666 2.0
391 18.064684550056068 1.2083333333333333 1.9166666666666667 1.0208333333333333 0.9791666666666666 1.3541666666666667 0.9166666666666666 0.8541666666666666 2.0
392 5.558512544802867 1.2083333333333333 1.9166666666666667 1.0208333333333333 0.9791666666666666 1.3541666666666667 0.9166666666666666 0.8541666666666666 2.0
393 8.19180107526882 1.8125 2.875 1.53125 1.46875 2.03125 1.375 1.28125 3.0
394 4.4539424423615595 1.8125 2.875 1.53125 1.46875 2.03125 1.375 1.28125 3.0
395 24.090575800119918 1.8125 2.875 1.53125 1.46875 2.03125 1.375 1.28125 3.0
396 12.850077399380803 1.8125 2.875 1.53125 1.46875 2.03125 1.375 1.28125 3.0
397 2.267771604255738 1.8125 2.875 1.53125 1.46875 2.03125 1.375 1.28125 3.0
398 12.606464627593324 1.8125 2.875 1.53125 1.46875 2.03125 1.375 1.28125 3.0
399 26.599806952020575 1.2083333333333333 1.9166666666666667 1.0208333333333333 0.9791666666666666 1.3541666666666667 0.9166666666666666 0.8541666666666666 2.0
400 7.497223067559346 1.8125 2.875 1.53125 1.46875 2.03125 1.375 1.28125 3.0
401 8.00984656408463 1.8125 2.875 1.53125 1.46875 2.03125 1.375 1.28125 3.0
402 0.8751439674142049 1.2083333333333333 1.9166666666666667 1.0208333333333333 0.9791666666666666 1.3541666666666667 0.9166666666666666 0.8541666666666666 2.0
403 84.0 1.8125 2.875 1.53125 1.46875 2.03125 1.375 1.28125 3.0
404 17.10138113139993 1.8125 2.875 1.53125 1.46875 2.03125 1.375 1.28125 3.0
405 14.938940021014671 1.8125 2.875 1.53125 1.46875 2.03125 1.375 1.28125 3.0
406 2.5861702127659574 1.2083333333333333 1.9166666666666667 1.0208333333333333 0.9791666666666666 1.3541666666666667 0.9166666666666666 0.8541666666666666 2.0
407 6.214904420549582 1.2083333333333333 1.9166666666666667 1.0208333333333333 0.9791666666666666 1.3541666666666667 0.9166666666666666 0.8541666666666666 2.0
408 10.109336677254632 1.8125 2.875 1.53125 1.46875 2.03125 1.375 1.28125 3.0
409 1.6340064548162858 1.2083333333333333 1.9166666666666667 1.0208333333333333 0.9791666666666666 1.3541666666666667 0.9166666666666666 0.8541666666666666 2.0
410 13.524717722557734 1.8125 2.875 1.53125 1.46875 2.03125 1.375 1.28125 3.0
411 24.137324803814373 1.2083333333333333 1.9166666666666667 1.0208333333333333 0.9791666666666666 1.3541666666666667 0.9166666666666666 0.8541666666666666 2.0
412 8.970170430084835 1.2083333333333333 1.9166666666666667 1.0208333333333333 0.9791666666666666 1.3541666666666667 0.9166666666666666 0.8541666666666666 2.0
413 10.617412451724846 1.2083333333333333 1.9166666666666667 1.0208333333333333 0.9791666666666666 1.3541666666666667 0.9166666666666666 0.8541666666666666 2.0
414 36.359862792006744 1.8125 2.875 1.53125 1.46875 2.03125 1.375 1.28125 3.0
415 12.908770347855457 1.2083333333333333 1.9166666666666667 1.0208333333333333 0.9791666666666666 1.3541666666666667 0.9166666666666666 0.8541666666666666 2.0
416 6.252205741626793 1.2083333333333333 1.9166666666666667 1.0208333333333333 0.9791666666666666 1.3541666666666667 0.9166666666666666 0.8541666666666666 2.0
417 7.57122549019608 1.8125 2.875 1.53125 1.46875 2.03125 1.375 1.28125 3.0
418 9.464483736078163 1.2083333333333333 1.9166666666666667 1.0208333333333333 0.9791666666666666 1.3541666666666667 0.9166666666666666 0.8541666666666666 2.0
419 17.198927631578947 1.2083333333333333 1.9166666666666667 1.0208333333333333 0.9791666666666666 1.3541666666666667 0.9166666666666666 0.8541666666666666 2.0
420 5.986676986584106 1.2083333333333333 1.9166666666666667 1.0208333333333333 0.9791666666666666 1.3541666666666667 0.9166666666666666 0.8541666666666666 2.0
421 71.00694243421052 1.8125 2.875 1.53125 1.46875 2.03125 1.375 1.28125 3.0
422 6.088174603174604 1.2083333333333333 1.9166666666666667 1.0208333333333333 0.9791666666666666 1.3541666666666667 0.9166666666666666 0.8541666666666666 2.0
423 18.385666924878727 1.2083333333333333 1.9166666666666667 1.0208333333333333 0.9791666666666666 1.3541666666666667 0.9166666666666666 0.8541666666666666 2.0
424 2.412713127991025 1.8125 2.875 1.53125 1.46875 2.03125 1.375 1.28125 3.0
425 60.53520355666086 1.8125 2.875 1.53125 1.46875 2.03125 1.375 1.28125 3.0
426 23.0 1.8125 2.875 1.53125 1.46875 2.03125 1.375 1.28125 3.0
427 18.325548882232322 1.2083333333333333 1.9166666666666667 1.0208333333333333 0.9791666666666666 1.3541666666666667 0.9166666666666666 0.8541666666666666 2.0
428 5.829395808535041 1.8125 2.875 1.53125 1.46875 2.03125 1.375 1.28125 3.0
429 3.2970519383565313 1.2083333333333333 1.9166666666666667 1.0208333333333333 0.9791666666666666 1.3541666666666667 0.9166666666666666 0.8541666666666666 2.0
430 4.29103007518797 1.2083333333333333 1.9166666666666667 1.0208333333333333 0.9791666666666666 1.3541666666666667 0.9166666666666666 0.8541666666666666 2.0
431 15.159348685626036 1.2083333333333333 1.9166666666666667 1.0208333333333333 0.9791666666666666 1.3541666666666667 0.9166666666666666 0.8541666666666666 2.0
432 9.748232456650934 1.2083333333333333 1.9166666666666667 1.0208333333333333 0.9791666666666666 1.3541666666666667 0.9166666666666666 0.8541666666666666 2.0
433 1.2969933266767635 1.8125 2.875 1.53125 1.46875 2.03125 1.375 1.28125 3.0
434 15.31699101975104 1.2083333333333333 1.9166666666666667 1.0208333333333333 0.9791666666666666 1.3541666666666667 0.9166666666666666 0.8541666666666666 2.0
435 71.0 1.8125 2.875 1.53125 1.46875 2.03125 1.375 1.28125 3.0
436 8.139011506037823 1.2083333333333333 1.9166666666666667 1.0208333333333333 0.9791666666666666 1.3541666666666667 0.9166666666666666 0.8541666666666666 2.0
437 7.6344366362897365 1.2083333333333333 1.9166666666666667 1.0208333333333333 0.9791666666666666 1.3541666666666667 0.9166666666666666 0.8541666666666666 2.0
438 26.692377784925764 1.2083333333333333 1.9166666666666667 1.0208333333333333 0.9791666666666666 1.3541666666666667 0.9166666666666666 0.8541666666666666 2.0
439 21.21328397333038 1.8125 2.875 1.53125 1.46875 2.03125 1.375 1.28125 3.0
440 20.06547358665704 1.2083333333333333 1.9166666666666667 1.0208333333333333 0.9791666666666666 1.3541666666666667 0.9166666666666666 0.8541666666666666 2.0
441 7.249750601995182 1.2083333333333333 1.9166666666666667 1.0208333333333333 0.9791666666666666 1.3541666666666667 0.9166666666666666 0.8541666666666666 2.0
442 34.37260660650397 1.8125 2.875 1.53125 1.46875 2.03125 1.375 1.28125 3.0
443 0.6774186176456681 1.8125 2.875 1.53125 1.46875 2.03125 1.375 1.28125 3.0
444 0.4353963954002654 1.2083333333333333 1.9166666666666667 1.0208333333333333 0.9791666666666666 1.3541666666666667 0.9166666666666666 0.8541666666666666 2.0
445 18.243652927120664 1.8125 2.875 1.53125 1.46875 2.03125 1.375 1.28125 3.0
446 13.974837527251802 1.2083333333333333 1.9166666666666667 1.0208333333333333 0.9791666666666666 1.3541666666666667 0.9166666666666666 0.8541666666666666 2.0
447 3.6670504445980847 1.2083333333333333 1.9166666666666667 1.0208333333333333 0.9791666666666666 1.3541666666666667 0.9166666666666666 0.8541666666666666 2.0
448 10.85119528619529 1.2083333333333333 1.9166666666666667 1.0208333333333333 0.9791666666666666 1.3541666666666667 0.9166666666666666 0.8541666666666666 2.0
449 15.081312254194604 1.2083333333333333 1.9166666666666667 1.0208333333333333 0.9791666666666666 1.3541666666666667 0.9166666666666666 0.8541666666666666 2.0
450 21.1010730466429 1.8125 2.875 1.53125 1.46875 2.03125 1.375 1.28125 3.0
451 8.903534330011073 1.2083333333333333 1.9166666666666667 1.0208333333333333 0.9791666666666666 1.3541666666666667 0.9166666666666666 0.8541666666666666 2.0
452 13.882964029136184 1.8125 2.875 1.53125 1.46875 2.03125 1.375 1.28125 3.0
453 28.0 1.8125 2.875 1.53125 1.46875 2.03125 1.375 1.28125 3.0
454 4.743885432961062 1.2083333333333333 1.9166666666666667 1.0208333333333333 0.9791666666666666 1.3541666666666667 0.9166666666666666 0.8541666666666666 2.0
455 19.076116328054177 1.8125 2.875 1.53125 1.46875 2.03125 1.375 1.28125 3.0
456 12.178859649122808 1.8125 2.875 1.53125 1.46875 2.03125 1.375 1.28125 3.0
457 8.842745614035087 1.2083333333333333 1.9166666666666667 1.0208333333333333 0.9791666666666666 1.3541666666666667 0.9166666666666666 0.8541666666666666 2.0
458 24.54653030515117 1.2083333333333333 1.9166666666666667 1.0208333333333333 0.9791666666666666 1.3541666666666667 0.9166666666666666 0.8541666666666666 2.0
459 2.654697115890465 1.8125 2.875 1.53125 1.46875 2.03125 1.375 1.28125 3.0
460 28.436723281417827 1.8125 2.875 1.53125 1.46875 2.03125 1.375 1.28125 3.0
461 26.599806952020575 1.2083333333333333 1.9166666666666667 1.0208333333333333 0.9791666666666666 1.3541666666666667 0.9166666666666666 0.8541666666666666 2.0
462 33.49760774931983 1.2083333333333333 1.9166666666666667 1.0208333333333333 0.9791666666666666 1.3541666666666667 0.9166666666666666 0.8541666666666666 2.0
463 14.470460659223821 1.8125 2.875 1.53125 1.46875 2.03125 1.375 1.28125 3.0
464 6.058519680315463 1.8125 2.875 1.53125 1.46875 2.03125 1.375 1.28125 3.0
465 63.0 1.8125 2.875 1.53125 1.46875 2.03125 1.375 1.28125 3.0
466 26.139023125996804 1.8125 2.875 1.53125 1.46875 2.03125 1.375 1.28125 3.0
467 8.36064241486068 1.2083333333333333 1.9166666666666667 1.0208333333333333 0.9791666666666666 1.3541666666666667 0.9166666666666666 0.8541666666666666 2.0
468 61.92873034962975 1.8125 2.875 1.53125 1.46875 2.03125 1.375 1.28125 3.0
469 45.0 1.2083333333333333 1.9166666666666667 1.0208333333333333 0.9791666666666666 1.3541666666666667 0.9166666666666666 0.8541666666666666 2.0
470 2.416515151515151 1.2083333333333333 1.9166666666666667 1.0208333333333333 0.9791666666666666 1.3541666666666667 0.9166666666666666 0.8541666666666666 2.0
471 15.42246986353377 1.8125 2.875 1.53125 1.46875 2.03125 1.375 1.28125 3.0
472 32.13833124477861 1.8125 2.875 1.53125 1.46875 2.03125 1.375 1.28125 3.0
473 0.5525194129921663 1.2083333333333333 1.9166666666666667 1.0208333333333333 0.9791666666666666 1.3541666666666667 0.9166666666666666 0.8541666666666666 2.0
474 0.536765817942422 1.2083333333333333 1.9166666666666667 1.0208333333333333 0.9791666666666666 1.3541666666666667 0.9166666666666666 0.8541666666666666 2.0
475 32.747439849624065 1.8125 2.875 1.53125 1.46875 2.03125 1.375 1.28125 3.0
476 3.62134126984127 1.8125 2.875 1.53125 1.46875 2.03125 1.375 1.28125 3.0
477 16.22485972060276 1.2083333333333333 1.9166666666666667 1.0208333333333333 0.9791666666666666 1.3541666666666667 0.9166666666666666 0.8541666666666666 2.0
478 3.5693206311149854 1.8125 2.875 1.53125 1.46875 2.03125 1.375 1.28125 3.0
479 17.988024110735886 1.8125 2.875 1.53125 1.46875 2.03125 1.375 1.28125 3.0
480 20.357384792626718 1.8125 2.875 1.53125 1.46875 2.03125 1.375 1.28125 3.0
481 10.891901258502603 1.2083333333333333 1.9166666666666667 1.0208333333333333 0.9791666666666666 1.3541666666666667 0.9166666666666666 0.8541666666666666 2.0
482 34.49869302087899 1.8125 2.875 1.53125 1.46875 2.03125 1.375 1.28125 3.0
483 30.257471372712264 1.2083333333333333 1.9166666666666667 1.0208333333333333 0.9791666666666666 1.3541666666666667 0.9166666666666666 0.8541666666666666 2.0
484 7.29348939665472 1.8125 2.875 1.53125 1.46875 2.03125 1.375 1.28125 3.0
485 3.9504620927318292 1.8125 2.875 1.53125 1.46875 2.03125 1.375 1.28125 3.0
486 1.2584327497980534 1.2083333333333333 1.9166666666666667 1.0208333333333333 0.9791666666666666 1.3541666666666667 0.9166666666666666 0.8541666666666666 2.0
487 3.7893791103995382 1.8125 2.875 1.53125 1.46875 2.03125 1.375 1.28125 3.0
488 11.038426881473836 1.8125 2.875 1.53125 1.46875 2.03125 1.375 1.28125 3.0
489 6.256702786377707 1.2083333333333333 1.9166666666666667 1.0208333333333333 0.9791666666666666 1.3541666666666667 0.9166666666666666 0.8541666666666666 2.0
490 8.356206423840675 1.2083333333333333 1.9166666666666667 1.0208333333333333 0.9791666666666666 1.3541666666666667 0.9166666666666666 0.8541666666666666 2.0
491 20.263419381787806 1.2083333333333333 1.9166666666666667 1.0208333333333333 0.9791666666666666 1.3541666666666667 0.9166666666666666 0.8541666666666666 2.0
492 17.153203806339256 1.8125 2.875 1.53125 1.46875 2.03125 1.375 1.28125 3.0
493 56.0 1.2083333333333333 1.9166666666666667 1.0208333333333333 0.9791666666666666 1.3541666666666667 0.9166666666666666 0.8541666666666666 2.0
494 12.991574366147209 1.2083333333333333 1.9166666666666667 1.0208333333333333 0.9791666666666666 1.3541666666666667 0.9166666666666666 0.8541666666666666 2.0
495 26.253208323614416 1.8125 2.875 1.53125 1.46875 2.03125 1.375 1.28125 3.0
496 75.5318743432753 1.8125 2.875 1.53125 1.46875 2.03125 1.375 1.28125 3.0
497 19.14700890364704 1.2083333333333333 1.9166666666666667 1.0208333333333333 0.9791666666666666 1.3541666666666667 0.9166666666666666 0.8541666666666666 2.0
498 18.18141184623039 1.2083333333333333 1.9166666666666667 1.0208333333333333 0.9791666666666666 1.3541666666666667 0.9166666666666666 0.8541666666666666 2.0
499 15.115883656470704 1.2083333333333333 1.9166666666666667 1.0208333333333333 0.9791666666666666 1.3541666666666667 0.9166666666666666 0.8541666666666666 2.0
