100 6
TREE NETWORK (nID nID Weight):
12 0 44
43 12 35
23 0 44
70 23 49
41 12 36
36 12 32
95 12 44
6 36 42
55 23 52
87 36 31
82 87 48
46 36 51
40 55 55
26 6 54
76 55 37
35 12 39
77 35 32
34 41 43
61 70 34
22 26 51
57 70 49
49 12 45
60 22 42
32 49 39
3 35 54
73 40 34
79 57 32
44 55 33
29 6 47
97 57 42
13 87 39
10 6 41
89 34 43
9 55 34
7 77 40
51 73 38
20 76 30
48 41 47
64 82 50
16 10 59
21 51 51
45 79 51
83 32 44
5 43 58
17 55 35
88 51 36
92 95 47
91 13 49
37 73 30
52 64 34
19 64 46
72 40 48
14 83 31
63 92 38
65 87 38
90 77 33
15 7 39
59 90 54
66 89 34
54 87 48
94 32 55
18 95 56
81 15 41
38 65 38
50 37 35
56 20 48
4 26 47
93 60 47
75 13 53
67 79 53
84 17 39
74 63 32
62 36 42
69 62 32
80 0 58
68 60 47
33 64 39
27 97 55
24 43 33
1 77 36
8 64 51
99 67 38
98 87 37
28 32 59
2 15 43
96 60 35
30 8 35
85 29 48
71 84 30
42 1 59
58 54 32
86 73 50
39 26 46
47 29 54
25 28 36
78 47 46
31 80 36
53 12 31
11 27 34
PROGRAMS ASSIGNED TO NODES (nID pID1 pID2 ...):
0 1 2 3 4 5 6
1 1 2 3 4 5
2 2 4 6
3 6
4 1 3 5 6
6 1 4
8 1 4 5 6
9 1 5 6
10 2 6
12 1 2 4 5 6
13 1 4 5
15 2 4
16 2 3 4 5
17 1 2 3 5 6
18 6
19 1
21 1 3 4 5
23 2
25 1 2 5 6
26 2 4 5 6
27 4 5
28 1 2 4 5 6
29 3 6
30 1 5
31 2 4
32 1 5
33 1 2 3 4 6
35 3 6
36 1 2 3 4
37 1 2 3 4 5
38 4
39 6
41 1 3 6
42 1 2 3 4 5
43 2 4 5
44 2 4 5
45 1 2 3 4
46 1 2 4 5 6
47 2 4 5 6
49 1 3 4 5 6
50 2 3
51 1 4 6
52 2 3 4 5 6
53 2
54 2 3 4 5 6
56 1 3 5
60 3 6
61 1 3 6
62 1 6
64 2 3 4 5
65 1
66 5 6
67 1 2 4 5 6
68 1 2 4 5 6
69 4 5 6
70 5
71 2 3
73 1 2 4
74 3
76 2 5 6
77 4
78 6
79 2
81 1 2 3 4
82 4 5
83 1 2 3 4 6
84 2
85 1 2 4 6
86 1 2 5
87 2 3 6
88 5
89 1 2
90 1 2 4 5 6
91 3 5 6
92 2 3
93 1
94 3
95 1 3 4 5 6
96 1 2 3 5
97 2
99 1 2 4 6
SIZE OF PROGRAMS (pID SIZE):
1 41.0
2 66.0
3 85.0
4 52.0
5 99.0
6 69.0
COST TO INSTALL SERVERS AND PROGRAMS ON NODES (COST_TO_INSTALL_SERVER COST_TO_INSTALL_pID1 ...):
0 2248.4848484848485 1.2424242424242424 2.0 2.5757575757575757 1.5757575757575757 3.0 2.090909090909091
1 15.865748834498834 1.2424242424242424 2.0 2.5757575757575757 1.5757575757575757 3.0 2.090909090909091
2 2.492955302126814 0.8282828282828283 1.3333333333333333 1.7171717171717171 1.0505050505050506 2.0 1.393939393939394
3 1.9327505827505826 0.8282828282828283 1.3333333333333333 1.7171717171717171 1.0505050505050506 2.0 1.393939393939394
4 8.58890635074146 0.8282828282828283 1.3333333333333333 1.7171717171717171 1.0505050505050506 2.0 1.393939393939394
5 24.0 1.2424242424242424 2.0 2.5757575757575757 1.5757575757575757 3.0 2.090909090909091
6 18.724884044526906 1.2424242424242424 2.0 2.5757575757575757 1.5757575757575757 3.0 2.090909090909091
7 15.85337703962704 0.8282828282828283 1.3333333333333333 1.7171717171717171 1.0505050505050506 2.0 1.393939393939394
8 27.33613125323443 1.2424242424242424 2.0 2.5757575757575757 1.5757575757575757 3.0 2.090909090909091
9 9.089957264957263 0.8282828282828283 1.3333333333333333 1.7171717171717171 1.0505050505050506 2.0 1.393939393939394
10 23.316428256138618 0.8282828282828283 1.3333333333333333 1.7171717171717171 1.0505050505050506 2.0 1.393939393939394
11 47.0 0.8282828282828283 1.3333333333333333 1.7171717171717171 1.0505050505050506 2.0 1.393939393939394
12 0.10404040404040399 0.8282828282828283 1.3333333333333333 1.7171717171717171 1.0505050505050506 2.0 1.393939393939394
13 24.318147302219884 0.8282828282828283 1.3333333333333333 1.7171717171717171 1.0505050505050506 2.0 1.393939393939394
14 66.0 0.8282828282828283 1.3333333333333333 1.7171717171717171 1.0505050505050506 2.0 1.393939393939394
15 23.986178613053607 1.2424242424242424 2.0 2.5757575757575757 1.5757575757575757 3.0 2.090909090909091
16 2.9875100179435647 0.8282828282828283 1.3333333333333333 1.7171717171717171 1.0505050505050506 2.0 1.393939393939394
17 13.890376290376292 0.8282828282828283 1.3333333333333333 1.7171717171717171 1.0505050505050506 2.0 1.393939393939394
18 0.29745670995671 0.8282828282828283 1.3333333333333333 1.7171717171717171 1.0505050505050506 2.0 1.393939393939394
19 3.163702207913638 0.8282828282828283 1.3333333333333333 1.7171717171717171 1.0505050505050506 2.0 1.393939393939394
20 6.466665091665093 0.8282828282828283 1.3333333333333333 1.7171717171717171 1.0505050505050506 2.0 1.393939393939394
21 22.351480703678842 0.8282828282828283 1.3333333333333333 1.7171717171717171 1.0505050505050506 2.0 1.393939393939394
22 28.72097490511356 1.2424242424242424 2.0 2.5757575757575757 1.5757575757575757 3.0 2.090909090909091
23 3.700865800865801 1.2424242424242424 2.0 2.5757575757575757 1.5757575757575757 3.0 2.090909090909091
24 47.0 0.8282828282828283 1.3333333333333333 1.7171717171717171 1.0505050505050506 2.0 1.393939393939394
25 7.01368970013038 1.2424242424242424 2.0 2.5757575757575757 1.5757575757575757 3.0 2.090909090909091
26 25.531568233353948 0.8282828282828283 1.3333333333333333 1.7171717171717171 1.0505050505050506 2.0 1.393939393939394
27 8.709347557204698 1.2424242424242424 2.0 2.5757575757575757 1.5757575757575757 3.0 2.090909090909091
28 11.229829323219153 1.2424242424242424 2.0 2.5757575757575757 1.5757575757575757 3.0 2.090909090909091
29 21.815308699237267 0.8282828282828283 1.3333333333333333 1.7171717171717171 1.0505050505050506 2.0 1.393939393939394
30 2.170642909167577 0.8282828282828283 1.3333333333333333 1.7171717171717171 1.0505050505050506 2.0 1.393939393939394
31 2.2451236502960636 0.8282828282828283 1.3333333333333333 1.7171717171717171 1.0505050505050506 2.0 1.393939393939394
32 11.144670884670889 1.2424242424242424 2.0 2.5757575757575757 1.5757575757575757 3.0 2.090909090909091
33 11.059974024780473 0.8282828282828283 1.3333333333333333 1.7171717171717171 1.0505050505050506 2.0 1.393939393939394
34 7.364341085271316 0.8282828282828283 1.3333333333333333 1.7171717171717171 1.0505050505050506 2.0 1.393939393939394
35 11.107170607170607 0.8282828282828283 1.3333333333333333 1.7171717171717171 1.0505050505050506 2.0 1.393939393939394
36 3.379455266955267 0.8282828282828283 1.3333333333333333 1.7171717171717171 1.0505050505050506 2.0 1.393939393939394
37 3.522024772613008 0.8282828282828283 1.3333333333333333 1.7171717171717171 1.0505050505050506 2.0 1.393939393939394
38 0.5645322066162474 1.2424242424242424 2.0 2.5757575757575757 1.5757575757575757 3.0 2.090909090909091
39 4.0506764069264065 0.8282828282828283 1.3333333333333333 1.7171717171717171 1.0505050505050506 2.0 1.393939393939394
40 11.047947607947606 0.8282828282828283 1.3333333333333333 1.7171717171717171 1.0505050505050506 2.0 1.393939393939394
41 1.0909090909090906 0.8282828282828283 1.3333333333333333 1.7171717171717171 1.0505050505050506 2.0 1.393939393939394
42 27.386192391647896 0.8282828282828283 1.3333333333333333 1.7171717171717171 1.0505050505050506 2.0 1.393939393939394
43 5.7357828282828285 0.8282828282828283 1.3333333333333333 1.7171717171717171 1.0505050505050506 2.0 1.393939393939394
44 9.60229215229215 0.8282828282828283 1.3333333333333333 1.7171717171717171 1.0505050505050506 2.0 1.393939393939394
45 2.0520012550474744 1.2424242424242424 2.0 2.5757575757575757 1.5757575757575757 3.0 2.090909090909091
46 10.85081885026738 1.2424242424242424 2.0 2.5757575757575757 1.5757575757575757 3.0 2.090909090909091
47 19.495454097714735 0.8282828282828283 1.3333333333333333 1.7171717171717171 1.0505050505050506 2.0 1.393939393939394
48 15.0 1.2424242424242424 2.0 2.5757575757575757 1.5757575757575757 3.0 2.090909090909091
49 1.4654834054834054 1.2424242424242424 2.0 2.5757575757575757 1.5757575757575757 3.0 2.090909090909091
50 8.588410717822486 0.8282828282828283 1.3333333333333333 1.7171717171717171 1.0505050505050506 2.0 1.393939393939394
51 27.631591745028278 1.2424242424242424 2.0 2.5757575757575757 1.5757575757575757 3.0 2.090909090909091
52 13.482477865307088 0.8282828282828283 1.3333333333333333 1.7171717171717171 1.0505050505050506 2.0 1.393939393939394
53 0.22956989247311832 0.8282828282828283 1.3333333333333333 1.7171717171717171 1.0505050505050506 2.0 1.393939393939394
54 13.965261825241663 0.8282828282828283 1.3333333333333333 1.7171717171717171 1.0505050505050506 2.0 1.393939393939394
55 1.1661671661671653 1.2424242424242424 2.0 2.5757575757575757 1.5757575757575757 3.0 2.090909090909091
56 17.7573148979399 1.2424242424242424 2.0 2.5757575757575757 1.5757575757575757 3.0 2.090909090909091
57 4.336634567246812 0.8282828282828283 1.3333333333333333 1.7171717171717171 1.0505050505050506 2.0 1.393939393939394
58 39.0 1.2424242424242424 2.0 2.5757575757575757 1.5757575757575757 3.0 2.090909090909091
59 33.0 0.8282828282828283 1.3333333333333333 1.7171717171717171 1.0505050505050506 2.0 1.393939393939394
60 30.26860193572378 1.2424242424242424 2.0 2.5757575757575757 1.5757575757575757 3.0 2.090909090909091
61 7.001971243042672 1.2424242424242424 2.0 2.5757575757575757 1.5757575757575757 3.0 2.090909090909091
62 7.514813311688311 0.8282828282828283 1.3333333333333333 1.7171717171717171 1.0505050505050506 2.0 1.393939393939394
63 3.1999389188638907 1.2424242424242424 2.0 2.5757575757575757 1.5757575757575757 3.0 2.090909090909091
64 29.56236882651398 0.8282828282828283 1.3333333333333333 1.7171717171717171 1.0505050505050506 2.0 1.393939393939394
65 0.8588466905901116 0.8282828282828283 1.3333333333333333 1.7171717171717171 1.0505050505050506 2.0 1.393939393939394
66 7.733283588276748 0.8282828282828283 1.3333333333333333 1.7171717171717171 1.0505050505050506 2.0 1.393939393939394
67 3.0561257672022495 0.8282828282828283 1.3333333333333333 1.7171717171717171 1.0505050505050506 2.0 1.393939393939394
68 18.519658262778567 1.2424242424242424 2.0 2.5757575757575757 1.5757575757575757 3.0 2.090909090909091
69 6.840277777777777 0.8282828282828283 1.3333333333333333 1.7171717171717171 1.0505050505050506 2.0 1.393939393939394
70 2.794531319021115 1.2424242424242424 2.0 2.5757575757575757 1.5757575757575757 3.0 2.090909090909091
71 11.484145854145854 1.2424242424242424 2.0 2.5757575757575757 1.5757575757575757 3.0 2.090909090909091
72 95.0 1.2424242424242424 2.0 2.5757575757575757 1.5757575757575757 3.0 2.090909090909091
73 5.92824508824509 1.2424242424242424 2.0 2.5757575757575757 1.5757575757575757 3.0 2.090909090909091
74 5.308840434015406 0.8282828282828283 1.3333333333333333 1.7171717171717171 1.0505050505050506 2.0 1.393939393939394
75 89.0 0.8282828282828283 1.3333333333333333 1.7171717171717171 1.0505050505050506 2.0 1.393939393939394
76 7.610155610155611 0.8282828282828283 1.3333333333333333 1.7171717171717171 1.0505050505050506 2.0 1.393939393939394
77 2.4479506604506613 0.8282828282828283 1.3333333333333333 1.7171717171717171 1.0505050505050506 2.0 1.393939393939394
78 0.7522242754290627 1.2424242424242424 2.0 2.5757575757575757 1.5757575757575757 3.0 2.090909090909091
79 7.463420281532525 0.8282828282828283 1.3333333333333333 1.7171717171717171 1.0505050505050506 2.0 1.393939393939394
80 0.6432253570184603 0.8282828282828283 1.3333333333333333 1.7171717171717171 1.0505050505050506 2.0 1.393939393939394
81 15.17027758826539 1.2424242424242424 2.0 2.5757575757575757 1.5757575757575757 3.0 2.090909090909091
82 12.1991568914956 1.2424242424242424 2.0 2.5757575757575757 1.5757575757575757 3.0 2.090909090909091
83 17.545348355348356 0.8282828282828283 1.3333333333333333 1.7171717171717171 1.0505050505050506 2.0 1.393939393939394
84 4.9708706108706116 0.8282828282828283 1.3333333333333333 1.7171717171717171 1.0505050505050506 2.0 1.393939393939394
85 20.457353550704617 0.8282828282828283 1.3333333333333333 1.7171717171717171 1.0505050505050506 2.0 1.393939393939394
86 5.713823666529549 1.2424242424242424 2.0 2.5757575757575757 1.5757575757575757 3.0 2.090909090909091
87 2.304411045943305 1.2424242424242424 2.0 2.5757575757575757 1.5757575757575757 3.0 2.090909090909091
88 6.732524410573946 1.2424242424242424 2.0 2.5757575757575757 1.5757575757575757 3.0 2.090909090909091
89 5.50387596899225 1.2424242424242424 2.0 2.5757575757575757 1.5757575757575757 3.0 2.090909090909091
90 2.6035183566433573 1.2424242424242424 2.0 2.5757575757575757 1.5757575757575757 3.0 2.090909090909091
91 9.03046145722557 1.2424242424242424 2.0 2.5757575757575757 1.5757575757575757 3.0 2.090909090909091
92 0.7025897270578123 0.8282828282828283 1.3333333333333333 1.7171717171717171 1.0505050505050506 2.0 1.393939393939394
93 0.5358546145193518 1.2424242424242424 2.0 2.5757575757575757 1.5757575757575757 3.0 2.090909090909091
94 3.4970862470862465 0.8282828282828283 1.3333333333333333 1.7171717171717171 1.0505050505050506 2.0 1.393939393939394
95 8.471861471861468 0.8282828282828283 1.3333333333333333 1.7171717171717171 1.0505050505050506 2.0 1.393939393939394
96 21.547399149053554 0.8282828282828283 1.3333333333333333 1.7171717171717171 1.0505050505050506 2.0 1.393939393939394
97 5.1001262626262625 0.8282828282828283 1.3333333333333333 1.7171717171717171 1.0505050505050506 2.0 1.393939393939394
98 50.0 0.8282828282828283 1.3333333333333333 1.7171717171717171 1.0505050505050506 2.0 1.393939393939394
99 17.504015559911785 1.2424242424242424 2.0 2.5757575757575757 1.5757575757575757 3.0 2.090909090909091
