200 5
TREE NETWORK (nID nID Weight):
57 0 42
148 0 44
165 0 56
164 0 55
191 57 46
71 0 43
25 165 53
46 57 41
32 71 53
188 0 47
171 71 38
195 165 33
172 25 34
84 164 50
38 172 39
47 71 38
104 172 55
93 188 33
17 71 49
82 84 35
5 17 44
90 188 49
150 57 32
163 84 47
30 188 48
152 32 32
36 32 44
128 152 59
55 93 48
27 150 32
49 32 37
96 195 56
48 172 47
76 38 38
114 191 38
63 188 56
29 188 58
67 165 30
122 5 48
156 46 55
176 163 33
143 49 48
51 63 57
193 27 50
91 5 44
168 171 47
130 163 34
197 5 57
127 57 30
42 163 30
15 176 51
70 176 59
73 168 42
105 90 36
126 93 34
101 143 57
68 48 54
64 51 41
61 128 34
136 63 36
79 101 49
19 0 32
100 47 34
10 176 48
151 105 35
173 127 33
98 84 30
60 70 33
162 128 59
102 10 51
54 171 38
107 101 35
26 195 35
116 130 58
77 193 54
106 30 36
83 151 39
53 26 32
161 82 44
199 46 40
103 150 58
40 152 53
13 176 45
35 93 45
160 96 35
112 38 30
99 193 49
75 30 46
181 152 43
14 102 31
31 112 45
56 71 54
196 103 33
4 31 32
22 150 44
141 60 47
139 91 52
9 46 40
113 68 39
8 114 45
121 29 41
183 49 41
169 70 30
182 173 41
52 67 47
74 0 30
2 188 39
155 188 34
34 139 48
44 90 34
92 77 45
6 100 39
192 30 51
59 76 38
3 77 50
86 127 52
110 36 41
16 60 36
144 52 54
58 182 49
120 35 42
115 188 56
177 103 39
117 67 38
154 130 46
157 173 30
88 128 59
124 71 33
118 42 35
129 36 46
89 9 33
66 74 36
23 197 52
21 129 50
33 196 37
80 176 46
159 53 45
12 155 40
43 113 51
39 77 53
11 192 45
198 122 51
142 11 30
94 67 47
132 121 52
145 51 57
131 197 42
158 14 47
167 128 51
45 77 54
146 192 55
149 98 44
185 51 50
180 143 37
187 144 32
65 100 34
95 5 43
97 113 31
81 112 54
135 4 31
41 157 58
179 0 41
72 158 33
170 197 37
87 97 43
175 145 50
28 92 44
37 93 59
119 180 37
178 179 57
123 74 38
147 90 36
108 14 47
78 34 31
189 64 53
134 152 58
186 9 51
190 150 48
184 173 34
153 102 38
140 155 51
111 84 46
1 198 51
24 121 45
109 99 51
137 192 51
125 24 38
18 141 49
7 123 56
166 22 54
133 74 36
174 103 45
85 175 48
20 76 46
69 0 43
62 2 49
50 79 49
194 102 40
138 192 35
PROGRAMS ASSIGNED TO NODES (nID pID1 pID2 ...):
0 1 2 3 4 5
1 3
3 5
4 2 5
5 2 4 5
6 1 2 5
8 2 5
9 1 2 4 5
11 1 2 3 5
12 1 2
13 1 2 3 5
14 2 5
16 1 2 4 5
17 1 3 4 5
18 1 2 3 4
19 2 4
20 1
21 1 2 4
22 4
23 5
24 2 5
25 4 5
26 2 4 5
27 1 4 5
28 4
30 4 5
31 1 2
33 1 5
34 3 5
35 5
36 1 2 3 5
37 5
38 3 5
39 3 4 5
40 4
41 1 2 3 5
43 5
45 5
48 4 5
49 1 4
50 2
51 1 3 4
52 4
53 1 2 4 5
56 4 5
57 1 2 3 5
59 3 4
60 1 2 3 5
61 1
62 1 3 4 5
63 2 4
64 1 2 3
65 1 2 3 5
66 1 2
68 3 5
69 1 3
71 1 5
72 1 2 3 4
73 1 2 3 5
75 2
76 1 3 4
77 3 4 5
78 4 5
79 1 2 5
80 3 5
81 2 3 5
82 2 4 5
83 1 2 3
84 3 4 5
85 2 5
87 1
89 1 4 5
90 2
91 1 2 3 4
92 3 5
93 1 3 4 5
95 2
96 1 2 3 5
97 1 2 3 5
99 3 4 5
100 1 2 3 5
102 3 4 5
105 1 2 3
106 1 2
107 1 3 4
108 2 3 4 5
110 4 5
112 2 3
114 1 3 4
115 2 3 5
116 1 2 3 5
117 2 5
118 2
119 2 3 5
122 1 3
123 1 2 3 5
124 1 2 4 5
125 1 2 4 5
126 1 2 3 4
127 1 2 4
128 3 5
129 5
131 1
133 1
134 3
135 4 5
136 1 2 3
137 1 3 4 5
138 1 3
140 1 2 5
141 2 3 5
143 1 2 3 5
144 2 3 4 5
145 3 4
147 2 3 4 5
148 3
149 2 3 4 5
151 1 3 4
152 1 2 3
154 1 4 5
155 3 4 5
156 1 2 3 4
157 1 2 4 5
158 1 3 5
159 1 4 5
160 3 4 5
161 2 3 4 5
162 4 5
163 3 5
164 1 2 3
165 3
168 1 2 3 5
169 3 4 5
170 1 3
171 1 5
172 1 3
173 2 3
174 1
175 1
176 2 5
178 2
179 1 4 5
181 1 3 5
182 2 3 5
183 2 3 4
185 1 4 5
187 1 2 4
188 1 2
189 1
190 1 2 3 4
192 1 2
194 1 3 4
196 2
197 2 4
198 1 4
199 2 4
SIZE OF PROGRAMS (pID SIZE):
1 66.0
2 47.0
3 49.0
4 95.0
5 62.0
COST TO INSTALL SERVERS AND PROGRAMS ON NODES (COST_TO_INSTALL_SERVER COST_TO_INSTALL_pID1 ...):
0 2007.3684210526314 2.0842105263157893 1.4842105263157894 1.5473684210526315 3.0 1.9578947368421054
1 3.098396556463912 1.3894736842105264 0.9894736842105263 1.0315789473684212 2.0 1.305263157894737
2 4.924694059206937 1.3894736842105264 0.9894736842105263 1.0315789473684212 2.0 1.305263157894737
3 0.7674075466443887 1.3894736842105264 0.9894736842105263 1.0315789473684212 2.0 1.305263157894737
4 2.998891104757539 2.0842105263157893 1.4842105263157894 1.5473684210526315 3.0 1.9578947368421054
5 13.498817975170482 1.3894736842105264 0.9894736842105263 1.0315789473684212 2.0 1.305263157894737
6 4.474033592346646 2.0842105263157893 1.4842105263157894 1.5473684210526315 3.0 1.9578947368421054
7 33.0 2.0842105263157893 1.4842105263157894 1.5473684210526315 3.0 1.9578947368421054
8 2.9524479072076324 2.0842105263157893 1.4842105263157894 1.5473684210526315 3.0 1.9578947368421054
9 7.039863377957089 1.3894736842105264 0.9894736842105263 1.0315789473684212 2.0 1.305263157894737
10 6.721613288540499 2.0842105263157893 1.4842105263157894 1.5473684210526315 3.0 1.9578947368421054
11 12.678092352282455 1.3894736842105264 0.9894736842105263 1.0315789473684212 2.0 1.305263157894737
12 0.6173837362492589 1.3894736842105264 0.9894736842105263 1.0315789473684212 2.0 1.305263157894737
13 2.036855181150814 1.3894736842105264 0.9894736842105263 1.0315789473684212 2.0 1.305263157894737
14 38.96785608189259 2.0842105263157893 1.4842105263157894 1.5473684210526315 3.0 1.9578947368421054
15 26.0 1.3894736842105264 0.9894736842105263 1.0315789473684212 2.0 1.305263157894737
16 3.8809468783915997 1.3894736842105264 0.9894736842105263 1.0315789473684212 2.0 1.305263157894737
17 2.955595467073 2.0842105263157893 1.4842105263157894 1.5473684210526315 3.0 1.9578947368421054
18 11.342908725042028 2.0842105263157893 1.4842105263157894 1.5473684210526315 3.0 1.9578947368421054
19 1.1101535087719299 1.3894736842105264 0.9894736842105263 1.0315789473684212 2.0 1.305263157894737
20 0.7839489640083565 1.3894736842105264 0.9894736842105263 1.0315789473684212 2.0 1.305263157894737
21 15.123031779474006 1.3894736842105264 0.9894736842105263 1.0315789473684212 2.0 1.305263157894737
22 0.4389745670995671 2.0842105263157893 1.4842105263157894 1.5473684210526315 3.0 1.9578947368421054
23 0.5091021329314737 1.3894736842105264 0.9894736842105263 1.0315789473684212 2.0 1.305263157894737
24 15.57090773297971 1.3894736842105264 0.9894736842105263 1.0315789473684212 2.0 1.305263157894737
25 1.2585694188300955 2.0842105263157893 1.4842105263157894 1.5473684210526315 3.0 1.9578947368421054
26 10.97209501025291 2.0842105263157893 1.4842105263157894 1.5473684210526315 3.0 1.9578947368421054
27 4.466015037593987 2.0842105263157893 1.4842105263157894 1.5473684210526315 3.0 1.9578947368421054
28 7.877319624819624 2.0842105263157893 1.4842105263157894 1.5473684210526315 3.0 1.9578947368421054
29 1.3114762327682736 2.0842105263157893 1.4842105263157894 1.5473684210526315 3.0 1.9578947368421054
30 0.33593831653602085 2.0842105263157893 1.4842105263157894 1.5473684210526315 3.0 1.9578947368421054
31 10.228743318425835 1.3894736842105264 0.9894736842105263 1.0315789473684212 2.0 1.305263157894737
32 3.139535807487126 2.0842105263157893 1.4842105263157894 1.5473684210526315 3.0 1.9578947368421054
33 5.438618325587472 2.0842105263157893 1.4842105263157894 1.5473684210526315 3.0 1.9578947368421054
34 2.010635764101842 2.0842105263157893 1.4842105263157894 1.5473684210526315 3.0 1.9578947368421054
35 1.5706919135362583 2.0842105263157893 1.4842105263157894 1.5473684210526315 3.0 1.9578947368421054
36 4.599308291571404 2.0842105263157893 1.4842105263157894 1.5473684210526315 3.0 1.9578947368421054
37 0.2290889535743105 2.0842105263157893 1.4842105263157894 1.5473684210526315 3.0 1.9578947368421054
38 17.923222245687928 2.0842105263157893 1.4842105263157894 1.5473684210526315 3.0 1.9578947368421054
39 8.842584473500313 1.3894736842105264 0.9894736842105263 1.0315789473684212 2.0 1.305263157894737
40 3.4577747915752526 2.0842105263157893 1.4842105263157894 1.5473684210526315 3.0 1.9578947368421054
41 13.100412473189245 1.3894736842105264 0.9894736842105263 1.0315789473684212 2.0 1.305263157894737
42 0.28770015948963323 2.0842105263157893 1.4842105263157894 1.5473684210526315 3.0 1.9578947368421054
43 4.449189480835157 2.0842105263157893 1.4842105263157894 1.5473684210526315 3.0 1.9578947368421054
44 26.0 1.3894736842105264 0.9894736842105263 1.0315789473684212 2.0 1.305263157894737
45 0.6929592035644667 2.0842105263157893 1.4842105263157894 1.5473684210526315 3.0 1.9578947368421054
46 6.6392845935978135 1.3894736842105264 0.9894736842105263 1.0315789473684212 2.0 1.305263157894737
47 5.7494247246022026 1.3894736842105264 0.9894736842105263 1.0315789473684212 2.0 1.305263157894737
48 13.655252773022834 2.0842105263157893 1.4842105263157894 1.5473684210526315 3.0 1.9578947368421054
49 14.32041774205327 1.3894736842105264 0.9894736842105263 1.0315789473684212 2.0 1.305263157894737
50 3.5896246270908594 1.3894736842105264 0.9894736842105263 1.0315789473684212 2.0 1.305263157894737
51 7.4727049894239155 2.0842105263157893 1.4842105263157894 1.5473684210526315 3.0 1.9578947368421054
52 1.6401206473630887 1.3894736842105264 0.9894736842105263 1.0315789473684212 2.0 1.305263157894737
53 6.188615003417637 2.0842105263157893 1.4842105263157894 1.5473684210526315 3.0 1.9578947368421054
54 49.0 2.0842105263157893 1.4842105263157894 1.5473684210526315 3.0 1.9578947368421054
55 93.0 2.0842105263157893 1.4842105263157894 1.5473684210526315 3.0 1.9578947368421054
56 1.4097663840911492 1.3894736842105264 0.9894736842105263 1.0315789473684212 2.0 1.305263157894737
57 79.0 2.0842105263157893 1.4842105263157894 1.5473684210526315 3.0 1.9578947368421054
58 32.0 1.3894736842105264 0.9894736842105263 1.0315789473684212 2.0 1.305263157894737
59 1.7763379934511432 1.3894736842105264 0.9894736842105263 1.0315789473684212 2.0 1.305263157894737
60 14.574587224763434 2.0842105263157893 1.4842105263157894 1.5473684210526315 3.0 1.9578947368421054
61 0.6513013593972476 1.3894736842105264 0.9894736842105263 1.0315789473684212 2.0 1.305263157894737
62 6.293148817800873 1.3894736842105264 0.9894736842105263 1.0315789473684212 2.0 1.305263157894737
63 0.5767873140297549 1.3894736842105264 0.9894736842105263 1.0315789473684212 2.0 1.305263157894737
64 3.4028624395706437 1.3894736842105264 0.9894736842105263 1.0315789473684212 2.0 1.305263157894737
65 5.869416084671324 1.3894736842105264 0.9894736842105263 1.0315789473684212 2.0 1.305263157894737
66 1.961530214424951 1.3894736842105264 0.9894736842105263 1.0315789473684212 2.0 1.305263157894737
67 8.973040935672511 1.3894736842105264 0.9894736842105263 1.0315789473684212 2.0 1.305263157894737
68 11.658550241021329 2.0842105263157893 1.4842105263157894 1.5473684210526315 3.0 1.9578947368421054
69 0.4767033863729091 2.0842105263157893 1.4842105263157894 1.5473684210526315 3.0 1.9578947368421054
70 22.369196415729792 2.0842105263157893 1.4842105263157894 1.5473684210526315 3.0 1.9578947368421054
71 0.18741738066095456 1.3894736842105264 0.9894736842105263 1.0315789473684212 2.0 1.305263157894737
72 32.82479936480705 2.0842105263157893 1.4842105263157894 1.5473684210526315 3.0 1.9578947368421054
73 12.716681163571966 2.0842105263157893 1.4842105263157894 1.5473684210526315 3.0 1.9578947368421054
74 0.11789473684210539 2.0842105263157893 1.4842105263157894 1.5473684210526315 3.0 1.9578947368421054
75 0.9100171624713959 2.0842105263157893 1.4842105263157894 1.5473684210526315 3.0 1.9578947368421054
76 6.358830438064768 2.0842105263157893 1.4842105263157894 1.5473684210526315 3.0 1.9578947368421054
77 18.171074422166527 1.3894736842105264 0.9894736842105263 1.0315789473684212 2.0 1.305263157894737
78 9.5510675578136 1.3894736842105264 0.9894736842105263 1.0315789473684212 2.0 1.305263157894737
79 1.8704610781085629 1.3894736842105264 0.9894736842105263 1.0315789473684212 2.0 1.305263157894737
80 6.8013304828803145 2.0842105263157893 1.4842105263157894 1.5473684210526315 3.0 1.9578947368421054
81 6.1964071505328295 2.0842105263157893 1.4842105263157894 1.5473684210526315 3.0 1.9578947368421054
82 2.669729323308272 2.0842105263157893 1.4842105263157894 1.5473684210526315 3.0 1.9578947368421054
83 14.131098892309096 1.3894736842105264 0.9894736842105263 1.0315789473684212 2.0 1.305263157894737
84 1.4571228070175433 1.3894736842105264 0.9894736842105263 1.0315789473684212 2.0 1.305263157894737
85 6.975798018983629 2.0842105263157893 1.4842105263157894 1.5473684210526315 3.0 1.9578947368421054
86 30.0 2.0842105263157893 1.4842105263157894 1.5473684210526315 3.0 1.9578947368421054
87 1.02635216043854 2.0842105263157893 1.4842105263157894 1.5473684210526315 3.0 1.9578947368421054
88 87.0 1.3894736842105264 0.9894736842105263 1.0315789473684212 2.0 1.305263157894737
89 1.8386387115238207 1.3894736842105264 0.9894736842105263 1.0315789473684212 2.0 1.305263157894737
90 2.4715446671389705 2.0842105263157893 1.4842105263157894 1.5473684210526315 3.0 1.9578947368421054
91 17.131449554117847 2.0842105263157893 1.4842105263157894 1.5473684210526315 3.0 1.9578947368421054
92 2.3787091339459763 2.0842105263157893 1.4842105263157894 1.5473684210526315 3.0 1.9578947368421054
93 1.7013910663182783 2.0842105263157893 1.4842105263157894 1.5473684210526315 3.0 1.9578947368421054
94 88.0 2.0842105263157893 1.4842105263157894 1.5473684210526315 3.0 1.9578947368421054
95 1.934362991441152 1.3894736842105264 0.9894736842105263 1.0315789473684212 2.0 1.305263157894737
96 3.8249958228905596 1.3894736842105264 0.9894736842105263 1.0315789473684212 2.0 1.305263157894737
97 28.784126434439127 1.3894736842105264 0.9894736842105263 1.0315789473684212 2.0 1.305263157894737
98 9.093473684210526 2.0842105263157893 1.4842105263157894 1.5473684210526315 3.0 1.9578947368421054
99 11.759148227712137 2.0842105263157893 1.4842105263157894 1.5473684210526315 3.0 1.9578947368421054
100 1.2976484988120092 1.3894736842105264 0.9894736842105263 1.0315789473684212 2.0 1.305263157894737
101 22.61255224497725 2.0842105263157893 1.4842105263157894 1.5473684210526315 3.0 1.9578947368421054
102 15.088166829516426 1.3894736842105264 0.9894736842105263 1.0315789473684212 2.0 1.305263157894737
103 4.275805353901996 2.0842105263157893 1.4842105263157894 1.5473684210526315 3.0 1.9578947368421054
104 47.0 2.0842105263157893 1.4842105263157894 1.5473684210526315 3.0 1.9578947368421054
105 4.868041240385665 2.0842105263157893 1.4842105263157894 1.5473684210526315 3.0 1.9578947368421054
106 3.3188155302559004 2.0842105263157893 1.4842105263157894 1.5473684210526315 3.0 1.9578947368421054
107 2.1949292335798996 2.0842105263157893 1.4842105263157894 1.5473684210526315 3.0 1.9578947368421054
108 11.548817519671237 2.0842105263157893 1.4842105263157894 1.5473684210526315 3.0 1.9578947368421054
109 94.0 1.3894736842105264 0.9894736842105263 1.0315789473684212 2.0 1.305263157894737
110 0.9052982315663711 2.0842105263157893 1.4842105263157894 1.5473684210526315 3.0 1.9578947368421054
111 52.0 1.3894736842105264 0.9894736842105263 1.0315789473684212 2.0 1.305263157894737
112 17.90207144365652 2.0842105263157893 1.4842105263157894 1.5473684210526315 3.0 1.9578947368421054
113 2.2398661516477354 2.0842105263157893 1.4842105263157894 1.5473684210526315 3.0 1.9578947368421054
114 9.852489557226406 2.0842105263157893 1.4842105263157894 1.5473684210526315 3.0 1.9578947368421054
115 0.119365701487762 2.0842105263157893 1.4842105263157894 1.5473684210526315 3.0 1.9578947368421054
116 1.9053199505486462 1.3894736842105264 0.9894736842105263 1.0315789473684212 2.0 1.305263157894737
117 3.8379928989139502 2.0842105263157893 1.4842105263157894 1.5473684210526315 3.0 1.9578947368421054
118 2.828757347915243 1.3894736842105264 0.9894736842105263 1.0315789473684212 2.0 1.305263157894737
119 6.801099328844328 1.3894736842105264 0.9894736842105263 1.0315789473684212 2.0 1.305263157894737
120 65.0 2.0842105263157893 1.4842105263157894 1.5473684210526315 3.0 1.9578947368421054
121 0.8458903329041783 2.0842105263157893 1.4842105263157894 1.5473684210526315 3.0 1.9578947368421054
122 9.932746010109838 2.0842105263157893 1.4842105263157894 1.5473684210526315 3.0 1.9578947368421054
123 0.6287719298245613 2.0842105263157893 1.4842105263157894 1.5473684210526315 3.0 1.9578947368421054
124 0.593457215978636 2.0842105263157893 1.4842105263157894 1.5473684210526315 3.0 1.9578947368421054
125 10.78208324346826 2.0842105263157893 1.4842105263157894 1.5473684210526315 3.0 1.9578947368421054
126 3.8096993849967964 2.0842105263157893 1.4842105263157894 1.5473684210526315 3.0 1.9578947368421054
127 4.988872180451128 1.3894736842105264 0.9894736842105263 1.0315789473684212 2.0 1.305263157894737
128 11.184846872053292 2.0842105263157893 1.4842105263157894 1.5473684210526315 3.0 1.9578947368421054
129 1.7695127717522519 1.3894736842105264 0.9894736842105263 1.0315789473684212 2.0 1.305263157894737
130 17.057509254989792 2.0842105263157893 1.4842105263157894 1.5473684210526315 3.0 1.9578947368421054
131 0.5026935278395325 2.0842105263157893 1.4842105263157894 1.5473684210526315 3.0 1.9578947368421054
132 104.0 1.3894736842105264 0.9894736842105263 1.0315789473684212 2.0 1.305263157894737
133 1.5863157894736841 1.3894736842105264 0.9894736842105263 1.0315789473684212 2.0 1.305263157894737
134 1.7356634104571929 2.0842105263157893 1.4842105263157894 1.5473684210526315 3.0 1.9578947368421054
135 21.577233246767012 2.0842105263157893 1.4842105263157894 1.5473684210526315 3.0 1.9578947368421054
136 4.865294752839546 2.0842105263157893 1.4842105263157894 1.5473684210526315 3.0 1.9578947368421054
137 4.918275475923853 1.3894736842105264 0.9894736842105263 1.0315789473684212 2.0 1.305263157894737
138 3.4502890321862223 1.3894736842105264 0.9894736842105263 1.0315789473684212 2.0 1.305263157894737
139 10.789867216189998 1.3894736842105264 0.9894736842105263 1.0315789473684212 2.0 1.305263157894737
140 0.861762510155238 1.3894736842105264 0.9894736842105263 1.0315789473684212 2.0 1.305263157894737
141 4.377879160577245 1.3894736842105264 0.9894736842105263 1.0315789473684212 2.0 1.305263157894737
142 53.0 2.0842105263157893 1.4842105263157894 1.5473684210526315 3.0 1.9578947368421054
143 11.178745992071837 2.0842105263157893 1.4842105263157894 1.5473684210526315 3.0 1.9578947368421054
144 1.8950719144196193 2.0842105263157893 1.4842105263157894 1.5473684210526315 3.0 1.9578947368421054
145 10.17651335786274 1.3894736842105264 0.9894736842105263 1.0315789473684212 2.0 1.305263157894737
146 77.0 2.0842105263157893 1.4842105263157894 1.5473684210526315 3.0 1.9578947368421054
147 8.573394212481556 1.3894736842105264 0.9894736842105263 1.0315789473684212 2.0 1.305263157894737
148 53.0 2.0842105263157893 1.4842105263157894 1.5473684210526315 3.0 1.9578947368421054
149 16.66531578947368 1.3894736842105264 0.9894736842105263 1.0315789473684212 2.0 1.305263157894737
150 2.8928529657477022 1.3894736842105264 0.9894736842105263 1.0315789473684212 2.0 1.305263157894737
151 8.539469811814236 2.0842105263157893 1.4842105263157894 1.5473684210526315 3.0 1.9578947368421054
152 5.777433291571404 2.0842105263157893 1.4842105263157894 1.5473684210526315 3.0 1.9578947368421054
153 68.0 2.0842105263157893 1.4842105263157894 1.5473684210526315 3.0 1.9578947368421054
154 10.574262395291804 2.0842105263157893 1.4842105263157894 1.5473684210526315 3.0 1.9578947368421054
155 8.823544342709088 1.3894736842105264 0.9894736842105263 1.0315789473684212 2.0 1.305263157894737
156 2.683283430305253 2.0842105263157893 1.4842105263157894 1.5473684210526315 3.0 1.9578947368421054
157 24.38979949874686 1.3894736842105264 0.9894736842105263 1.0315789473684212 2.0 1.305263157894737
158 12.943602244269208 2.0842105263157893 1.4842105263157894 1.5473684210526315 3.0 1.9578947368421054
159 8.519250564859119 1.3894736842105264 0.9894736842105263 1.0315789473684212 2.0 1.305263157894737
160 11.033015493278654 2.0842105263157893 1.4842105263157894 1.5473684210526315 3.0 1.9578947368421054
161 15.581030075187968 1.3894736842105264 0.9894736842105263 1.0315789473684212 2.0 1.305263157894737
162 10.377943222906087 1.3894736842105264 0.9894736842105263 1.0315789473684212 2.0 1.305263157894737
163 1.225144456886898 1.3894736842105264 0.9894736842105263 1.0315789473684212 2.0 1.305263157894737
164 2.8084210526315787 1.3894736842105264 0.9894736842105263 1.0315789473684212 2.0 1.305263157894737
165 89.0 2.0842105263157893 1.4842105263157894 1.5473684210526315 3.0 1.9578947368421054
166 54.0 2.0842105263157893 1.4842105263157894 1.5473684210526315 3.0 1.9578947368421054
167 63.0 1.3894736842105264 0.9894736842105263 1.0315789473684212 2.0 1.305263157894737
168 3.3462621422432877 1.3894736842105264 0.9894736842105263 1.0315789473684212 2.0 1.305263157894737
169 7.820325255324324 2.0842105263157893 1.4842105263157894 1.5473684210526315 3.0 1.9578947368421054
170 1.0339593079976013 1.3894736842105264 0.9894736842105263 1.0315789473684212 2.0 1.305263157894737
171 0.40303549571603425 2.0842105263157893 1.4842105263157894 1.5473684210526315 3.0 1.9578947368421054
172 1.1023965226607035 2.0842105263157893 1.4842105263157894 1.5473684210526315 3.0 1.9578947368421054
173 12.707669172932333 1.3894736842105264 0.9894736842105263 1.0315789473684212 2.0 1.305263157894737
174 2.492589447757324 2.0842105263157893 1.4842105263157894 1.5473684210526315 3.0 1.9578947368421054
175 6.577463605823068 2.0842105263157893 1.4842105263157894 1.5473684210526315 3.0 1.9578947368421054
176 13.150866741321389 1.3894736842105264 0.9894736842105263 1.0315789473684212 2.0 1.305263157894737
177 10.0 2.0842105263157893 1.4842105263157894 1.5473684210526315 3.0 1.9578947368421054
178 0.04866923406076167 2.0842105263157893 1.4842105263157894 1.5473684210526315 3.0 1.9578947368421054
179 0.450577663671373 1.3894736842105264 0.9894736842105263 1.0315789473684212 2.0 1.305263157894737
180 11.473541572651607 2.0842105263157893 1.4842105263157894 1.5473684210526315 3.0 1.9578947368421054
181 11.370547742835038 1.3894736842105264 0.9894736842105263 1.0315789473684212 2.0 1.305263157894737
182 1.4343792963561894 1.3894736842105264 0.9894736842105263 1.0315789473684212 2.0 1.305263157894737
183 1.384528016597101 1.3894736842105264 0.9894736842105263 1.0315789473684212 2.0 1.305263157894737
184 52.0 2.0842105263157893 1.4842105263157894 1.5473684210526315 3.0 1.9578947368421054
185 6.034199488081906 2.0842105263157893 1.4842105263157894 1.5473684210526315 3.0 1.9578947368421054
186 23.0 2.0842105263157893 1.4842105263157894 1.5473684210526315 3.0 1.9578947368421054
187 7.366119406080212 1.3894736842105264 0.9894736842105263 1.0315789473684212 2.0 1.305263157894737
188 0.0071444568868980875 1.3894736842105264 0.9894736842105263 1.0315789473684212 2.0 1.305263157894737
189 0.5206286916780845 1.3894736842105264 0.9894736842105263 1.0315789473684212 2.0 1.305263157894737
190 12.684544172932334 1.3894736842105264 0.9894736842105263 1.0315789473684212 2.0 1.305263157894737
191 2.6738018960444583 2.0842105263157893 1.4842105263157894 1.5473684210526315 3.0 1.9578947368421054
192 9.945337894956412 1.3894736842105264 0.9894736842105263 1.0315789473684212 2.0 1.305263157894737
193 1.756291979949875 1.3894736842105264 0.9894736842105263 1.0315789473684212 2.0 1.305263157894737
194 2.8171497715445746 1.3894736842105264 0.9894736842105263 1.0315789473684212 2.0 1.305263157894737
195 2.292078111946534 2.0842105263157893 1.4842105263157894 1.5473684210526315 3.0 1.9578947368421054
196 8.562886693614917 1.3894736842105264 0.9894736842105263 1.0315789473684212 2.0 1.305263157894737
197 15.378958040172407 1.3894736842105264 0.9894736842105263 1.0315789473684212 2.0 1.305263157894737
198 15.31169337853089 1.3894736842105264 0.9894736842105263 1.0315789473684212 2.0 1.305263157894737
199 4.531119974733582 2.0842105263157893 1.4842105263157894 1.5473684210526315 3.0 1.9578947368421054
