500 7
TREE NETWORK (nID nID Weight):
497 0 36
391 497 32
290 391 52
186 0 39
189 391 39
196 497 42
433 391 49
270 196 58
281 270 57
249 270 50
76 391 37
32 497 48
97 249 32
371 391 56
370 249 57
29 249 55
430 186 30
372 76 43
486 0 42
436 371 57
240 290 30
491 497 54
273 370 41
128 273 42
417 372 55
279 240 38
334 240 41
168 372 34
320 32 46
406 0 57
68 486 59
223 240 59
149 270 48
447 240 52
487 491 34
299 76 40
153 240 42
341 486 50
227 491 49
339 497 50
138 290 55
233 371 51
309 0 32
478 273 55
337 0 53
231 153 32
41 430 38
5 273 40
126 138 49
463 337 35
470 32 49
402 68 57
460 486 49
333 486 54
348 299 35
268 76 53
134 279 43
200 32 47
147 339 57
119 320 51
426 153 45
292 168 58
377 29 53
418 436 44
342 0 37
115 41 54
389 470 55
106 371 50
35 290 36
385 436 56
116 29 53
193 223 32
60 463 43
428 128 46
422 433 58
148 249 40
156 371 45
229 186 49
359 5 46
54 377 51
232 147 58
125 463 31
473 337 59
73 128 57
384 292 45
253 54 47
133 97 33
136 0 31
83 273 59
451 240 35
30 233 58
45 147 49
11 73 51
217 436 32
399 341 38
361 196 52
318 473 50
124 119 36
368 281 57
26 32 44
480 54 42
18 115 52
15 359 32
222 15 54
367 253 35
69 97 52
255 168 43
161 115 44
212 5 36
90 279 55
410 41 43
179 451 30
3 11 43
411 433 51
244 428 38
202 97 58
120 389 47
140 249 53
432 126 53
242 422 41
51 73 49
21 186 57
40 233 36
72 128 50
220 451 55
89 179 53
413 189 41
313 309 53
178 447 55
155 26 38
108 186 40
326 193 55
123 342 35
245 155 34
152 136 45
91 134 45
24 68 39
405 418 31
251 418 57
298 76 32
455 229 30
369 202 46
58 290 50
352 106 46
77 268 53
437 136 57
330 222 51
85 447 47
378 106 50
458 189 47
162 116 56
439 413 59
382 242 46
141 430 46
25 382 45
258 193 54
323 30 37
137 83 50
17 480 44
19 26 44
401 361 49
306 51 54
34 90 37
325 342 42
57 406 47
105 333 37
1 108 45
296 372 37
183 406 52
349 497 55
435 120 34
256 337 36
446 458 34
66 24 36
145 217 42
132 134 33
366 115 35
230 486 49
239 455 34
43 486 43
365 458 53
286 106 57
27 279 49
16 497 52
381 418 56
386 45 38
201 73 54
127 473 52
331 72 46
488 273 41
31 120 43
492 245 34
160 366 46
211 137 48
257 418 34
481 318 38
39 1 39
226 108 48
457 251 50
80 348 50
343 212 34
131 323 52
84 123 42
100 481 49
46 378 46
130 240 44
65 43 33
206 473 52
285 455 59
47 413 42
248 273 33
96 149 56
63 257 46
277 460 53
70 100 58
415 298 44
444 491 51
364 108 59
112 333 30
143 331 47
454 337 35
219 333 56
495 206 32
412 35 43
247 27 39
113 325 50
93 178 45
154 309 42
109 286 53
98 418 32
380 58 36
9 168 54
314 115 58
379 19 56
204 124 30
129 481 39
12 19 57
327 334 53
469 367 39
311 149 54
236 451 48
81 156 34
363 372 39
177 306 55
465 57 53
74 132 58
221 231 44
167 11 37
150 299 33
445 90 53
184 378 59
485 137 39
139 184 37
208 186 58
173 311 33
387 470 44
414 32 44
38 15 42
476 369 46
23 389 55
303 256 40
237 314 39
373 125 37
158 23 55
419 418 48
357 334 54
44 380 38
425 123 54
310 66 37
94 83 48
301 488 41
207 323 55
197 128 50
374 116 35
395 337 37
304 221 57
284 43 56
354 207 56
479 31 40
317 1 52
324 83 43
103 27 50
82 149 41
87 227 45
388 406 41
174 237 35
50 306 50
420 339 47
340 232 42
477 455 44
482 156 45
4 311 49
64 317 56
319 386 30
271 334 47
49 127 47
315 84 50
345 381 43
203 365 44
263 242 58
122 147 51
416 3 39
246 399 56
92 363 45
216 98 45
104 129 46
358 384 43
172 161 36
329 129 57
59 460 45
424 306 38
489 380 45
190 123 56
166 424 34
390 220 47
181 245 34
307 363 59
144 482 35
450 98 34
135 4 59
355 405 59
272 50 52
176 279 42
121 436 53
274 349 36
213 301 50
468 168 46
283 173 57
265 485 30
494 91 32
394 4 45
228 390 41
71 141 53
10 425 32
260 76 56
107 92 41
61 424 32
56 184 35
187 463 55
467 237 39
431 196 47
114 310 58
169 228 48
335 382 37
170 174 54
191 54 49
254 494 41
171 270 47
28 477 47
443 246 40
262 326 41
99 446 50
295 233 51
238 114 42
442 105 34
360 253 56
102 437 43
194 469 57
266 384 57
215 141 33
205 348 52
269 330 31
175 319 46
287 145 46
297 191 52
22 295 53
448 16 33
235 450 49
180 66 45
214 179 38
449 345 32
55 470 32
188 180 59
163 202 51
198 373 31
376 99 37
400 495 53
397 366 47
302 77 47
456 388 51
493 207 36
88 337 40
267 232 40
67 66 33
62 134 54
421 102 46
14 133 51
33 74 54
392 43 30
275 448 45
37 485 34
110 179 51
225 27 58
182 304 57
346 212 59
293 87 51
499 304 47
142 214 53
78 421 32
441 122 55
461 128 35
398 188 45
347 416 46
2 499 50
471 245 32
393 213 48
288 433 32
276 135 47
75 428 52
459 271 58
362 191 56
241 341 59
484 213 44
350 430 30
322 47 30
159 402 59
48 92 44
408 182 50
13 362 49
218 49 32
438 493 39
199 76 36
250 337 46
7 74 57
264 349 50
42 400 45
353 277 34
475 108 55
483 335 43
308 240 35
86 479 58
146 74 59
423 425 32
383 264 41
305 438 30
289 385 33
291 166 40
336 470 51
294 112 33
498 229 55
20 467 56
375 270 44
282 1 43
452 318 51
224 21 51
210 334 47
427 473 41
464 131 50
259 147 41
157 449 44
53 284 47
466 168 58
434 271 42
252 390 30
209 143 48
440 37 55
195 390 45
278 306 38
472 341 51
404 278 55
234 376 49
332 493 50
312 157 44
403 471 43
164 140 40
261 77 53
36 446 44
396 377 55
117 193 56
151 253 35
356 392 57
280 277 34
6 131 41
351 252 33
429 348 38
344 76 40
474 173 38
409 163 50
496 434 38
243 426 32
338 285 57
192 31 53
8 172 41
101 59 37
165 246 42
407 474 58
111 374 58
462 167 56
453 385 43
328 122 30
52 126 57
316 56 49
118 309 56
490 408 56
95 248 50
185 266 51
321 486 53
79 27 44
300 269 34
PROGRAMS ASSIGNED TO NODES (nID pID1 pID2 ...):
0 1 2 3 4 5 6 7
1 2 4 5
2 1 7
3 1 2 3 5 7
4 4
5 1 4
6 7
7 2
8 2 3 4 6 7
9 6
10 1 2 3 5 6 7
12 3 4 5 6 7
13 1 2 5 6
14 3 4
15 1 2 3 5 6 7
16 3 7
18 3 5 6
19 2 4 6 7
20 1 3 4
21 1 3 4 6 7
22 6 7
23 1 2 4 7
24 2 3 4 6
25 3
27 5
28 1 3
29 2 3 4 7
30 1 2 3 4 7
32 2 4 5
33 2 5
34 5 7
35 1 4
36 2 3 5
37 3 5 6
38 1 5 7
39 3 4 5 7
40 2
41 3 4
42 2
43 2 4 5
45 1 4
46 1 2
48 1 2 3 4 5
49 5 6 7
50 2 4 5 6 7
51 2 3 4 6
52 3 4 7
53 2 7
55 1 4 5 6
57 1 6
58 1 3 6 7
59 3
60 1 4 5 7
62 1 4 6
63 1 4
64 1 4 6
66 1 2 3 4 6 7
68 3
69 1 4
70 1 2 4 5 7
71 2 6
72 1 2 4 5 6 7
73 1 2 4 7
74 1 2 3 4 5 7
75 1 5
76 1 2 3 4 5 7
77 2
78 2 3 4 5 6 7
79 1 3
80 1 2 3 5 6
81 1 2 3 4 6 7
83 1 4 6 7
84 3 5 6
85 3 4 5 7
86 1 2 3 4 6 7
87 2 3 5 6 7
88 7
90 2
91 2 4 5
93 5 6
94 1 2 4 6
95 7
97 1 3 4 5 6 7
99 1 2 3 4 5
100 2 6 7
102 4
103 5 7
104 1 5 7
106 3 4 7
107 1 2 3 4 6 7
108 6 7
109 1 4 5 6 7
111 2 3 5 6 7
112 1 3 4 5 6 7
114 1 4 5 6 7
115 2 4 6 7
117 2
120 1 2 3 4 5 6
123 1 2 3 4 5
124 1 3 4 6 7
125 2 7
126 1 3 4 5 6 7
127 1 2 3 4 5
129 3 4 5
130 4
131 1 2 3 4 5 7
132 7
133 3 4
134 1 2 4 5 6 7
135 2 5 6
137 2 3 4
138 1 2 3 4 6 7
140 1 2 3 4 5
141 1 4 6 7
144 2 3 4 5
146 1 4
148 2
149 2 4 7
150 3
151 7
152 1 2 3 4 5 7
153 1 2 4 5 6 7
154 1 2 3 4 6 7
155 3 4 6
156 3
157 1 2 3 4 6 7
158 1 2 3 4 5 7
159 1 2 3 5
160 1 2 3 4 6 7
161 1 2 4 5 6
162 5 6 7
163 2
164 2 5
166 1 4 6 7
167 1 5
168 2 3
169 1 2 4 5 6
170 1 4 5 6
172 1 3 4 5 6 7
173 1 2 6
174 2 7
175 1 2 3 6 7
176 5
177 1 2 3 4 7
178 1 2 3 5 6 7
179 1 2 3 4 5
180 2
181 2 3 5 6 7
182 2 4
183 1 2 3
185 2 3 4
186 4 6
187 2 3 6 7
188 1 2 3 4 7
189 3 5
190 1 2 3 4
191 1 2 3 4 5
192 1 3 4 6
193 1 2 3 5 7
194 2 6
195 2 5 6
197 2 4 5 7
198 1 2 3 4 6 7
199 2 3 4 5
200 1 3 5 6
201 1 2 5 6 7
202 1 3 4 5 6 7
203 1 3 4 5 7
204 1 3 4 5 6 7
205 1 5 6
207 1 5
208 1 2 5 6
209 2 3 4 7
211 1 2 3 6 7
212 6
213 1 3 4 5 6 7
214 2 3 6 7
216 3 6
217 1 3 4 5 6 7
220 1 2 3 4 5 6
222 1 3
223 5
224 6
226 5 6 7
227 1 2 3 4 6
229 1 3 6
230 2
231 5 7
232 1 4 5 6 7
233 7
234 1 2 4 5 6 7
236 1 2 3 4 6 7
237 1 3 4 5 6 7
239 1 3 4 5 7
241 1 3 5
243 2 6
244 1 2 3 4 5 7
245 1 2 4 5 6 7
246 5 6
247 1
248 2 3 5 6 7
250 2 7
251 1 2 4 7
253 7
254 2 3 7
255 5
256 6 7
257 2 4 7
259 1 2 3 4 5 6
260 1 5
262 1 2 3 4 5 6
263 2 3 4 6 7
264 1 2 4 6 7
266 2 3 7
267 6
268 2 3 5 6
269 1 2 3 4 5 7
270 3
271 2 3 5 7
272 2 3 5 7
273 1 2 4 5 6
274 3 5 7
276 1 3 4 5 6
277 2 5
279 1 3 4 6
280 4 5 6
281 1 2 3 4 5 7
283 4
284 1 4 5 7
286 1 2 3 4 5 7
288 4
289 1 4 7
290 2 3 7
291 1 3 5 6 7
292 3 4 5
293 6 7
294 1 3 4 5 6 7
295 2
296 1 2 3 4 6 7
297 1 2 4 7
298 1 2 4 5
300 2 4 6 7
301 2 3 4 5 6
304 2 3 5 6
306 6
307 3 6 7
309 4 6 7
310 4 7
311 2 3 6
312 2 3
314 1 2 3 6 7
315 1 2 3 4 5 7
316 4
317 7
318 1 2 3 5 7
319 3 5
320 1 2 5
321 1 2 3 5 6 7
322 6
323 1
324 3 4
325 1 2 3 4 7
326 5
327 1 6
328 3 4
329 4
330 1 5
331 3
333 1 2 3 4 7
334 1 2 3 6
337 4
339 1 2 3 6 7
340 4 7
341 3 5
342 1 6
344 1 2 3 4 6
345 2 4 5 7
346 2 4 6 7
347 1 3 4 5 6 7
348 1 2 4 5 6 7
349 1 3 5 6
350 1 2 5 6
351 1 2 3 5
353 5
354 1 2 3 5 6 7
355 1 4 5 6 7
356 2 3 6
357 1 2 3 5 7
358 1 2 4 5 6 7
360 2 3 4 6
361 1 5 6
362 2
363 1 2 3 5 6 7
364 2 5 7
366 1 3 4 5
367 1 2 3 4 5 6
368 7
370 1 3 5
371 3 4 5
372 1 5 6
373 1 6
374 1 2 3 4 7
377 4 5
378 1 3 5
379 1 2 3 4 5 6
380 3 5 6
381 1 3 4 5 6
382 1 2 3 5 6 7
383 1 3 4 5 6 7
384 1 3 6 7
385 4
386 1 2 3 5 7
388 5
389 2 3 4 6
390 2
393 1 2 5 6 7
394 2
396 2 4 7
397 1 3 4 5 6 7
398 1 2
399 3 4 7
400 1 2 4 5 6 7
401 2
402 1 2 3 4 5 7
403 1 3 4 5 6 7
404 4 5
405 1 5 6 7
406 1 4 7
407 3 4 5 6 7
408 2 3
409 2 3 4 5 6
410 1 2 5 6 7
411 3 5 6
416 5
417 5 6 7
419 1 5 6 7
420 3 4
422 1 3 4 5 6 7
423 1 2 3 4 5
424 1 3 6 7
425 1 2 6 7
426 3
427 1 3 4 5 6 7
428 2 3 5 7
429 2 3 4 5 6 7
432 1 2 4 5 6 7
433 1 2 3 4 6 7
434 5 6
435 4
436 2 6
437 2 3 4 5 6 7
438 1
439 1 3 4 5 7
441 1 3 5 7
442 2 3 4 5 7
443 1 3 5 7
444 1 2 4 5 7
445 1 2 3 4 5 7
446 1 2 3 4 7
447 2 4
449 2 3 4 6 7
450 7
452 2 3 4 6
454 1 2 4 5 6 7
455 2 5 6
456 1 2 3 4 5 6
457 2 3 4 5 6 7
458 1 4 6
459 1 2 3 4 6 7
460 1 5
461 1 5 6
462 2 3 4 5 6 7
463 1 3
464 3 6 7
465 1 2 3 4 5
466 2 3 5 6
467 3 5
468 2 3 5 6
470 5
471 3 4 5 7
472 1 4 5 7
474 1 2 3 5 6 7
475 1 2 3 4 5
476 1 6
477 7
478 1 4 5
479 2 3 4 5 6 7
480 2 4
481 1 2 3 4 5
482 6 7
483 1 2 3 6 7
484 7
485 1 2 5 6 7
486 3 4 7
487 7
488 1 3 6 7
489 1 3
490 1
491 2
492 1 3 4 5 6 7
493 4 6 7
494 1 2 3 4 5 7
495 1 4
496 2
497 1 2 3 4 5 6
498 2 3 4 5 6 7
499 1 2 4 6 7
SIZE OF PROGRAMS (pID SIZE):
1 80.0
2 75.0
3 66.0
4 75.0
5 68.0
6 60.0
7 67.0
COST TO INSTALL SERVERS AND PROGRAMS ON NODES (COST_TO_INSTALL_SERVER COST_TO_INSTALL_pID1 ...):
0 2841.25 3.0 2.8125 2.475 2.8125 2.55 2.25 2.5125
1 8.247593482905984 3.0 2.8125 2.475 2.8125 2.55 2.25 2.5125
2 23.745792207108565 3.0 2.8125 2.475 2.8125 2.55 2.25 2.5125
3 74.07120496316493 3.0 2.8125 2.475 2.8125 2.55 2.25 2.5125
4 29.490221916900307 2.0 1.875 1.65 1.875 1.7 1.5 1.675
5 22.471584507596432 2.0 1.875 1.65 1.875 1.7 1.5 1.675
6 1.0678606277264628 2.0 1.875 1.65 1.875 1.7 1.5 1.675
7 1.5093881477366313 2.0 1.875 1.65 1.875 1.7 1.5 1.675
8 20.987615458896478 3.0 2.8125 2.475 2.8125 2.55 2.25 2.5125
9 0.7184454118961643 3.0 2.8125 2.475 2.8125 2.55 2.25 2.5125
10 17.671549508692365 2.0 1.875 1.65 1.875 1.7 1.5 1.675
11 28.65152129810211 2.0 1.875 1.65 1.875 1.7 1.5 1.675
12 10.790345560871877 3.0 2.8125 2.475 2.8125 2.55 2.25 2.5125
13 25.35110266278787 2.0 1.875 1.65 1.875 1.7 1.5 1.675
14 8.095111770047623 3.0 2.8125 2.475 2.8125 2.55 2.25 2.5125
15 76.68886167683358 2.0 1.875 1.65 1.875 1.7 1.5 1.675
16 0.5480092592592586 3.0 2.8125 2.475 2.8125 2.55 2.25 2.5125
17 58.0 2.0 1.875 1.65 1.875 1.7 1.5 1.675
18 14.105453028939872 3.0 2.8125 2.475 2.8125 2.55 2.25 2.5125
19 7.630028409090911 2.0 1.875 1.65 1.875 1.7 1.5 1.675
20 20.246593279174945 3.0 2.8125 2.475 2.8125 2.55 2.25 2.5125
21 2.742280701754385 2.0 1.875 1.65 1.875 1.7 1.5 1.675
22 9.490186010987204 3.0 2.8125 2.475 2.8125 2.55 2.25 2.5125
23 7.105401242748184 3.0 2.8125 2.475 2.8125 2.55 2.25 2.5125
24 13.835009836561747 3.0 2.8125 2.475 2.8125 2.55 2.25 2.5125
25 5.050145109749755 3.0 2.8125 2.475 2.8125 2.55 2.25 2.5125
26 3.738295454545455 3.0 2.8125 2.475 2.8125 2.55 2.25 2.5125
27 11.238524728717401 2.0 1.875 1.65 1.875 1.7 1.5 1.675
28 11.012716666987181 2.0 1.875 1.65 1.875 1.7 1.5 1.675
29 19.126898647808133 2.0 1.875 1.65 1.875 1.7 1.5 1.675
30 31.58713658380019 2.0 1.875 1.65 1.875 1.7 1.5 1.675
31 11.791383661776301 2.0 1.875 1.65 1.875 1.7 1.5 1.675
32 5.50670138888889 2.0 1.875 1.65 1.875 1.7 1.5 1.675
33 2.891837690183536 2.0 1.875 1.65 1.875 1.7 1.5 1.675
34 1.965822952829532 3.0 2.8125 2.475 2.8125 2.55 2.25 2.5125
35 1.256063034188034 2.0 1.875 1.65 1.875 1.7 1.5 1.675
36 8.820751537044167 3.0 2.8125 2.475 2.8125 2.55 2.25 2.5125
37 30.550153538116856 3.0 2.8125 2.475 2.8125 2.55 2.25 2.5125
38 4.462570931910565 2.0 1.875 1.65 1.875 1.7 1.5 1.675
39 10.143589743589747 2.0 1.875 1.65 1.875 1.7 1.5 1.675
40 3.9046743697478994 3.0 2.8125 2.475 2.8125 2.55 2.25 2.5125
41 2.9602462887989205 2.0 1.875 1.65 1.875 1.7 1.5 1.675
42 4.607459687338564 2.0 1.875 1.65 1.875 1.7 1.5 1.675
43 4.579166320598008 3.0 2.8125 2.475 2.8125 2.55 2.25 2.5125
44 55.0 2.0 1.875 1.65 1.875 1.7 1.5 1.675
45 14.208499283924098 3.0 2.8125 2.475 2.8125 2.55 2.25 2.5125
46 7.631748763515067 2.0 1.875 1.65 1.875 1.7 1.5 1.675
47 3.883268560707585 2.0 1.875 1.65 1.875 1.7 1.5 1.675
48 31.100408833780925 3.0 2.8125 2.475 2.8125 2.55 2.25 2.5125
49 8.507026269145193 2.0 1.875 1.65 1.875 1.7 1.5 1.675
50 20.566019868510924 2.0 1.875 1.65 1.875 1.7 1.5 1.675
51 69.91627961511874 2.0 1.875 1.65 1.875 1.7 1.5 1.675
52 17.130574216927595 3.0 2.8125 2.475 2.8125 2.55 2.25 2.5125
53 6.662539446918468 2.0 1.875 1.65 1.875 1.7 1.5 1.675
54 20.70556494013193 2.0 1.875 1.65 1.875 1.7 1.5 1.675
55 10.65060232426304 2.0 1.875 1.65 1.875 1.7 1.5 1.675
56 1.0305412631154158 2.0 1.875 1.65 1.875 1.7 1.5 1.675
57 1.4231120354076685 2.0 1.875 1.65 1.875 1.7 1.5 1.675
58 12.431198717948718 3.0 2.8125 2.475 2.8125 2.55 2.25 2.5125
59 1.1460204081632652 3.0 2.8125 2.475 2.8125 2.55 2.25 2.5125
60 2.887979533630039 3.0 2.8125 2.475 2.8125 2.55 2.25 2.5125
61 36.0 3.0 2.8125 2.475 2.8125 2.55 2.25 2.5125
62 3.3256630491827863 2.0 1.875 1.65 1.875 1.7 1.5 1.675
63 15.544225672060424 3.0 2.8125 2.475 2.8125 2.55 2.25 2.5125
64 1.8264499389499393 2.0 1.875 1.65 1.875 1.7 1.5 1.675
65 48.0 2.0 1.875 1.65 1.875 1.7 1.5 1.675
66 2.7828642567413757 3.0 2.8125 2.475 2.8125 2.55 2.25 2.5125
67 26.0 2.0 1.875 1.65 1.875 1.7 1.5 1.675
68 0.7600047921711073 3.0 2.8125 2.475 2.8125 2.55 2.25 2.5125
69 1.5780464769904423 3.0 2.8125 2.475 2.8125 2.55 2.25 2.5125
70 3.4595579328803625 2.0 1.875 1.65 1.875 1.7 1.5 1.675
71 1.006849088155487 2.0 1.875 1.65 1.875 1.7 1.5 1.675
72 6.730250335503747 3.0 2.8125 2.475 2.8125 2.55 2.25 2.5125
73 31.395855760309463 3.0 2.8125 2.475 2.8125 2.55 2.25 2.5125
74 41.851282510994 2.0 1.875 1.65 1.875 1.7 1.5 1.675
75 2.339024677279402 3.0 2.8125 2.475 2.8125 2.55 2.25 2.5125
76 20.26434778528529 3.0 2.8125 2.475 2.8125 2.55 2.25 2.5125
77 0.6471799039605645 3.0 2.8125 2.475 2.8125 2.55 2.25 2.5125
78 27.88460514069143 2.0 1.875 1.65 1.875 1.7 1.5 1.675
79 9.872327160795207 2.0 1.875 1.65 1.875 1.7 1.5 1.675
80 18.46955736093236 3.0 2.8125 2.475 2.8125 2.55 2.25 2.5125
81 3.8500997899159675 3.0 2.8125 2.475 2.8125 2.55 2.25 2.5125
82 64.0 3.0 2.8125 2.475 2.8125 2.55 2.25 2.5125
83 45.996951903436404 3.0 2.8125 2.475 2.8125 2.55 2.25 2.5125
84 22.707170205920207 2.0 1.875 1.65 1.875 1.7 1.5 1.675
85 10.523817512274963 2.0 1.875 1.65 1.875 1.7 1.5 1.675
86 24.306316033912083 2.0 1.875 1.65 1.875 1.7 1.5 1.675
87 16.467513227513223 2.0 1.875 1.65 1.875 1.7 1.5 1.675
88 0.25599056603773584 3.0 2.8125 2.475 2.8125 2.55 2.25 2.5125
89 25.0 3.0 2.8125 2.475 2.8125 2.55 2.25 2.5125
90 21.792691026079186 2.0 1.875 1.65 1.875 1.7 1.5 1.675
91 16.57845811140104 2.0 1.875 1.65 1.875 1.7 1.5 1.675
92 35.25592110670599 3.0 2.8125 2.475 2.8125 2.55 2.25 2.5125
93 1.8717016317016322 2.0 1.875 1.65 1.875 1.7 1.5 1.675
94 12.488438518267564 2.0 1.875 1.65 1.875 1.7 1.5 1.675
95 5.771345753039988 3.0 2.8125 2.475 2.8125 2.55 2.25 2.5125
96 50.0 2.0 1.875 1.65 1.875 1.7 1.5 1.675
97 33.845633432539685 2.0 1.875 1.65 1.875 1.7 1.5 1.675
98 7.491703880914407 3.0 2.8125 2.475 2.8125 2.55 2.25 2.5125
99 20.253753610950653 3.0 2.8125 2.475 2.8125 2.55 2.25 2.5125
100 12.711190243798669 2.0 1.875 1.65 1.875 1.7 1.5 1.675
101 57.0 2.0 1.875 1.65 1.875 1.7 1.5 1.675
102 18.90522763679641 2.0 1.875 1.65 1.875 1.7 1.5 1.675
103 2.069763746591754 2.0 1.875 1.65 1.875 1.7 1.5 1.675
104 16.815379883835558 3.0 2.8125 2.475 2.8125 2.55 2.25 2.5125
105 2.981634491634493 3.0 2.8125 2.475 2.8125 2.55 2.25 2.5125
106 28.42904613095239 3.0 2.8125 2.475 2.8125 2.55 2.25 2.5125
107 49.621853840624055 3.0 2.8125 2.475 2.8125 2.55 2.25 2.5125
108 1.2589743589743594 2.0 1.875 1.65 1.875 1.7 1.5 1.675
109 29.059615791312662 2.0 1.875 1.65 1.875 1.7 1.5 1.675
110 20.0 2.0 1.875 1.65 1.875 1.7 1.5 1.675
111 27.05295226829125 3.0 2.8125 2.475 2.8125 2.55 2.25 2.5125
112 2.1075132275132273 2.0 1.875 1.65 1.875 1.7 1.5 1.675
113 92.0 3.0 2.8125 2.475 2.8125 2.55 2.25 2.5125
114 30.441312772332637 2.0 1.875 1.65 1.875 1.7 1.5 1.675
115 19.534533288349078 3.0 2.8125 2.475 2.8125 2.55 2.25 2.5125
116 9.763606348068002 3.0 2.8125 2.475 2.8125 2.55 2.25 2.5125
117 6.306667908362823 3.0 2.8125 2.475 2.8125 2.55 2.25 2.5125
118 79.0 3.0 2.8125 2.475 2.8125 2.55 2.25 2.5125
119 20.88731051841026 3.0 2.8125 2.475 2.8125 2.55 2.25 2.5125
120 4.09875449567319 2.0 1.875 1.65 1.875 1.7 1.5 1.675
121 94.0 3.0 2.8125 2.475 2.8125 2.55 2.25 2.5125
122 16.35675289531017 2.0 1.875 1.65 1.875 1.7 1.5 1.675
123 12.770265444015443 2.0 1.875 1.65 1.875 1.7 1.5 1.675
124 9.368971704623878 2.0 1.875 1.65 1.875 1.7 1.5 1.675
125 2.3137007651508554 2.0 1.875 1.65 1.875 1.7 1.5 1.675
126 13.636044615107117 3.0 2.8125 2.475 2.8125 2.55 2.25 2.5125
127 7.323593653907652 3.0 2.8125 2.475 2.8125 2.55 2.25 2.5125
128 56.045440771161516 3.0 2.8125 2.475 2.8125 2.55 2.25 2.5125
129 2.5017505617996925 3.0 2.8125 2.475 2.8125 2.55 2.25 2.5125
130 0.7261436480186481 3.0 2.8125 2.475 2.8125 2.55 2.25 2.5125
131 64.62401616069307 2.0 1.875 1.65 1.875 1.7 1.5 1.675
132 44.55570965083128 3.0 2.8125 2.475 2.8125 2.55 2.25 2.5125
133 12.20251298079315 3.0 2.8125 2.475 2.8125 2.55 2.25 2.5125
134 6.6856270530604975 2.0 1.875 1.65 1.875 1.7 1.5 1.675
135 19.71310414689379 2.0 1.875 1.65 1.875 1.7 1.5 1.675
136 1.6927620967741939 2.0 1.875 1.65 1.875 1.7 1.5 1.675
137 7.007156106286634 2.0 1.875 1.65 1.875 1.7 1.5 1.675
138 6.511436844405595 3.0 2.8125 2.475 2.8125 2.55 2.25 2.5125
139 66.0 3.0 2.8125 2.475 2.8125 2.55 2.25 2.5125
140 3.0101564375045182 2.0 1.875 1.65 1.875 1.7 1.5 1.675
141 14.39873467112598 3.0 2.8125 2.475 2.8125 2.55 2.25 2.5125
142 52.0 3.0 2.8125 2.475 2.8125 2.55 2.25 2.5125
143 27.25120687300467 2.0 1.875 1.65 1.875 1.7 1.5 1.675
144 3.54718253968254 2.0 1.875 1.65 1.875 1.7 1.5 1.675
145 77.0 2.0 1.875 1.65 1.875 1.7 1.5 1.675
146 12.6378815846158 3.0 2.8125 2.475 2.8125 2.55 2.25 2.5125
147 19.302975877192985 2.0 1.875 1.65 1.875 1.7 1.5 1.675
148 0.6662151067323482 2.0 1.875 1.65 1.875 1.7 1.5 1.675
149 18.56837301587302 3.0 2.8125 2.475 2.8125 2.55 2.25 2.5125
150 4.60777027027027 2.0 1.875 1.65 1.875 1.7 1.5 1.675
151 1.0574897501095764 3.0 2.8125 2.475 2.8125 2.55 2.25 2.5125
152 0.731850358422939 3.0 2.8125 2.475 2.8125 2.55 2.25 2.5125
153 18.972481303418803 2.0 1.875 1.65 1.875 1.7 1.5 1.675
154 8.537334183673467 2.0 1.875 1.65 1.875 1.7 1.5 1.675
155 21.403919457735253 2.0 1.875 1.65 1.875 1.7 1.5 1.675
156 21.930602678571436 3.0 2.8125 2.475 2.8125 2.55 2.25 2.5125
157 7.920517751832012 2.0 1.875 1.65 1.875 1.7 1.5 1.675
158 3.7093898165326737 3.0 2.8125 2.475 2.8125 2.55 2.25 2.5125
159 5.4551189945202 3.0 2.8125 2.475 2.8125 2.55 2.25 2.5125
160 28.869214367140973 2.0 1.875 1.65 1.875 1.7 1.5 1.675
161 4.37166463896727 3.0 2.8125 2.475 2.8125 2.55 2.25 2.5125
162 13.892061276394392 2.0 1.875 1.65 1.875 1.7 1.5 1.675
163 4.108319875076467 3.0 2.8125 2.475 2.8125 2.55 2.25 2.5125
164 11.807137841531466 2.0 1.875 1.65 1.875 1.7 1.5 1.675
165 70.0 3.0 2.8125 2.475 2.8125 2.55 2.25 2.5125
166 91.28892423856244 3.0 2.8125 2.475 2.8125 2.55 2.25 2.5125
167 53.39655581605149 3.0 2.8125 2.475 2.8125 2.55 2.25 2.5125
168 26.522902883432344 2.0 1.875 1.65 1.875 1.7 1.5 1.675
169 54.85087336074427 2.0 1.875 1.65 1.875 1.7 1.5 1.675
170 14.329508513768952 2.0 1.875 1.65 1.875 1.7 1.5 1.675
171 73.0 2.0 1.875 1.65 1.875 1.7 1.5 1.675
172 46.03245057695714 2.0 1.875 1.65 1.875 1.7 1.5 1.675
173 42.14549003997282 3.0 2.8125 2.475 2.8125 2.55 2.25 2.5125
174 47.6756653479252 3.0 2.8125 2.475 2.8125 2.55 2.25 2.5125
175 4.510708276903439 3.0 2.8125 2.475 2.8125 2.55 2.25 2.5125
176 5.578061499903606 2.0 1.875 1.65 1.875 1.7 1.5 1.675
177 41.757632662847804 3.0 2.8125 2.475 2.8125 2.55 2.25 2.5125
178 42.00562770562771 2.0 1.875 1.65 1.875 1.7 1.5 1.675
179 65.10499255952382 3.0 2.8125 2.475 2.8125 2.55 2.25 2.5125
180 7.63749115291488 3.0 2.8125 2.475 2.8125 2.55 2.25 2.5125
181 41.23140757419396 2.0 1.875 1.65 1.875 1.7 1.5 1.675
182 41.32943728785833 2.0 1.875 1.65 1.875 1.7 1.5 1.675
183 0.260219298245614 2.0 1.875 1.65 1.875 1.7 1.5 1.675
184 0.8162555488297015 2.0 1.875 1.65 1.875 1.7 1.5 1.675
185 34.945999476980894 2.0 1.875 1.65 1.875 1.7 1.5 1.675
186 70.0 3.0 2.8125 2.475 2.8125 2.55 2.25 2.5125
187 5.443236951727519 2.0 1.875 1.65 1.875 1.7 1.5 1.675
188 23.59838051778729 2.0 1.875 1.65 1.875 1.7 1.5 1.675
189 17.57842948717949 2.0 1.875 1.65 1.875 1.7 1.5 1.675
190 1.4342857142857144 2.0 1.875 1.65 1.875 1.7 1.5 1.675
191 45.70520722292635 3.0 2.8125 2.475 2.8125 2.55 2.25 2.5125
192 17.647000463251263 2.0 1.875 1.65 1.875 1.7 1.5 1.675
193 6.618239714616833 2.0 1.875 1.65 1.875 1.7 1.5 1.675
194 20.805484752357394 3.0 2.8125 2.475 2.8125 2.55 2.25 2.5125
195 11.676637296657244 3.0 2.8125 2.475 2.8125 2.55 2.25 2.5125
196 1.5562946428571434 3.0 2.8125 2.475 2.8125 2.55 2.25 2.5125
197 38.36529706836477 2.0 1.875 1.65 1.875 1.7 1.5 1.675
198 16.55759624435881 3.0 2.8125 2.475 2.8125 2.55 2.25 2.5125
199 12.614226726726724 2.0 1.875 1.65 1.875 1.7 1.5 1.675
200 7.9868085106383 3.0 2.8125 2.475 2.8125 2.55 2.25 2.5125
201 50.02399756594865 3.0 2.8125 2.475 2.8125 2.55 2.25 2.5125
202 46.876777127805155 2.0 1.875 1.65 1.875 1.7 1.5 1.675
203 26.174671395110984 2.0 1.875 1.65 1.875 1.7 1.5 1.675
204 18.222988673730356 3.0 2.8125 2.475 2.8125 2.55 2.25 2.5125
205 21.455918060918055 3.0 2.8125 2.475 2.8125 2.55 2.25 2.5125
206 5.00740328387634 3.0 2.8125 2.475 2.8125 2.55 2.25 2.5125
207 39.4596043506363 2.0 1.875 1.65 1.875 1.7 1.5 1.675
208 0.7616103006189201 3.0 2.8125 2.475 2.8125 2.55 2.25 2.5125
209 30.199123539671334 2.0 1.875 1.65 1.875 1.7 1.5 1.675
210 25.0 3.0 2.8125 2.475 2.8125 2.55 2.25 2.5125
211 49.05950380153223 3.0 2.8125 2.475 2.8125 2.55 2.25 2.5125
212 36.40791216318763 3.0 2.8125 2.475 2.8125 2.55 2.25 2.5125
213 40.70785467145927 2.0 1.875 1.65 1.875 1.7 1.5 1.675
214 13.04991951031425 3.0 2.8125 2.475 2.8125 2.55 2.25 2.5125
215 103.0 3.0 2.8125 2.475 2.8125 2.55 2.25 2.5125
216 1.834916267942584 2.0 1.875 1.65 1.875 1.7 1.5 1.675
217 24.629593030194545 3.0 2.8125 2.475 2.8125 2.55 2.25 2.5125
218 38.0 3.0 2.8125 2.475 2.8125 2.55 2.25 2.5125
219 24.0 2.0 1.875 1.65 1.875 1.7 1.5 1.675
220 5.653833388833391 2.0 1.875 1.65 1.875 1.7 1.5 1.675
221 44.743458208458215 3.0 2.8125 2.475 2.8125 2.55 2.25 2.5125
222 20.964888630142223 3.0 2.8125 2.475 2.8125 2.55 2.25 2.5125
223 21.23304489442996 3.0 2.8125 2.475 2.8125 2.55 2.25 2.5125
224 1.3605382233865204 2.0 1.875 1.65 1.875 1.7 1.5 1.675
225 13.0 2.0 1.875 1.65 1.875 1.7 1.5 1.675
226 3.9749999999999996 3.0 2.8125 2.475 2.8125 2.55 2.25 2.5125
227 10.396057492441424 3.0 2.8125 2.475 2.8125 2.55 2.25 2.5125
228 35.766770456234646 3.0 2.8125 2.475 2.8125 2.55 2.25 2.5125
229 0.9444716444270029 3.0 2.8125 2.475 2.8125 2.55 2.25 2.5125
230 0.1441326530612245 2.0 1.875 1.65 1.875 1.7 1.5 1.675
231 38.04800366300367 3.0 2.8125 2.475 2.8125 2.55 2.25 2.5125
232 4.205881562142904 3.0 2.8125 2.475 2.8125 2.55 2.25 2.5125
233 13.758587330765643 3.0 2.8125 2.475 2.8125 2.55 2.25 2.5125
234 18.35071084026115 2.0 1.875 1.65 1.875 1.7 1.5 1.675
235 92.0 3.0 2.8125 2.475 2.8125 2.55 2.25 2.5125
236 22.18882358712716 2.0 1.875 1.65 1.875 1.7 1.5 1.675
237 25.46608774805972 3.0 2.8125 2.475 2.8125 2.55 2.25 2.5125
238 108.0 3.0 2.8125 2.475 2.8125 2.55 2.25 2.5125
239 2.5380766152614886 3.0 2.8125 2.475 2.8125 2.55 2.25 2.5125
240 35.46963541666668 3.0 2.8125 2.475 2.8125 2.55 2.25 2.5125
241 4.230753228410009 3.0 2.8125 2.475 2.8125 2.55 2.25 2.5125
242 22.405357673574755 2.0 1.875 1.65 1.875 1.7 1.5 1.675
243 2.2122939560439563 2.0 1.875 1.65 1.875 1.7 1.5 1.675
244 47.78546087118497 3.0 2.8125 2.475 2.8125 2.55 2.25 2.5125
245 48.86151617764332 2.0 1.875 1.65 1.875 1.7 1.5 1.675
246 2.1477017543859644 2.0 1.875 1.65 1.875 1.7 1.5 1.675
247 1.1716548697751705 3.0 2.8125 2.475 2.8125 2.55 2.25 2.5125
248 38.750239506302016 3.0 2.8125 2.475 2.8125 2.55 2.25 2.5125
249 18.271727182539685 3.0 2.8125 2.475 2.8125 2.55 2.25 2.5125
250 0.1911874487284656 3.0 2.8125 2.475 2.8125 2.55 2.25 2.5125
251 22.669449630230886 3.0 2.8125 2.475 2.8125 2.55 2.25 2.5125
252 38.02330786382648 2.0 1.875 1.65 1.875 1.7 1.5 1.675
253 24.361947918855332 2.0 1.875 1.65 1.875 1.7 1.5 1.675
254 25.150438546735533 3.0 2.8125 2.475 2.8125 2.55 2.25 2.5125
255 5.078710454640686 3.0 2.8125 2.475 2.8125 2.55 2.25 2.5125
256 2.107569881201956 2.0 1.875 1.65 1.875 1.7 1.5 1.675
257 25.273949303405583 2.0 1.875 1.65 1.875 1.7 1.5 1.675
258 87.0 3.0 2.8125 2.475 2.8125 2.55 2.25 2.5125
259 5.376332008883998 3.0 2.8125 2.475 2.8125 2.55 2.25 2.5125
260 5.060886243386244 2.0 1.875 1.65 1.875 1.7 1.5 1.675
261 44.0 3.0 2.8125 2.475 2.8125 2.55 2.25 2.5125
262 26.962181588564384 3.0 2.8125 2.475 2.8125 2.55 2.25 2.5125
263 23.31898058592655 2.0 1.875 1.65 1.875 1.7 1.5 1.675
264 17.094487373737373 2.0 1.875 1.65 1.875 1.7 1.5 1.675
265 14.0 3.0 2.8125 2.475 2.8125 2.55 2.25 2.5125
266 31.345332224345935 3.0 2.8125 2.475 2.8125 2.55 2.25 2.5125
267 2.522268602540835 3.0 2.8125 2.475 2.8125 2.55 2.25 2.5125
268 9.06835709530285 3.0 2.8125 2.475 2.8125 2.55 2.25 2.5125
269 100.84692693967709 3.0 2.8125 2.475 2.8125 2.55 2.25 2.5125
270 14.997822762725784 3.0 2.8125 2.475 2.8125 2.55 2.25 2.5125
271 38.96341890875946 2.0 1.875 1.65 1.875 1.7 1.5 1.675
272 52.852966940336266 3.0 2.8125 2.475 2.8125 2.55 2.25 2.5125
273 4.579202716456126 3.0 2.8125 2.475 2.8125 2.55 2.25 2.5125
274 5.877727272727273 2.0 1.875 1.65 1.875 1.7 1.5 1.675
275 94.0 3.0 2.8125 2.475 2.8125 2.55 2.25 2.5125
276 21.447071126584344 2.0 1.875 1.65 1.875 1.7 1.5 1.675
277 6.40152002310358 3.0 2.8125 2.475 2.8125 2.55 2.25 2.5125
278 13.159157006947037 2.0 1.875 1.65 1.875 1.7 1.5 1.675
279 35.74262026259561 3.0 2.8125 2.475 2.8125 2.55 2.25 2.5125
280 6.698680434437927 3.0 2.8125 2.475 2.8125 2.55 2.25 2.5125
281 6.423951494088258 2.0 1.875 1.65 1.875 1.7 1.5 1.675
282 44.0 2.0 1.875 1.65 1.875 1.7 1.5 1.675
283 5.896234021574313 2.0 1.875 1.65 1.875 1.7 1.5 1.675
284 1.4571705426356587 2.0 1.875 1.65 1.875 1.7 1.5 1.675
285 39.0 3.0 2.8125 2.475 2.8125 2.55 2.25 2.5125
286 3.777203111946534 3.0 2.8125 2.475 2.8125 2.55 2.25 2.5125
287 73.0 3.0 2.8125 2.475 2.8125 2.55 2.25 2.5125
288 0.6426445578231293 2.0 1.875 1.65 1.875 1.7 1.5 1.675
289 19.83028551492367 3.0 2.8125 2.475 2.8125 2.55 2.25 2.5125
290 25.496197916666667 2.0 1.875 1.65 1.875 1.7 1.5 1.675
291 52.023724632056954 3.0 2.8125 2.475 2.8125 2.55 2.25 2.5125
292 5.81657075222895 3.0 2.8125 2.475 2.8125 2.55 2.25 2.5125
293 6.916394909815775 3.0 2.8125 2.475 2.8125 2.55 2.25 2.5125
294 17.802916237201956 2.0 1.875 1.65 1.875 1.7 1.5 1.675
295 9.526393557422967 3.0 2.8125 2.475 2.8125 2.55 2.25 2.5125
296 28.0713033693993 3.0 2.8125 2.475 2.8125 2.55 2.25 2.5125
297 30.69127892222402 3.0 2.8125 2.475 2.8125 2.55 2.25 2.5125
298 7.134549549549549 3.0 2.8125 2.475 2.8125 2.55 2.25 2.5125
299 20.070131850600603 2.0 1.875 1.65 1.875 1.7 1.5 1.675
300 39.271412648005935 2.0 1.875 1.65 1.875 1.7 1.5 1.675
301 67.99966550983748 3.0 2.8125 2.475 2.8125 2.55 2.25 2.5125
302 25.0 2.0 1.875 1.65 1.875 1.7 1.5 1.675
303 52.0 2.0 1.875 1.65 1.875 1.7 1.5 1.675
304 8.932396543514965 2.0 1.875 1.65 1.875 1.7 1.5 1.675
305 108.0 3.0 2.8125 2.475 2.8125 2.55 2.25 2.5125
306 8.520953919861464 3.0 2.8125 2.475 2.8125 2.55 2.25 2.5125
307 14.695112285847898 2.0 1.875 1.65 1.875 1.7 1.5 1.675
308 106.0 2.0 1.875 1.65 1.875 1.7 1.5 1.675
309 0.6420535714285711 2.0 1.875 1.65 1.875 1.7 1.5 1.675
310 3.3671577379204503 2.0 1.875 1.65 1.875 1.7 1.5 1.675
311 29.4985203430031 3.0 2.8125 2.475 2.8125 2.55 2.25 2.5125
312 12.065634227393712 3.0 2.8125 2.475 2.8125 2.55 2.25 2.5125
313 76.0 2.0 1.875 1.65 1.875 1.7 1.5 1.675
314 45.981558403912075 2.0 1.875 1.65 1.875 1.7 1.5 1.675
315 2.668233912483913 3.0 2.8125 2.475 2.8125 2.55 2.25 2.5125
316 1.1836024876052116 2.0 1.875 1.65 1.875 1.7 1.5 1.675
317 10.776858974358978 3.0 2.8125 2.475 2.8125 2.55 2.25 2.5125
318 3.147789694595458 3.0 2.8125 2.475 2.8125 2.55 2.25 2.5125
319 42.954305082433976 3.0 2.8125 2.475 2.8125 2.55 2.25 2.5125
320 5.010067934782609 2.0 1.875 1.65 1.875 1.7 1.5 1.675
321 4.937563855730969 2.0 1.875 1.65 1.875 1.7 1.5 1.675
322 5.083268560707585 2.0 1.875 1.65 1.875 1.7 1.5 1.675
323 5.683873452378779 2.0 1.875 1.65 1.875 1.7 1.5 1.675
324 8.918629582743748 2.0 1.875 1.65 1.875 1.7 1.5 1.675
325 0.48411679536679525 3.0 2.8125 2.475 2.8125 2.55 2.25 2.5125
326 6.486048885201427 2.0 1.875 1.65 1.875 1.7 1.5 1.675
327 13.937238568261344 2.0 1.875 1.65 1.875 1.7 1.5 1.675
328 1.3150056759545925 2.0 1.875 1.65 1.875 1.7 1.5 1.675
329 0.7523831387588058 2.0 1.875 1.65 1.875 1.7 1.5 1.675
330 51.74756104598652 2.0 1.875 1.65 1.875 1.7 1.5 1.675
331 31.46054600518526 3.0 2.8125 2.475 2.8125 2.55 2.25 2.5125
332 75.0 2.0 1.875 1.65 1.875 1.7 1.5 1.675
333 4.0413326719576705 2.0 1.875 1.65 1.875 1.7 1.5 1.675
334 32.695333802376496 2.0 1.875 1.65 1.875 1.7 1.5 1.675
335 19.955925235025752 3.0 2.8125 2.475 2.8125 2.55 2.25 2.5125
336 106.0 2.0 1.875 1.65 1.875 1.7 1.5 1.675
337 3.717240566037736 3.0 2.8125 2.475 2.8125 2.55 2.25 2.5125
338 50.0 3.0 2.8125 2.475 2.8125 2.55 2.25 2.5125
339 4.289430555555557 3.0 2.8125 2.475 2.8125 2.55 2.25 2.5125
340 0.977990075764123 3.0 2.8125 2.475 2.8125 2.55 2.25 2.5125
341 1.7623401360544235 3.0 2.8125 2.475 2.8125 2.55 2.25 2.5125
342 0.2239358108108107 2.0 1.875 1.65 1.875 1.7 1.5 1.675
343 105.0 2.0 1.875 1.65 1.875 1.7 1.5 1.675
344 15.711306306306305 3.0 2.8125 2.475 2.8125 2.55 2.25 2.5125
345 39.26105029354569 2.0 1.875 1.65 1.875 1.7 1.5 1.675
346 34.027455693778705 2.0 1.875 1.65 1.875 1.7 1.5 1.675
347 9.874175212695306 2.0 1.875 1.65 1.875 1.7 1.5 1.675
348 17.550393205705713 3.0 2.8125 2.475 2.8125 2.55 2.25 2.5125
349 2.4921969696969724 3.0 2.8125 2.475 2.8125 2.55 2.25 2.5125
350 13.959519230769233 3.0 2.8125 2.475 2.8125 2.55 2.25 2.5125
351 56.768928292452216 2.0 1.875 1.65 1.875 1.7 1.5 1.675
352 20.0 2.0 1.875 1.65 1.875 1.7 1.5 1.675
353 0.3739821589012963 3.0 2.8125 2.475 2.8125 2.55 2.25 2.5125
354 55.46533221958896 3.0 2.8125 2.475 2.8125 2.55 2.25 2.5125
355 21.440095960589076 2.0 1.875 1.65 1.875 1.7 1.5 1.675
356 4.252132037943697 3.0 2.8125 2.475 2.8125 2.55 2.25 2.5125
357 43.02874690199895 2.0 1.875 1.65 1.875 1.7 1.5 1.675
358 26.874744899341433 3.0 2.8125 2.475 2.8125 2.55 2.25 2.5125
359 24.059329072813835 3.0 2.8125 2.475 2.8125 2.55 2.25 2.5125
360 39.64960932815633 2.0 1.875 1.65 1.875 1.7 1.5 1.675
361 1.2966514041514043 2.0 1.875 1.65 1.875 1.7 1.5 1.675
362 20.694597560747056 3.0 2.8125 2.475 2.8125 2.55 2.25 2.5125
363 52.636600965063906 2.0 1.875 1.65 1.875 1.7 1.5 1.675
364 5.371096805736636 3.0 2.8125 2.475 2.8125 2.55 2.25 2.5125
365 23.830716479611507 3.0 2.8125 2.475 2.8125 2.55 2.25 2.5125
366 5.2723626909153225 2.0 1.875 1.65 1.875 1.7 1.5 1.675
367 7.22217394099195 2.0 1.875 1.65 1.875 1.7 1.5 1.675
368 0.44498988131247663 3.0 2.8125 2.475 2.8125 2.55 2.25 2.5125
369 13.047353128991057 3.0 2.8125 2.475 2.8125 2.55 2.25 2.5125
370 13.983871092962293 2.0 1.875 1.65 1.875 1.7 1.5 1.675
371 14.02004712301587 3.0 2.8125 2.475 2.8125 2.55 2.25 2.5125
372 4.139651381032196 2.0 1.875 1.65 1.875 1.7 1.5 1.675
373 3.456944008394099 2.0 1.875 1.65 1.875 1.7 1.5 1.675
374 41.63122362948896 3.0 2.8125 2.475 2.8125 2.55 2.25 2.5125
375 11.0 2.0 1.875 1.65 1.875 1.7 1.5 1.675
376 23.750658436230236 3.0 2.8125 2.475 2.8125 2.55 2.25 2.5125
377 15.18783209699467 3.0 2.8125 2.475 2.8125 2.55 2.25 2.5125
378 26.96970370370371 3.0 2.8125 2.475 2.8125 2.55 2.25 2.5125
379 7.663421974850546 3.0 2.8125 2.475 2.8125 2.55 2.25 2.5125
380 21.833057692307687 3.0 2.8125 2.475 2.8125 2.55 2.25 2.5125
381 18.905767709994684 2.0 1.875 1.65 1.875 1.7 1.5 1.675
382 10.638984926461132 3.0 2.8125 2.475 2.8125 2.55 2.25 2.5125
383 2.718553338260655 2.0 1.875 1.65 1.875 1.7 1.5 1.675
384 54.53038100921544 2.0 1.875 1.65 1.875 1.7 1.5 1.675
385 11.626484962406012 2.0 1.875 1.65 1.875 1.7 1.5 1.675
386 25.251786200194374 3.0 2.8125 2.475 2.8125 2.55 2.25 2.5125
387 64.0 2.0 1.875 1.65 1.875 1.7 1.5 1.675
388 0.7251659636897126 3.0 2.8125 2.475 2.8125 2.55 2.25 2.5125
389 18.32444186765615 2.0 1.875 1.65 1.875 1.7 1.5 1.675
390 31.851508398727244 3.0 2.8125 2.475 2.8125 2.55 2.25 2.5125
391 6.342083333333332 3.0 2.8125 2.475 2.8125 2.55 2.25 2.5125
392 6.68107973421927 2.0 1.875 1.65 1.875 1.7 1.5 1.675
393 41.02908717335813 2.0 1.875 1.65 1.875 1.7 1.5 1.675
394 5.098991320666197 3.0 2.8125 2.475 2.8125 2.55 2.25 2.5125
395 85.0 2.0 1.875 1.65 1.875 1.7 1.5 1.675
396 13.87414348100392 3.0 2.8125 2.475 2.8125 2.55 2.25 2.5125
397 4.83211835735912 3.0 2.8125 2.475 2.8125 2.55 2.25 2.5125
398 14.030779621351652 3.0 2.8125 2.475 2.8125 2.55 2.25 2.5125
399 7.173840315073399 3.0 2.8125 2.475 2.8125 2.55 2.25 2.5125
400 27.74308283357992 2.0 1.875 1.65 1.875 1.7 1.5 1.675
401 2.980180533751963 2.0 1.875 1.65 1.875 1.7 1.5 1.675
402 11.687762884814942 2.0 1.875 1.65 1.875 1.7 1.5 1.675
403 23.117341687760007 3.0 2.8125 2.475 2.8125 2.55 2.25 2.5125
404 3.1179785400647013 3.0 2.8125 2.475 2.8125 2.55 2.25 2.5125
405 4.354494113460583 2.0 1.875 1.65 1.875 1.7 1.5 1.675
406 63.0 2.0 1.875 1.65 1.875 1.7 1.5 1.675
407 29.13941153825002 3.0 2.8125 2.475 2.8125 2.55 2.25 2.5125
408 16.008850744284956 3.0 2.8125 2.475 2.8125 2.55 2.25 2.5125
409 22.647386125331362 2.0 1.875 1.65 1.875 1.7 1.5 1.675
410 7.797623157476278 2.0 1.875 1.65 1.875 1.7 1.5 1.675
411 5.027572945845004 2.0 1.875 1.65 1.875 1.7 1.5 1.675
412 72.0 2.0 1.875 1.65 1.875 1.7 1.5 1.675
413 11.482160278745646 3.0 2.8125 2.475 2.8125 2.55 2.25 2.5125
414 62.0 2.0 1.875 1.65 1.875 1.7 1.5 1.675
415 90.0 3.0 2.8125 2.475 2.8125 2.55 2.25 2.5125
416 21.78386651033456 2.0 1.875 1.65 1.875 1.7 1.5 1.675
417 10.52911512199303 3.0 2.8125 2.475 2.8125 2.55 2.25 2.5125
418 8.800002456425155 3.0 2.8125 2.475 2.8125 2.55 2.25 2.5125
419 27.964873120300755 2.0 1.875 1.65 1.875 1.7 1.5 1.675
420 1.9279722222222222 3.0 2.8125 2.475 2.8125 2.55 2.25 2.5125
421 19.175624851476847 3.0 2.8125 2.475 2.8125 2.55 2.25 2.5125
422 12.31774750273673 2.0 1.875 1.65 1.875 1.7 1.5 1.675
423 17.552147147147142 2.0 1.875 1.65 1.875 1.7 1.5 1.675
424 32.06874621579093 3.0 2.8125 2.475 2.8125 2.55 2.25 2.5125
425 13.034727361289864 3.0 2.8125 2.475 2.8125 2.55 2.25 2.5125
426 20.52312156593407 3.0 2.8125 2.475 2.8125 2.55 2.25 2.5125
427 14.018549288037534 2.0 1.875 1.65 1.875 1.7 1.5 1.675
428 14.529591590105458 3.0 2.8125 2.475 2.8125 2.55 2.25 2.5125
429 12.820348766462493 3.0 2.8125 2.475 2.8125 2.55 2.25 2.5125
430 1.668141025641026 2.0 1.875 1.65 1.875 1.7 1.5 1.675
431 52.0 2.0 1.875 1.65 1.875 1.7 1.5 1.675
432 38.31580105052501 2.0 1.875 1.65 1.875 1.7 1.5 1.675
433 6.013810586734694 2.0 1.875 1.65 1.875 1.7 1.5 1.675
434 26.929575467435317 2.0 1.875 1.65 1.875 1.7 1.5 1.675
435 0.8466708975659897 2.0 1.875 1.65 1.875 1.7 1.5 1.675
436 2.7952031119465337 3.0 2.8125 2.475 2.8125 2.55 2.25 2.5125
437 8.30049539170507 2.0 1.875 1.65 1.875 1.7 1.5 1.675
438 8.993366002088111 2.0 1.875 1.65 1.875 1.7 1.5 1.675
439 13.653864965627061 3.0 2.8125 2.475 2.8125 2.55 2.25 2.5125
440 72.0 3.0 2.8125 2.475 2.8125 2.55 2.25 2.5125
441 1.8436774947618604 3.0 2.8125 2.475 2.8125 2.55 2.25 2.5125
442 19.850655045802103 2.0 1.875 1.65 1.875 1.7 1.5 1.675
443 7.416921052631581 2.0 1.875 1.65 1.875 1.7 1.5 1.675
444 11.446341684822073 2.0 1.875 1.65 1.875 1.7 1.5 1.675
445 22.85131299373417 3.0 2.8125 2.475 2.8125 2.55 2.25 2.5125
446 39.28439140839779 2.0 1.875 1.65 1.875 1.7 1.5 1.675
447 4.582142094017096 3.0 2.8125 2.475 2.8125 2.55 2.25 2.5125
448 40.0 3.0 2.8125 2.475 2.8125 2.55 2.25 2.5125
449 52.36186208309963 3.0 2.8125 2.475 2.8125 2.55 2.25 2.5125
450 6.14327627223138 2.0 1.875 1.65 1.875 1.7 1.5 1.675
451 49.147492559523826 3.0 2.8125 2.475 2.8125 2.55 2.25 2.5125
452 4.175183393216576 2.0 1.875 1.65 1.875 1.7 1.5 1.675
453 13.0 2.0 1.875 1.65 1.875 1.7 1.5 1.675
454 1.6293439545629567 3.0 2.8125 2.475 2.8125 2.55 2.25 2.5125
455 14.909130854264777 3.0 2.8125 2.475 2.8125 2.55 2.25 2.5125
456 9.756908879084367 3.0 2.8125 2.475 2.8125 2.55 2.25 2.5125
457 39.223462198515776 3.0 2.8125 2.475 2.8125 2.55 2.25 2.5125
458 3.360669098927079 3.0 2.8125 2.475 2.8125 2.55 2.25 2.5125
459 30.63126505905785 3.0 2.8125 2.475 2.8125 2.55 2.25 2.5125
460 2.7262293488824114 3.0 2.8125 2.475 2.8125 2.55 2.25 2.5125
461 10.602864041235692 3.0 2.8125 2.475 2.8125 2.55 2.25 2.5125
462 66.63581935186048 3.0 2.8125 2.475 2.8125 2.55 2.25 2.5125
463 1.708077830188679 3.0 2.8125 2.475 2.8125 2.55 2.25 2.5125
464 23.37580264877894 3.0 2.8125 2.475 2.8125 2.55 2.25 2.5125
465 9.122237223595585 2.0 1.875 1.65 1.875 1.7 1.5 1.675
466 15.933376093172988 3.0 2.8125 2.475 2.8125 2.55 2.25 2.5125
467 12.773692858361644 2.0 1.875 1.65 1.875 1.7 1.5 1.675
468 10.931744171645922 2.0 1.875 1.65 1.875 1.7 1.5 1.675
469 2.645666775479112 2.0 1.875 1.65 1.875 1.7 1.5 1.675
470 1.5475963718820862 3.0 2.8125 2.475 2.8125 2.55 2.25 2.5125
471 5.545943021546737 2.0 1.875 1.65 1.875 1.7 1.5 1.675
472 3.342310924369748 2.0 1.875 1.65 1.875 1.7 1.5 1.675
473 5.178405220658777 2.0 1.875 1.65 1.875 1.7 1.5 1.675
474 14.06339597033336 3.0 2.8125 2.475 2.8125 2.55 2.25 2.5125
475 14.888080808080812 2.0 1.875 1.65 1.875 1.7 1.5 1.675
476 16.722353128991056 2.0 1.875 1.65 1.875 1.7 1.5 1.675
477 1.642438632795776 2.0 1.875 1.65 1.875 1.7 1.5 1.675
478 8.698251235351611 3.0 2.8125 2.475 2.8125 2.55 2.25 2.5125
479 22.63840236276313 2.0 1.875 1.65 1.875 1.7 1.5 1.675
480 16.59401591377269 2.0 1.875 1.65 1.875 1.7 1.5 1.675
481 15.888184668128181 3.0 2.8125 2.475 2.8125 2.55 2.25 2.5125
482 28.055293367346952 3.0 2.8125 2.475 2.8125 2.55 2.25 2.5125
483 14.43870891028419 3.0 2.8125 2.475 2.8125 2.55 2.25 2.5125
484 7.930275908250631 2.0 1.875 1.65 1.875 1.7 1.5 1.675
485 52.79407785634818 3.0 2.8125 2.475 2.8125 2.55 2.25 2.5125
486 92.0 3.0 2.8125 2.475 2.8125 2.55 2.25 2.5125
487 0.2559940087145969 3.0 2.8125 2.475 2.8125 2.55 2.25 2.5125
488 46.33122426747764 2.0 1.875 1.65 1.875 1.7 1.5 1.675
489 13.796740028490028 2.0 1.875 1.65 1.875 1.7 1.5 1.675
490 1.8985883122725227 2.0 1.875 1.65 1.875 1.7 1.5 1.675
491 7.5809490740740735 2.0 1.875 1.65 1.875 1.7 1.5 1.675
492 13.283004480899217 2.0 1.875 1.65 1.875 1.7 1.5 1.675
493 13.681576809449531 2.0 1.875 1.65 1.875 1.7 1.5 1.675
494 18.541047397115328 3.0 2.8125 2.475 2.8125 2.55 2.25 2.5125
495 13.770123329860098 2.0 1.875 1.65 1.875 1.7 1.5 1.675
496 1.3678802495415618 2.0 1.875 1.65 1.875 1.7 1.5 1.675
497 0.5455555555555556 3.0 2.8125 2.475 2.8125 2.55 2.25 2.5125
498 8.946104329344132 3.0 2.8125 2.475 2.8125 2.55 2.25 2.5125
499 29.50115576255274 3.0 2.8125 2.475 2.8125 2.55 2.25 2.5125
