500 2
TREE NETWORK (nID nID Weight):
140 0 31
366 0 52
169 140 50
374 0 46
104 0 49
488 104 52
200 488 56
387 0 39
158 104 30
21 200 57
307 200 42
216 488 36
321 104 39
276 307 59
289 0 54
310 169 50
115 310 43
326 310 55
464 216 51
47 200 48
111 307 40
259 276 36
54 321 42
163 169 49
295 115 37
86 295 45
219 158 32
156 169 30
484 374 31
427 464 58
461 111 54
23 374 30
10 163 37
133 374 30
495 374 51
119 47 54
294 310 35
83 156 35
451 140 39
238 83 33
210 374 47
369 321 51
237 200 34
191 47 32
478 104 49
318 307 37
420 83 41
148 169 47
242 191 50
410 140 54
179 318 42
139 47 46
73 148 50
232 289 52
435 47 31
209 420 53
480 420 57
466 321 57
475 179 47
363 191 48
332 191 36
331 295 38
364 410 57
226 435 40
34 332 48
61 23 59
31 387 34
198 294 59
110 451 42
55 478 55
17 318 46
342 216 58
462 321 37
16 318 48
228 364 43
166 364 34
33 321 46
87 364 43
353 475 43
69 0 36
368 119 49
8 0 40
476 111 39
240 163 36
162 420 33
94 374 42
361 61 43
123 466 35
385 369 36
261 169 51
49 238 55
109 10 59
402 476 39
180 295 49
277 191 48
362 34 53
315 276 55
192 216 55
205 294 38
279 123 43
450 484 34
381 115 35
304 277 35
399 304 35
306 353 31
25 8 30
154 111 30
1 163 42
271 259 38
382 119 55
152 476 58
490 109 32
107 476 51
65 94 43
223 310 53
68 321 49
234 366 59
202 162 45
95 232 59
337 277 39
439 450 37
434 240 49
406 402 41
378 234 33
344 271 38
323 55 53
100 261 46
308 55 39
120 49 44
5 49 58
367 179 39
269 21 40
447 33 51
67 242 54
175 238 44
468 10 43
411 16 34
419 435 34
63 406 32
12 461 35
170 399 41
351 323 58
127 34 48
394 31 38
26 34 43
9 435 35
224 205 45
116 223 35
37 152 46
465 466 33
22 465 40
236 86 50
375 120 47
146 399 35
145 169 59
458 209 55
278 162 41
57 462 48
379 139 38
292 63 55
167 10 46
284 0 30
444 34 30
230 276 41
280 447 57
211 100 55
317 399 36
106 420 48
36 191 54
121 100 52
58 67 43
486 127 30
489 295 59
138 351 31
97 226 57
388 65 36
348 16 43
165 462 34
422 475 43
229 115 45
397 361 44
45 86 37
407 67 44
126 361 57
291 289 35
467 242 44
320 317 55
421 1 57
290 87 46
452 468 50
128 49 34
371 162 49
235 138 30
370 363 52
296 63 45
50 167 42
258 399 32
264 353 41
404 198 59
161 55 49
303 123 42
376 83 52
457 107 53
472 123 44
124 179 50
474 406 50
398 110 35
417 169 49
90 26 48
311 368 43
262 277 47
81 240 38
181 419 39
218 337 30
273 95 45
177 419 38
328 36 58
283 65 59
118 21 38
263 232 47
18 34 54
494 218 51
415 374 42
172 399 54
483 331 41
471 465 35
352 279 38
35 219 43
285 138 38
129 465 40
93 161 41
174 236 57
400 181 34
313 494 30
39 468 30
11 219 36
487 495 44
396 439 34
151 490 54
164 476 33
245 235 52
19 421 57
349 145 34
108 219 32
455 402 55
403 462 38
13 457 46
48 54 42
76 116 59
250 328 52
442 337 55
141 332 30
286 163 37
24 455 45
231 402 38
256 462 53
357 396 54
79 447 36
436 399 35
4 93 38
428 295 59
305 406 37
265 110 37
423 495 40
203 119 59
377 65 43
71 164 44
414 308 30
77 106 48
84 109 50
157 337 37
135 277 57
405 457 56
401 229 57
314 256 41
173 169 35
241 180 38
207 357 36
143 292 46
213 466 56
492 218 42
426 110 55
206 141 54
190 154 50
386 361 54
59 269 42
341 223 39
244 467 44
184 63 36
142 348 33
329 273 52
144 366 37
260 349 47
389 474 43
327 57 58
330 357 47
299 378 43
182 261 45
160 385 43
2 465 39
189 166 53
252 235 56
432 283 37
221 167 43
222 36 32
254 492 31
134 465 42
319 116 44
372 313 32
60 269 35
391 262 33
101 415 57
20 165 45
301 162 42
91 327 57
188 209 52
44 49 53
98 419 52
460 1 36
257 368 54
117 111 54
469 271 37
74 245 31
28 134 43
339 442 48
393 376 42
322 11 48
125 468 38
267 295 49
266 488 56
89 108 54
336 138 59
445 0 35
220 307 53
42 76 49
88 305 45
325 17 35
498 141 57
424 16 44
275 111 45
82 200 47
62 464 36
360 19 35
196 284 44
136 151 40
199 301 59
449 442 31
75 170 56
409 424 58
470 89 47
102 336 39
251 172 56
114 262 59
324 372 33
418 181 52
131 377 32
113 376 40
40 109 37
178 367 41
350 250 36
183 160 49
96 49 59
383 394 40
272 71 56
437 321 41
302 48 38
453 277 38
473 91 32
176 410 31
365 39 57
345 231 33
346 182 36
456 261 51
52 447 53
155 163 50
46 420 50
274 401 31
416 329 55
429 238 49
27 203 34
253 31 50
316 179 56
358 278 37
281 111 47
482 63 32
441 176 45
493 306 37
247 450 54
246 35 47
340 458 52
225 60 36
112 447 37
499 367 56
215 422 44
201 328 47
78 67 38
497 370 32
72 169 58
105 266 59
288 199 32
204 262 55
454 308 59
243 296 58
150 1 39
459 24 32
249 367 36
300 157 41
70 454 37
195 125 57
354 235 56
227 167 53
64 489 52
214 100 39
212 222 35
208 383 56
268 146 46
333 37 34
7 70 55
194 389 52
41 339 31
425 435 45
433 67 36
239 21 56
359 275 57
233 346 54
440 173 43
392 274 41
137 211 45
149 442 46
373 497 53
80 63 58
412 333 56
431 72 55
29 69 53
217 394 52
6 212 48
390 285 50
479 262 37
463 163 47
187 231 40
355 89 51
282 173 30
395 23 50
248 107 49
193 34 36
335 1 42
56 256 40
3 18 50
384 169 46
477 272 51
413 48 44
99 253 57
430 164 57
408 411 36
491 3 41
171 434 31
85 381 38
338 405 37
30 273 47
197 374 30
270 5 40
51 264 55
334 404 56
122 266 56
130 417 30
446 331 43
343 390 59
186 447 45
380 308 34
43 444 51
485 60 30
53 142 30
287 348 50
147 215 36
15 143 53
168 148 51
309 316 34
312 126 40
255 28 36
66 342 50
103 303 50
132 474 39
38 77 41
298 427 57
481 90 43
185 79 50
293 383 35
14 430 49
443 204 43
496 449 54
297 6 32
32 56 57
92 358 48
153 318 30
356 382 49
438 194 55
448 223 31
159 477 36
347 449 50
PROGRAMS ASSIGNED TO NODES (nID pID1 pID2 ...):
0 1 2
1 2
2 1
3 1
4 2
5 2
6 2
8 1
9 2
11 2
12 2
14 1
15 2
16 1
17 2
19 1
20 1
23 1
28 2
32 1
34 1
36 1
43 1
45 1
46 2
48 1
49 1
50 2
51 1
57 1
58 2
59 1
62 2
64 1
65 1
66 2
72 2
77 1
78 1
79 1
80 2
82 2
85 2
87 2
89 1
90 1
91 2
94 1
96 1
99 1
100 1
101 1
103 1
109 2
110 2
111 2
112 1
113 2
114 1
115 1
116 1
117 2
118 2
120 2
124 2
125 1
127 1
130 1
131 1
134 1
135 1
137 1
140 1
141 1
144 1
145 2
146 2
150 2
151 2
153 1
155 2
156 2
157 1
160 2
162 2
163 1
165 1
167 2
170 2
172 1
173 1
174 2
178 2
179 2
181 2
183 2
185 2
186 1
189 1
191 2
193 1
194 2
195 2
196 1
197 1
200 2
202 1
205 1
206 2
209 2
210 1
211 2
214 1
215 2
216 2
217 2
218 2
219 1
222 2
225 1
226 2
230 2
231 2
232 1
236 2
238 1
239 1
243 2
245 2
248 2
251 1
257 1
258 2
265 2
267 1
269 1
270 2
271 2
272 1
274 1
275 2
277 2
279 1
282 1
283 2
287 1
289 1
292 2
295 1
296 1
298 1
302 2
308 2
309 1
310 1
311 1
313 2
314 2
316 2
318 1
326 1
327 2
328 2
329 2
330 2
331 1
333 2
334 1
335 1
336 1
337 2
338 1
339 1
341 1
345 2
347 1
348 2
349 1
350 2
351 2
354 1
357 1
362 2
365 1
366 2
367 1
369 1
378 2
379 1
380 2
383 2
384 1
385 1
386 1
387 1
389 1
396 1
397 2
401 1
403 2
405 1
407 1
410 2
411 2
412 1
414 2
415 1
416 1
417 1
418 1
419 2
420 2
421 1
423 1
424 2
426 1
427 2
428 1
429 2
430 1
431 1
432 2
433 2
434 1
436 2
437 1
440 1
442 2
445 2
446 1
447 1
448 1
450 2
453 2
456 1
457 1
458 1
460 1
461 1
462 1
463 2
464 1
465 1
466 2
467 1
470 1
472 1
474 2
475 1
479 2
481 1
482 1
484 1
485 1
486 2
488 2
490 1
493 1
495 2
497 1
SIZE OF PROGRAMS (pID SIZE):
1 56.0
2 70.0
COST TO INSTALL SERVERS AND PROGRAMS ON NODES (COST_TO_INSTALL_SERVER COST_TO_INSTALL_pID1 ...):
0 1360.0 1.6 2.0
1 0.6755944700460829 2.4 3.0
2 2.5764467111835527 2.4 3.0
3 0.9415706145706146 1.6 2.0
4 4.264718336862111 1.6 2.0
5 6.3553402770755385 1.6 2.0
6 6.967612942612943 2.4 3.0
7 50.0 1.6 2.0
8 100.0 2.4 3.0
9 0.674112312418764 2.4 3.0
10 6.870368414497446 1.6 2.0
11 3.5363095238095243 1.6 2.0
12 0.8737688237688238 1.6 2.0
13 108.0 2.4 3.0
14 5.766776381513224 1.6 2.0
15 1.6041173724449451 2.4 3.0
16 1.08749108999109 2.4 3.0
17 3.6630137782311696 2.4 3.0
18 0.7495706145706147 2.4 3.0
19 0.5767554369795456 1.6 2.0
20 2.750262816145169 2.4 3.0
21 2.5371804511278193 1.6 2.0
22 18.0 1.6 2.0
23 0.6669565217391302 2.4 3.0
24 16.0 1.6 2.0
25 55.0 2.4 3.0
26 0.8560994690064458 1.6 2.0
27 47.0 1.6 2.0
28 4.120379498102877 2.4 3.0
29 79.0 1.6 2.0
30 39.0 2.4 3.0
31 1.4458823529411762 1.6 2.0
32 3.078796803722325 2.4 3.0
33 3.788351648351648 1.6 2.0
34 6.29720238095238 2.4 3.0
35 66.0 2.4 3.0
36 1.254033882783883 1.6 2.0
37 13.751561197423264 1.6 2.0
38 81.0 1.6 2.0
39 0.6351814517335896 2.4 3.0
40 83.0 2.4 3.0
41 105.0 2.4 3.0
42 36.0 1.6 2.0
43 0.942337499102205 2.4 3.0
44 29.0 2.4 3.0
45 4.812149199462028 1.6 2.0
46 0.8098714922633099 2.4 3.0
47 3.4266208791208785 2.4 3.0
48 3.5542857142857147 1.6 2.0
49 12.951765395894425 1.6 2.0
50 0.8166933633693803 1.6 2.0
51 1.067781081977628 1.6 2.0
52 69.0 1.6 2.0
53 48.0 2.4 3.0
54 2.254285714285715 1.6 2.0
55 0.20337662337662332 2.4 3.0
56 2.9693231195117993 1.6 2.0
57 0.8232603207603209 1.6 2.0
58 5.996857128659453 1.6 2.0
59 0.45355696934644296 2.4 3.0
60 0.4802236360131096 2.4 3.0
61 2.3723802505526908 1.6 2.0
62 0.6036163183222008 1.6 2.0
63 17.83781459394264 1.6 2.0
64 3.8930197962648276 2.4 3.0
65 0.3269362992922144 2.4 3.0
66 0.5326066270893858 1.6 2.0
67 10.166259768009764 2.4 3.0
68 29.0 2.4 3.0
69 62.0 2.4 3.0
70 47.0 2.4 3.0
71 4.775224775224774 2.4 3.0
72 3.9536462736373745 1.6 2.0
73 25.0 2.4 3.0
74 68.0 1.6 2.0
75 71.0 1.6 2.0
76 61.0 1.6 2.0
77 0.8492305271439812 1.6 2.0
78 0.7367168134010239 2.4 3.0
79 4.72849713798563 1.6 2.0
80 1.31328491560304 2.4 3.0
81 30.0 1.6 2.0
82 1.508452186111761 2.4 3.0
83 6.888129032258065 2.4 3.0
84 13.0 1.6 2.0
85 4.516846053618668 2.4 3.0
86 9.844118137642516 2.4 3.0
87 0.3410337964608111 2.4 3.0
88 98.0 1.6 2.0
89 0.5946560846560847 1.6 2.0
90 0.8927661356731124 2.4 3.0
91 0.6008635175831183 2.4 3.0
92 16.0 1.6 2.0
93 0.5265758631612291 1.6 2.0
94 0.14695652173913054 2.4 3.0
95 0.329200347674924 1.6 2.0
96 0.765742233709429 2.4 3.0
97 86.0 2.4 3.0
98 80.0 1.6 2.0
99 2.151247439866635 1.6 2.0
100 6.282246679316888 1.6 2.0
101 0.19331807780320368 1.6 2.0
102 82.0 2.4 3.0
103 3.1287264314632726 2.4 3.0
104 57.0 1.6 2.0
105 68.0 1.6 2.0
106 0.6525638604773145 2.4 3.0
107 6.7148739495798315 1.6 2.0
108 0.41095238095238096 2.4 3.0
109 4.808675441355595 1.6 2.0
110 0.4895285359801488 2.4 3.0
111 0.9794505494505495 1.6 2.0
112 2.8846191673813157 1.6 2.0
113 5.4525310173697275 1.6 2.0
114 0.7043755457188562 2.4 3.0
115 2.87505776444111 2.4 3.0
116 0.43030553864881327 2.4 3.0
117 3.4426129426129424 2.4 3.0
118 3.05694042799306 1.6 2.0
119 0.30234839234839234 2.4 3.0
120 5.98574780058651 2.4 3.0
121 67.0 2.4 3.0
122 24.0 2.4 3.0
123 0.35612107191054565 1.6 2.0
124 0.8649950499950502 1.6 2.0
125 11.658985305562318 1.6 2.0
126 37.0 2.4 3.0
127 1.8957005494505492 1.6 2.0
128 103.0 1.6 2.0
129 33.0 2.4 3.0
130 0.4335975422427035 1.6 2.0
131 0.4505375800471857 2.4 3.0
132 88.0 2.4 3.0
133 41.0 1.6 2.0
134 7.230361217729638 2.4 3.0
135 0.588556969346443 2.4 3.0
136 43.0 2.4 3.0
137 3.0627050373381537 2.4 3.0
138 8.163508562292114 2.4 3.0
139 0.32038381907947133 2.4 3.0
140 0.35612903225806436 1.6 2.0
141 7.75970238095238 1.6 2.0
142 106.0 1.6 2.0
143 1.4720419007468317 2.4 3.0
144 0.09904365904365907 1.6 2.0
145 1.4387140513942047 2.4 3.0
146 7.277335164835165 2.4 3.0
147 78.0 2.4 3.0
148 36.0 2.4 3.0
149 17.0 1.6 2.0
150 0.5548174406238923 2.4 3.0
151 5.18925888651285 2.4 3.0
152 5.805665024630541 2.4 3.0
153 3.7999762399762393 1.6 2.0
154 30.0 2.4 3.0
155 2.0919815668202757 2.4 3.0
156 2.333290322580645 2.4 3.0
157 0.8652524502524502 1.6 2.0
158 1.0514285714285716 2.4 3.0
159 37.0 2.4 3.0
160 3.7010061985438174 1.6 2.0
161 0.3558441558441559 1.6 2.0
162 1.7675868678921391 1.6 2.0
163 1.627576036866359 2.4 3.0
164 4.01158841158841 2.4 3.0
165 0.41393269157975043 1.6 2.0
166 0.3873003613820552 1.6 2.0
167 3.3001601802162814 2.4 3.0
168 72.0 2.4 3.0
169 0.5132903225806448 2.4 3.0
170 7.7017254087376035 1.6 2.0
171 33.0 2.4 3.0
172 5.964090354090354 1.6 2.0
173 0.2926451612903226 1.6 2.0
174 1.0761489115759264 1.6 2.0
175 53.0 2.4 3.0
176 94.0 1.6 2.0
177 33.0 2.4 3.0
178 5.851283620795816 2.4 3.0
179 1.12499108999109 2.4 3.0
180 17.0 1.6 2.0
181 1.727067320724816 1.6 2.0
182 47.0 1.6 2.0
183 3.958149055686676 2.4 3.0
184 26.0 2.4 3.0
185 0.7462175817930294 1.6 2.0
186 0.37386295432331246 2.4 3.0
187 10.0 1.6 2.0
188 42.0 2.4 3.0
189 2.9577644324432746 1.6 2.0
190 84.0 2.4 3.0
191 4.423035714285715 1.6 2.0
192 24.0 2.4 3.0
193 0.8014224664224664 2.4 3.0
194 1.5112513427204295 1.6 2.0
195 5.205966151159818 2.4 3.0
196 0.44363636363636383 2.4 3.0
197 0.0684057971014493 2.4 3.0
198 0.4195604155276108 2.4 3.0
199 37.0 2.4 3.0
200 0.36445054945054944 1.6 2.0
201 60.0 2.4 3.0
202 4.9802316477123725 2.4 3.0
203 71.0 1.6 2.0
204 60.0 1.6 2.0
205 0.47201358234295426 2.4 3.0
206 6.14677960927961 2.4 3.0
207 25.0 1.6 2.0
208 47.0 1.6 2.0
209 11.066868102667636 2.4 3.0
210 0.005328399629972313 2.4 3.0
211 0.8685143890018078 2.4 3.0
212 6.692612942612943 1.6 2.0
213 65.0 1.6 2.0
214 0.4277779568834763 2.4 3.0
215 7.174876961838862 1.6 2.0
216 0.4894505494505495 1.6 2.0
217 3.0251726601571796 1.6 2.0
218 1.0257097069597072 2.4 3.0
219 5.450178571428572 1.6 2.0
220 26.0 1.6 2.0
221 95.0 1.6 2.0
222 5.492612942612943 1.6 2.0
223 2.1018332318928787 1.6 2.0
224 53.0 2.4 3.0
225 0.6357791915686651 2.4 3.0
226 0.649112312418764 2.4 3.0
227 21.0 1.6 2.0
228 76.0 1.6 2.0
229 2.9959329832458117 1.6 2.0
230 3.951089815517265 1.6 2.0
231 1.0873240794293426 1.6 2.0
232 0.11564102564102573 1.6 2.0
233 75.0 1.6 2.0
234 0.05325945241199479 1.6 2.0
235 6.434157013469456 2.4 3.0
236 0.9533418940320667 1.6 2.0
237 40.0 2.4 3.0
238 6.327835777126101 1.6 2.0
239 0.2802236360131098 2.4 3.0
240 1.9349185867895549 2.4 3.0
241 85.0 2.4 3.0
242 8.377370879120877 2.4 3.0
243 9.413042826951571 1.6 2.0
244 21.0 1.6 2.0
245 0.9595073094191614 2.4 3.0
246 35.0 1.6 2.0
247 22.0 1.6 2.0
248 5.422430510665804 2.4 3.0
249 86.0 2.4 3.0
250 5.711943181339733 1.6 2.0
251 6.564090354090355 1.6 2.0
252 94.0 2.4 3.0
253 1.0817737556561084 2.4 3.0
254 49.0 2.4 3.0
255 21.0 2.4 3.0
256 2.6801500692066726 2.4 3.0
257 3.6020268620268623 1.6 2.0
258 7.989835164835164 1.6 2.0
259 0.5822277063802489 2.4 3.0
260 93.0 2.4 3.0
261 2.363878557874763 1.6 2.0
262 11.893190028057049 1.6 2.0
263 21.0 2.4 3.0
264 5.795777400956677 1.6 2.0
265 3.366896921735632 1.6 2.0
266 62.0 2.4 3.0
267 3.363088710401538 2.4 3.0
268 95.0 2.4 3.0
269 0.32022363601310966 2.4 3.0
270 1.1342233795125898 2.4 3.0
271 0.8664382326960383 1.6 2.0
272 0.8958707958707959 2.4 3.0
273 4.670535998841083 1.6 2.0
274 0.7782129391997122 1.6 2.0
275 0.6996947496947498 1.6 2.0
276 0.38778326193580437 2.4 3.0
277 1.2832005494505494 1.6 2.0
278 96.0 2.4 3.0
279 0.4863536300500805 1.6 2.0
280 57.0 1.6 2.0
281 67.0 1.6 2.0
282 0.47931182795698923 1.6 2.0
283 1.8016520710870418 2.4 3.0
284 0.15999999999999995 1.6 2.0
285 83.0 2.4 3.0
286 21.0 2.4 3.0
287 4.353371588813449 2.4 3.0
288 80.0 1.6 2.0
289 88.0 1.6 2.0
290 59.0 1.6 2.0
291 31.0 2.4 3.0
292 1.4198679877033535 1.6 2.0
293 79.0 1.6 2.0
294 2.4278709677419354 1.6 2.0
295 7.697451470975851 2.4 3.0
296 19.984481260609304 1.6 2.0
297 51.0 1.6 2.0
298 0.5221348372752237 1.6 2.0
299 58.0 1.6 2.0
300 13.0 1.6 2.0
301 31.0 1.6 2.0
302 3.8393290919606713 1.6 2.0
303 2.456726431463273 2.4 3.0
304 1.6432005494505493 1.6 2.0
305 53.0 2.4 3.0
306 1.0100226955961102 1.6 2.0
307 5.094120879120879 1.6 2.0
308 0.2924741924741925 2.4 3.0
309 4.588211534093887 2.4 3.0
310 1.6052903225806454 2.4 3.0
311 0.5468666647736414 2.4 3.0
312 106.0 2.4 3.0
313 1.3962979422538249 2.4 3.0
314 3.686044143292187 1.6 2.0
315 30.0 1.6 2.0
316 1.5299910899910898 1.6 2.0
317 90.0 2.4 3.0
318 4.354961389961391 1.6 2.0
319 31.0 2.4 3.0
320 40.0 2.4 3.0
321 0.04021978021978026 2.4 3.0
322 82.0 1.6 2.0
323 1.9114873805439845 2.4 3.0
324 92.0 2.4 3.0
325 74.0 2.4 3.0
326 1.5987800586510263 2.4 3.0
327 0.4780565000392587 2.4 3.0
328 0.7173751456079043 2.4 3.0
329 6.528228306533391 1.6 2.0
330 0.9575000595703194 2.4 3.0
331 0.6735974918338405 1.6 2.0
332 5.93970238095238 1.6 2.0
333 16.5927376680115 1.6 2.0
334 4.166854018589393 1.6 2.0
335 3.0815852534562214 1.6 2.0
336 0.5681621274136426 2.4 3.0
337 6.180535714285713 2.4 3.0
338 5.794300495077409 2.4 3.0
339 5.114315684315684 2.4 3.0
340 49.0 1.6 2.0
341 2.9633716934313408 1.6 2.0
342 2.355639762536314 1.6 2.0
343 87.0 1.6 2.0
344 102.0 2.4 3.0
345 1.199445291550555 2.4 3.0
346 69.0 1.6 2.0
347 6.170186652057619 2.4 3.0
348 1.3805143458050433 2.4 3.0
349 0.31226629788055194 2.4 3.0
350 6.2786098480064 2.4 3.0
351 5.047379530034052 2.4 3.0
352 48.0 1.6 2.0
353 4.976265205834726 1.6 2.0
354 0.759913539843021 2.4 3.0
355 17.0 1.6 2.0
356 59.0 1.6 2.0
357 1.635415000843596 1.6 2.0
358 99.0 1.6 2.0
359 35.0 2.4 3.0
360 18.0 1.6 2.0
361 0.6604956213261128 2.4 3.0
362 5.636454661690512 2.4 3.0
363 3.421868131868132 1.6 2.0
364 0.3208375778155064 2.4 3.0
365 4.400562394612065 2.4 3.0
366 60.0 1.6 2.0
367 7.054961389961387 1.6 2.0
368 2.9798046398046396 1.6 2.0
369 1.2448739495798322 2.4 3.0
370 3.5880219780219775 2.4 3.0
371 33.0 1.6 2.0
372 90.0 1.6 2.0
373 62.0 2.4 3.0
374 38.0 1.6 2.0
375 85.0 1.6 2.0
376 3.8025310173697267 2.4 3.0
377 0.2755375800471857 2.4 3.0
378 0.9922839871992414 2.4 3.0
379 2.8065134407926164 2.4 3.0
380 0.49835654541536895 2.4 3.0
381 0.6685971492873218 1.6 2.0
382 26.0 1.6 2.0
383 0.4445800587441454 2.4 3.0
384 0.17438429172510525 2.4 3.0
385 0.8172786037491921 1.6 2.0
386 0.477257313181976 1.6 2.0
387 109.0 1.6 2.0
388 66.0 1.6 2.0
389 9.957760473219352 2.4 3.0
390 71.0 2.4 3.0
391 46.0 1.6 2.0
392 31.0 1.6 2.0
393 23.0 1.6 2.0
394 2.217480352464872 1.6 2.0
395 69.0 2.4 3.0
396 9.369292784245344 2.4 3.0
397 0.5260329209387496 2.4 3.0
398 58.0 2.4 3.0
399 13.977870879120877 2.4 3.0
400 65.0 2.4 3.0
401 0.5975677779093896 1.6 2.0
402 1.4456043956043956 2.4 3.0
403 2.3744642270958063 2.4 3.0
404 3.086854018589393 2.4 3.0
405 5.366192386969302 1.6 2.0
406 8.375993031358885 1.6 2.0
407 4.779726717726717 1.6 2.0
408 37.0 1.6 2.0
409 43.0 1.6 2.0
410 0.09978494623655916 2.4 3.0
411 0.9100440696028932 1.6 2.0
412 1.0618978358267537 1.6 2.0
413 58.0 2.4 3.0
414 0.5258075258075259 2.4 3.0
415 0.09043478260869557 2.4 3.0
416 0.4802661995882336 1.6 2.0
417 1.001585253456221 2.4 3.0
418 5.251666701420021 1.6 2.0
419 5.303958389807534 2.4 3.0
420 1.2057686860739578 2.4 3.0
421 2.391058937666748 2.4 3.0
422 1.0367219178822347 1.6 2.0
423 1.2692583120204604 1.6 2.0
424 5.179515754515755 1.6 2.0
425 49.0 1.6 2.0
426 0.39938642003158137 1.6 2.0
427 5.9320891008923455 2.4 3.0
428 0.541144325018497 2.4 3.0
429 0.8541181399245916 2.4 3.0
430 0.7668436826331564 2.4 3.0
431 0.3310150672464354 1.6 2.0
432 0.48946453437036297 2.4 3.0
433 5.58677960927961 2.4 3.0
434 0.5167721454173068 1.6 2.0
435 1.0334021623537752 1.6 2.0
436 7.877335164835165 1.6 2.0
437 0.23446082372911642 1.6 2.0
438 60.0 1.6 2.0
439 3.6898048729366275 2.4 3.0
440 2.057266316579145 2.4 3.0
441 19.0 2.4 3.0
442 1.6553683816183815 2.4 3.0
443 82.0 1.6 2.0
444 4.995201465201465 2.4 3.0
445 13.0 1.6 2.0
446 0.8038300499733755 1.6 2.0
447 2.431830471318963 2.4 3.0
448 0.4509506999391357 2.4 3.0
449 5.498186652057619 2.4 3.0
450 2.214129197260952 2.4 3.0
451 0.8212903225806454 2.4 3.0
452 33.0 1.6 2.0
453 4.7825983227299025 2.4 3.0
454 16.0 2.4 3.0
455 55.0 1.6 2.0
456 2.113518026565465 1.6 2.0
457 4.286192386969301 2.4 3.0
458 0.8233757529873202 1.6 2.0
459 17.0 2.4 3.0
460 3.2149185867895542 1.6 2.0
461 9.298009768009766 1.6 2.0
462 2.4299613899613903 1.6 2.0
463 0.4575997646828121 1.6 2.0
464 4.266571859513036 2.4 3.0
465 0.8230905936169095 1.6 2.0
466 3.3830884904569114 1.6 2.0
467 3.677504495504495 2.4 3.0
468 9.116880042404425 1.6 2.0
469 78.0 1.6 2.0
470 4.282830124957784 1.6 2.0
471 65.0 2.4 3.0
472 0.4033937991832728 2.4 3.0
473 52.0 1.6 2.0
474 16.75106459394264 1.6 2.0
475 6.036663517620963 2.4 3.0
476 1.3025274725274727 1.6 2.0
477 99.0 1.6 2.0
478 1.1828571428571424 1.6 2.0
479 0.9510145535411495 2.4 3.0
480 107.0 2.4 3.0
481 1.1029986938126473 1.6 2.0
482 6.774457250067006 2.4 3.0
483 54.0 1.6 2.0
484 0.1403646563814867 2.4 3.0
485 4.001341816078657 2.4 3.0
486 1.1865003052503054 2.4 3.0
487 29.0 2.4 3.0
488 0.6042857142857143 1.6 2.0
489 3.246865950110982 2.4 3.0
490 1.503444332620522 1.6 2.0
491 63.0 1.6 2.0
492 106.0 1.6 2.0
493 1.0813740469474615 2.4 3.0
494 7.5777876535229485 1.6 2.0
495 0.6975447570332484 1.6 2.0
496 106.0 1.6 2.0
497 4.638021978021977 2.4 3.0
498 14.0 1.6 2.0
499 84.0 1.6 2.0
