500 5
TREE NETWORK (nID nID Weight):
275 0 52
169 0 56
13 275 42
487 13 45
408 13 43
113 487 31
380 0 30
499 487 57
180 275 54
97 0 48
432 169 54
489 487 48
483 97 39
250 380 43
229 483 46
7 483 49
102 487 47
101 380 53
382 380 35
299 102 42
126 499 44
424 113 56
411 113 58
366 432 50
233 483 46
157 483 41
222 97 46
419 366 53
458 487 49
372 380 47
74 419 56
220 97 58
106 102 38
484 169 46
104 0 51
166 229 55
249 169 58
470 489 34
12 470 57
22 382 35
317 419 40
435 250 48
164 157 33
258 382 31
300 220 45
388 0 32
357 483 40
143 382 48
20 74 59
464 380 56
199 229 55
381 499 37
105 357 31
266 220 39
141 143 41
304 388 31
367 458 51
400 97 56
251 388 48
173 366 33
354 258 40
316 464 35
297 126 35
147 220 32
221 381 40
208 20 32
136 266 43
498 367 36
488 470 42
257 408 42
100 499 50
112 435 45
241 112 40
142 316 37
57 136 57
368 489 46
471 147 56
37 419 50
10 250 32
353 411 39
42 169 33
374 487 38
412 143 32
324 411 41
99 484 46
336 412 36
64 222 30
399 487 36
231 366 49
184 372 47
85 100 43
427 173 50
76 136 56
44 471 44
207 173 39
263 184 40
145 173 34
426 208 42
194 207 40
238 147 42
397 399 36
462 499 59
387 180 48
298 353 56
240 258 47
315 85 36
186 400 40
61 169 44
447 194 49
96 44 54
442 368 33
1 10 31
213 263 43
306 258 35
431 297 36
285 374 34
420 208 44
177 420 41
446 382 53
56 266 42
41 435 41
59 221 35
417 141 49
344 207 58
378 1 54
377 56 55
267 85 44
365 101 37
187 141 49
415 462 54
144 59 59
150 374 56
125 238 49
326 233 59
279 317 48
35 306 31
392 238 47
189 464 48
45 442 36
396 213 43
440 233 57
292 397 50
34 169 40
325 381 32
162 483 41
404 1 50
283 427 58
39 392 33
68 484 47
11 316 56
80 357 43
155 404 32
139 166 33
271 412 47
159 39 37
242 440 57
468 489 42
318 101 49
466 299 53
225 7 53
192 336 50
95 1 46
335 325 36
244 317 35
255 440 46
185 279 31
134 180 42
36 324 40
475 367 37
127 412 48
277 324 55
449 187 44
4 166 53
224 12 44
2 354 43
77 238 47
256 162 32
308 95 32
289 304 55
363 35 53
403 143 50
135 35 50
330 299 47
453 166 44
349 240 33
8 240 56
376 238 39
18 95 39
46 189 45
352 64 36
138 330 47
230 257 43
114 304 45
27 489 39
117 27 31
379 376 35
444 435 50
434 127 47
360 363 57
201 275 51
359 2 49
72 18 46
69 359 59
175 224 59
333 42 50
86 308 57
322 263 41
246 417 58
55 199 35
391 335 39
5 18 43
234 417 31
49 4 36
272 125 57
198 267 59
167 279 48
262 135 56
497 388 39
482 468 56
327 426 51
151 242 46
314 498 58
88 13 56
421 241 42
232 231 58
428 201 36
205 39 33
206 88 55
103 102 32
362 464 41
321 352 44
481 105 36
87 117 38
217 306 51
414 76 56
394 166 59
62 424 41
295 408 41
364 189 48
54 324 57
179 408 52
328 419 48
375 271 38
248 86 52
133 359 34
84 417 43
278 27 56
235 220 49
429 318 56
237 208 32
294 432 32
82 256 49
259 192 56
116 55 45
122 481 30
405 1 31
204 27 31
25 244 44
386 306 37
273 363 40
132 37 43
319 304 43
293 102 49
65 125 59
51 204 56
456 368 56
472 164 42
477 138 41
495 157 47
176 458 36
265 11 39
131 173 50
161 39 38
152 275 32
383 273 48
171 217 51
21 265 30
26 113 39
418 42 30
461 59 44
276 344 44
287 394 30
200 392 49
451 383 30
339 333 57
228 185 31
23 446 58
254 104 49
16 499 35
52 376 53
31 204 53
465 379 47
370 220 49
480 208 46
305 176 30
94 68 57
43 263 56
247 179 59
63 256 43
28 277 59
253 41 57
108 27 57
188 386 46
337 96 38
30 316 50
92 233 40
128 21 58
307 30 47
371 59 30
460 265 31
50 431 37
89 415 33
269 428 49
48 114 30
153 205 44
491 379 59
268 201 59
274 325 43
226 230 41
369 412 38
423 382 30
202 491 38
437 257 31
454 237 41
341 420 35
331 417 50
195 454 34
385 399 50
211 442 38
281 87 45
355 180 39
303 89 42
496 254 43
332 61 58
218 255 51
270 411 59
118 253 40
182 454 47
334 299 43
148 61 52
67 188 35
66 427 31
24 87 55
81 31 55
58 151 31
282 458 34
356 218 56
33 234 51
323 356 57
236 458 47
311 61 55
78 263 55
445 386 51
75 116 30
409 499 50
469 102 51
130 322 35
261 244 41
98 303 56
425 152 34
309 453 44
214 89 56
40 179 37
120 377 47
343 61 56
436 408 41
209 155 38
486 199 39
493 267 31
3 369 49
29 194 41
264 437 33
284 85 54
422 311 34
196 103 36
410 214 57
129 63 42
239 162 41
73 213 35
406 322 45
407 16 54
290 148 37
53 120 53
79 371 32
197 255 32
302 397 47
172 322 38
313 199 36
109 341 42
401 231 54
121 481 40
479 453 35
163 313 42
191 23 47
395 129 33
60 349 37
14 59 50
124 48 49
158 145 44
452 18 36
107 222 59
398 197 34
347 97 52
252 466 41
47 217 38
110 446 38
140 55 38
310 57 35
181 469 44
430 226 38
210 482 33
91 426 47
156 309 44
463 127 34
473 297 52
286 138 55
212 118 46
485 132 44
433 317 30
492 138 44
329 470 48
83 238 31
474 44 42
154 257 44
416 235 58
174 188 37
490 142 37
70 485 39
17 114 57
216 428 42
361 474 38
478 197 50
38 29 34
448 417 47
178 59 51
384 326 46
459 286 54
168 404 33
111 326 36
165 310 52
137 332 52
441 269 47
390 268 41
245 376 38
160 322 47
338 392 48
443 250 42
476 240 30
119 300 33
71 308 34
439 239 50
123 275 36
203 445 54
170 416 53
450 156 53
346 80 49
438 323 42
455 415 34
348 179 54
389 278 49
260 163 34
9 418 36
320 275 35
183 449 44
243 14 50
227 486 47
32 56 59
149 243 33
288 181 30
280 142 44
223 149 35
93 1 46
215 224 35
402 105 39
90 62 37
350 10 53
457 79 42
193 128 47
15 35 59
340 138 58
413 102 39
6 245 52
358 243 52
393 103 45
146 42 56
351 475 36
115 3 58
190 499 53
291 266 52
19 79 56
373 60 43
219 329 46
494 218 55
345 198 37
312 132 50
342 231 39
296 35 34
301 99 57
467 433 58
PROGRAMS ASSIGNED TO NODES (nID pID1 pID2 ...):
0 1 2 3 4 5
1 4 5
2 5
3 2 3 5
4 3 5
5 1 2 4
6 1
9 3
10 1 4 5
11 1 4
12 1 2 4 5
14 1 4
15 4
17 1 2 4 5
18 5
19 1 4 5
20 2 3 4 5
22 1 2 3 5
23 2 3 4 5
24 1 2 3 5
25 2 3 4 5
26 5
27 1 2 3 4
28 2 5
29 1
31 1 2 4
32 3 4
33 2
35 1
36 2
38 5
39 1 2 5
40 2 3 4 5
41 5
42 4
43 1 2 5
44 1 2 3 4
45 1
46 1 3 4 5
48 1 4 5
49 1 2 3 4
50 1
52 1 5
53 1 2 5
54 2 4
55 1 2 4
56 1
58 1 3
59 1 2 3 4
60 2 3 4
62 2 3 4 5
63 4
65 1 4 5
66 2 3 4 5
67 1 2 3 5
69 2 3 4
70 1 2 3 4
73 1 2 3
74 2
75 1
77 1 5
78 3 5
79 2 3 4 5
80 1 3 4 5
81 1 2
82 3
83 2 3
84 1 2 5
85 3 4 5
89 1 3 4
90 2 3 4 5
91 1 3 5
92 1 3 5
93 1 3 4
94 1 4 5
96 2 5
97 2 3 4 5
98 1
99 1 3 5
100 1 4
101 2 3 4
102 1 4
103 3
104 3
105 2 3 4 5
106 4
107 1 5
108 2
109 2 3 4 5
110 1 3
112 1
113 1 3 4 5
114 1
115 1 2 4 5
116 2 3 5
117 3 4
118 1 3 4 5
119 1 4
120 1 3 5
121 1 3
122 2 4
123 4
125 2 5
126 2 3 4 5
127 1 2 3 5
129 1 3 4 5
130 4 5
131 1 3
132 1 3 4 5
133 2 3 4
134 4 5
135 5
136 1 4 5
137 1 4
138 1 3 4 5
139 1 3 4 5
140 2
141 1 2
142 5
145 1 3 4 5
146 1 4 5
147 1
149 2 3
150 2 3 4 5
151 1 3
152 2
153 2 3
154 1 2 5
155 2 3 5
156 4
157 1 4 5
158 4
160 1 2
161 1 2
162 3 5
164 3
165 2 5
166 1 3 5
167 2 4
168 4
169 1 3
170 1 4
171 5
172 2 5
173 2 5
174 5
175 3 4 5
176 1 5
177 3 4 5
182 1 3
183 2 3 5
184 4
185 1 3 4 5
187 2 5
188 5
189 1 4 5
191 2
192 2 5
193 1 2 3 4
194 1 3 4 5
195 4
196 1 2 4 5
197 4
198 4
199 2 3 4 5
200 2
202 1 4 5
203 4
205 3
206 1 3 5
207 1 2
208 3
211 1 2
212 2 4
213 3
215 3
216 2 3 5
217 4
218 1 2 4
219 1 3 5
220 2 3
221 1 2 4 5
222 1 3 4 5
223 1 4 5
224 2 4 5
225 2 3 4 5
226 2 5
227 1 2 3 5
228 1 2 3 4
229 1 2 3 4
230 1 2 3 5
232 1 2 3 4
233 2 5
234 1
235 3
237 1 4
238 1
239 1 2 3 4
240 3 4
241 2
244 3 5
245 1 2 3 5
246 1 3 5
247 2 3 4
248 2 4
249 1 2 3 5
250 2 3 4 5
251 5
252 3
253 3
254 1 4
255 1 2 3 4
257 3 5
260 2 3 5
261 3 5
262 3
263 3
264 2 4 5
265 2 3 5
266 1 2 3 5
268 5
269 1 2 3 4
271 1 2 3
272 2
273 1 2 3 4
274 4
275 1
277 4 5
279 1 2 3 5
280 1 2 5
281 1 5
282 1 2 4 5
283 1 2 3 5
284 1
286 4
287 1 2 3 5
288 2 3 4
289 2
290 1 3 4 5
291 1 2 3
292 1 2
293 1 2 3 5
294 3 4
296 1 3 4
297 5
298 1 3 4 5
300 3 4
302 1 3 5
303 3
305 4
306 2 3 4 5
307 1 3 5
308 5
309 2 4
310 2 5
311 1
312 2 3 5
313 1 2 3
314 4
315 3 5
316 1 5
317 3 5
318 1 3
319 1
320 2 3
321 3 4
322 2 5
323 2
324 3 5
325 1 4 5
326 1 5
327 1 3 4 5
328 2
329 1 2 3 5
330 4 5
331 1 3 4 5
332 5
333 3 5
334 2 3 4
335 1 2
336 1 2
337 1 5
338 1 2 3
339 2 5
342 1 4 5
343 4
344 3 5
345 1 3 4 5
346 1
348 1 2 4 5
350 2 3 5
352 3
353 1 2 3 4
354 1 2 3 4
355 1
356 1 2
357 5
358 1 2
359 2
360 1 4
362 3 4
363 1 4 5
364 3 4 5
365 2 3 4
367 1 3 4
368 4
369 1 2 4 5
370 3 4 5
371 4
372 2 3
373 2 3 4 5
374 2 3 4 5
375 3 5
377 3 5
379 5
380 1 3 4
381 1
382 2 5
383 1 3 4
384 1 2 3 4
385 2
386 1 2 3 4
387 2 5
389 1 2 3 4
390 1 3 5
392 1 2 4 5
393 3 5
394 1 4 5
396 2 3 4 5
398 2
399 3
400 1 2 3 5
401 1 2 4 5
402 1 2 3
403 1 3 4 5
404 4
405 1 4 5
406 3 4
408 1 2 3 4
409 4
410 2 3 4
413 1 2 3 4
414 1 2 3 4
415 2 3 4 5
416 1 2 3 5
417 1 2 3 5
418 1 3 4 5
419 1 2 4 5
420 2
421 1
422 1 2
423 2 3 4 5
424 1 3 5
425 1 2 3 4
426 2 3 4 5
427 1 5
428 2 3 4 5
430 1 2 4 5
431 1
432 1 3 4 5
433 1 2 3 4
434 1 2 5
435 4 5
436 1 3
437 1 2 3
438 3 4 5
439 3 4 5
440 2 3 4 5
441 3
442 1 4
443 4
444 1 2 3 5
445 2 4
448 1 2 4
449 1 2 3 4
451 3
452 4
453 1 4
454 4
455 1 3 4 5
456 1 4
457 1 2 3 5
458 1 2 3 4
459 1 2 5
460 5
462 5
464 2 4
465 3 4 5
466 3 5
468 3 4 5
469 3 4
470 3
472 1 2 5
474 2 3 4
475 1 2
476 1 3 5
477 3 4
478 2 4
479 3
481 2 3
482 2 3 5
483 2 3 4
484 3
485 4
486 1 3 4
487 1 3
488 1 2
491 2 4 5
493 2 3 5
494 5
496 1 3 4
497 2 3 4 5
498 3 5
499 2
SIZE OF PROGRAMS (pID SIZE):
1 43.0
2 68.0
3 84.0
4 87.0
5 94.0
COST TO INSTALL SERVERS AND PROGRAMS ON NODES (COST_TO_INSTALL_SERVER COST_TO_INSTALL_pID1 ...):
0 1800.0 0.9148936170212766 1.446808510638298 1.7872340425531914 1.851063829787234 2.0
1 3.3156551637909466 1.372340425531915 2.1702127659574466 2.6808510638297873 2.776595744680851 3.0
2 28.2382106031827 0.9148936170212766 1.446808510638298 1.7872340425531914 1.851063829787234 2.0
3 40.194593030194525 0.9148936170212766 1.446808510638298 1.7872340425531914 1.851063829787234 2.0
4 7.354393407157968 1.372340425531915 2.1702127659574466 2.6808510638297873 2.776595744680851 3.0
5 20.1314424272029 0.9148936170212766 1.446808510638298 1.7872340425531914 1.851063829787234 2.0
6 3.6905668063932042 0.9148936170212766 1.446808510638298 1.7872340425531914 1.851063829787234 2.0
7 10.479798298206351 1.372340425531915 2.1702127659574466 2.6808510638297873 2.776595744680851 3.0
8 81.0 0.9148936170212766 1.446808510638298 1.7872340425531914 1.851063829787234 2.0
9 3.898762088974854 1.372340425531915 2.1702127659574466 2.6808510638297873 2.776595744680851 3.0
10 2.5027519379844962 0.9148936170212766 1.446808510638298 1.7872340425531914 1.851063829787234 2.0
11 14.82285714285714 1.372340425531915 2.1702127659574466 2.6808510638297873 2.776595744680851 3.0
12 4.202735382952102 0.9148936170212766 1.446808510638298 1.7872340425531914 1.851063829787234 2.0
13 4.909890109890109 0.9148936170212766 1.446808510638298 1.7872340425531914 1.851063829787234 2.0
14 56.896201853675535 0.9148936170212766 1.446808510638298 1.7872340425531914 1.851063829787234 2.0
15 1.3107844238634232 0.9148936170212766 1.446808510638298 1.7872340425531914 1.851063829787234 2.0
16 11.0 1.372340425531915 2.1702127659574466 2.6808510638297873 2.776595744680851 3.0
17 11.971642393847807 0.9148936170212766 1.446808510638298 1.7872340425531914 1.851063829787234 2.0
18 27.70896973909918 1.372340425531915 2.1702127659574466 2.6808510638297873 2.776595744680851 3.0
19 28.75224751842893 1.372340425531915 2.1702127659574466 2.6808510638297873 2.776595744680851 3.0
20 2.937875537010811 1.372340425531915 2.1702127659574466 2.6808510638297873 2.776595744680851 3.0
21 24.611538461538448 1.372340425531915 2.1702127659574466 2.6808510638297873 2.776595744680851 3.0
22 1.9998682877406282 0.9148936170212766 1.446808510638298 1.7872340425531914 1.851063829787234 2.0
23 15.407717022660886 1.372340425531915 2.1702127659574466 2.6808510638297873 2.776595744680851 3.0
24 13.575282497021698 1.372340425531915 2.1702127659574466 2.6808510638297873 2.776595744680851 3.0
25 21.6892376277543 0.9148936170212766 1.446808510638298 1.7872340425531914 1.851063829787234 2.0
26 0.9577190909448975 0.9148936170212766 1.446808510638298 1.7872340425531914 1.851063829787234 2.0
27 18.007838827838825 1.372340425531915 2.1702127659574466 2.6808510638297873 2.776595744680851 3.0
28 19.00341698399054 0.9148936170212766 1.446808510638298 1.7872340425531914 1.851063829787234 2.0
29 13.63280860079268 1.372340425531915 2.1702127659574466 2.6808510638297873 2.776595744680851 3.0
30 6.070838652482268 0.9148936170212766 1.446808510638298 1.7872340425531914 1.851063829787234 2.0
31 15.55661879611692 1.372340425531915 2.1702127659574466 2.6808510638297873 2.776595744680851 3.0
32 5.3766605075508185 1.372340425531915 2.1702127659574466 2.6808510638297873 2.776595744680851 3.0
33 1.0752555373388955 0.9148936170212766 1.446808510638298 1.7872340425531914 1.851063829787234 2.0
34 76.0 0.9148936170212766 1.446808510638298 1.7872340425531914 1.851063829787234 2.0
35 35.47911930363542 1.372340425531915 2.1702127659574466 2.6808510638297873 2.776595744680851 3.0
36 5.395282222475801 1.372340425531915 2.1702127659574466 2.6808510638297873 2.776595744680851 3.0
37 25.957482413230846 0.9148936170212766 1.446808510638298 1.7872340425531914 1.851063829787234 2.0
38 9.579265342341381 0.9148936170212766 1.446808510638298 1.7872340425531914 1.851063829787234 2.0
39 16.299451003722375 1.372340425531915 2.1702127659574466 2.6808510638297873 2.776595744680851 3.0
40 15.197671699898319 0.9148936170212766 1.446808510638298 1.7872340425531914 1.851063829787234 2.0
41 2.6281584420495365 1.372340425531915 2.1702127659574466 2.6808510638297873 2.776595744680851 3.0
42 0.6108225108225107 1.372340425531915 2.1702127659574466 2.6808510638297873 2.776595744680851 3.0
43 1.7799898682877409 1.372340425531915 2.1702127659574466 2.6808510638297873 2.776595744680851 3.0
44 3.332583221376325 0.9148936170212766 1.446808510638298 1.7872340425531914 1.851063829787234 2.0
45 0.5762038420259974 1.372340425531915 2.1702127659574466 2.6808510638297873 2.776595744680851 3.0
46 9.598995271867611 1.372340425531915 2.1702127659574466 2.6808510638297873 2.776595744680851 3.0
47 56.0 0.9148936170212766 1.446808510638298 1.7872340425531914 1.851063829787234 2.0
48 2.1904293449248837 0.9148936170212766 1.446808510638298 1.7872340425531914 1.851063829787234 2.0
49 3.151756479096512 0.9148936170212766 1.446808510638298 1.7872340425531914 1.851063829787234 2.0
50 0.6750784458119284 1.372340425531915 2.1702127659574466 2.6808510638297873 2.776595744680851 3.0
51 50.0 0.9148936170212766 1.446808510638298 1.7872340425531914 1.851063829787234 2.0
52 12.222370928536701 0.9148936170212766 1.446808510638298 1.7872340425531914 1.851063829787234 2.0
53 19.85347118290226 1.372340425531915 2.1702127659574466 2.6808510638297873 2.776595744680851 3.0
54 9.09567419317261 0.9148936170212766 1.446808510638298 1.7872340425531914 1.851063829787234 2.0
55 29.145659943920812 1.372340425531915 2.1702127659574466 2.6808510638297873 2.776595744680851 3.0
56 23.248865310934274 0.9148936170212766 1.446808510638298 1.7872340425531914 1.851063829787234 2.0
57 9.016984369170478 1.372340425531915 2.1702127659574466 2.6808510638297873 2.776595744680851 3.0
58 12.208174427685721 1.372340425531915 2.1702127659574466 2.6808510638297873 2.776595744680851 3.0
59 23.15742705111126 0.9148936170212766 1.446808510638298 1.7872340425531914 1.851063829787234 2.0
60 23.4522885487882 1.372340425531915 2.1702127659574466 2.6808510638297873 2.776595744680851 3.0
61 5.565800865800864 0.9148936170212766 1.446808510638298 1.7872340425531914 1.851063829787234 2.0
62 17.957536641380617 1.372340425531915 2.1702127659574466 2.6808510638297873 2.776595744680851 3.0
63 8.635290344905695 1.372340425531915 2.1702127659574466 2.6808510638297873 2.776595744680851 3.0
64 0.7522444495837187 1.372340425531915 2.1702127659574466 2.6808510638297873 2.776595744680851 3.0
65 20.7945277206845 0.9148936170212766 1.446808510638298 1.7872340425531914 1.851063829787234 2.0
66 24.946796166885058 1.372340425531915 2.1702127659574466 2.6808510638297873 2.776595744680851 3.0
67 43.737622020960316 1.372340425531915 2.1702127659574466 2.6808510638297873 2.776595744680851 3.0
68 3.1043478260869564 0.9148936170212766 1.446808510638298 1.7872340425531914 1.851063829787234 2.0
69 13.258471500586623 0.9148936170212766 1.446808510638298 1.7872340425531914 1.851063829787234 2.0
70 12.317007269898456 0.9148936170212766 1.446808510638298 1.7872340425531914 1.851063829787234 2.0
71 26.0 0.9148936170212766 1.446808510638298 1.7872340425531914 1.851063829787234 2.0
72 68.0 1.372340425531915 2.1702127659574466 2.6808510638297873 2.776595744680851 3.0
73 20.022413320845406 1.372340425531915 2.1702127659574466 2.6808510638297873 2.776595744680851 3.0
74 2.3005874014175904 1.372340425531915 2.1702127659574466 2.6808510638297873 2.776595744680851 3.0
75 0.5960118118339673 1.372340425531915 2.1702127659574466 2.6808510638297873 2.776595744680851 3.0
76 14.393184411819133 1.372340425531915 2.1702127659574466 2.6808510638297873 2.776595744680851 3.0
77 5.529069170771757 0.9148936170212766 1.446808510638298 1.7872340425531914 1.851063829787234 2.0
78 1.740693101225016 0.9148936170212766 1.446808510638298 1.7872340425531914 1.851063829787234 2.0
79 72.5419796314533 0.9148936170212766 1.446808510638298 1.7872340425531914 1.851063829787234 2.0
80 11.311850886207639 0.9148936170212766 1.446808510638298 1.7872340425531914 1.851063829787234 2.0
81 13.596264094639453 0.9148936170212766 1.446808510638298 1.7872340425531914 1.851063829787234 2.0
82 0.761106129210696 1.372340425531915 2.1702127659574466 2.6808510638297873 2.776595744680851 3.0
83 6.157045230938801 1.372340425531915 2.1702127659574466 2.6808510638297873 2.776595744680851 3.0
84 20.714390912847076 1.372340425531915 2.1702127659574466 2.6808510638297873 2.776595744680851 3.0
85 3.9399383013287537 0.9148936170212766 1.446808510638298 1.7872340425531914 1.851063829787234 2.0
86 18.86066913273204 1.372340425531915 2.1702127659574466 2.6808510638297873 2.776595744680851 3.0
87 38.76377785856993 0.9148936170212766 1.446808510638298 1.7872340425531914 1.851063829787234 2.0
88 5.444370567375885 1.372340425531915 2.1702127659574466 2.6808510638297873 2.776595744680851 3.0
89 25.129114856795493 0.9148936170212766 1.446808510638298 1.7872340425531914 1.851063829787234 2.0
90 4.845762647425058 0.9148936170212766 1.446808510638298 1.7872340425531914 1.851063829787234 2.0
91 12.771212485490771 0.9148936170212766 1.446808510638298 1.7872340425531914 1.851063829787234 2.0
92 8.12819380203515 1.372340425531915 2.1702127659574466 2.6808510638297873 2.776595744680851 3.0
93 2.352319000483238 1.372340425531915 2.1702127659574466 2.6808510638297873 2.776595744680851 3.0
94 10.879481311975592 0.9148936170212766 1.446808510638298 1.7872340425531914 1.851063829787234 2.0
95 31.68310137837419 0.9148936170212766 1.446808510638298 1.7872340425531914 1.851063829787234 2.0
96 1.9785114391566152 1.372340425531915 2.1702127659574466 2.6808510638297873 2.776595744680851 3.0
97 96.0 0.9148936170212766 1.446808510638298 1.7872340425531914 1.851063829787234 2.0
98 0.7265587329494462 0.9148936170212766 1.446808510638298 1.7872340425531914 1.851063829787234 2.0
99 5.31179793841681 0.9148936170212766 1.446808510638298 1.7872340425531914 1.851063829787234 2.0
100 20.43565100786153 1.372340425531915 2.1702127659574466 2.6808510638297873 2.776595744680851 3.0
101 4.360377358490566 0.9148936170212766 1.446808510638298 1.7872340425531914 1.851063829787234 2.0
102 8.900105820105823 1.372340425531915 2.1702127659574466 2.6808510638297873 2.776595744680851 3.0
103 24.754674399674396 1.372340425531915 2.1702127659574466 2.6808510638297873 2.776595744680851 3.0
104 1.1762411347517734 1.372340425531915 2.1702127659574466 2.6808510638297873 2.776595744680851 3.0
105 25.203165150261924 1.372340425531915 2.1702127659574466 2.6808510638297873 2.776595744680851 3.0
106 4.225068358293442 1.372340425531915 2.1702127659574466 2.6808510638297873 2.776595744680851 3.0
107 2.270479387590134 0.9148936170212766 1.446808510638298 1.7872340425531914 1.851063829787234 2.0
108 0.6620877138290354 1.372340425531915 2.1702127659574466 2.6808510638297873 2.776595744680851 3.0
109 6.1436239860629405 1.372340425531915 2.1702127659574466 2.6808510638297873 2.776595744680851 3.0
110 4.137052812011295 1.372340425531915 2.1702127659574466 2.6808510638297873 2.776595744680851 3.0
111 74.0 0.9148936170212766 1.446808510638298 1.7872340425531914 1.851063829787234 2.0
112 3.7695059513991978 0.9148936170212766 1.446808510638298 1.7872340425531914 1.851063829787234 2.0
113 21.97859913085719 0.9148936170212766 1.446808510638298 1.7872340425531914 1.851063829787234 2.0
114 1.8820477770151758 0.9148936170212766 1.446808510638298 1.7872340425531914 1.851063829787234 2.0
115 13.72489044314486 0.9148936170212766 1.446808510638298 1.7872340425531914 1.851063829787234 2.0
116 3.3498672802939695 0.9148936170212766 1.446808510638298 1.7872340425531914 1.851063829787234 2.0
117 12.304559192301125 0.9148936170212766 1.446808510638298 1.7872340425531914 1.851063829787234 2.0
118 35.47985799723358 0.9148936170212766 1.446808510638298 1.7872340425531914 1.851063829787234 2.0
119 0.7629059301748224 1.372340425531915 2.1702127659574466 2.6808510638297873 2.776595744680851 3.0
120 9.164803859933171 0.9148936170212766 1.446808510638298 1.7872340425531914 1.851063829787234 2.0
121 1.582360407170805 1.372340425531915 2.1702127659574466 2.6808510638297873 2.776595744680851 3.0
122 2.0603939352609566 1.372340425531915 2.1702127659574466 2.6808510638297873 2.776595744680851 3.0
123 0.13131478450627385 1.372340425531915 2.1702127659574466 2.6808510638297873 2.776595744680851 3.0
124 13.0 1.372340425531915 2.1702127659574466 2.6808510638297873 2.776595744680851 3.0
125 13.470807380178778 0.9148936170212766 1.446808510638298 1.7872340425531914 1.851063829787234 2.0
126 8.448173736594788 0.9148936170212766 1.446808510638298 1.7872340425531914 1.851063829787234 2.0
127 8.92199658054711 1.372340425531915 2.1702127659574466 2.6808510638297873 2.776595744680851 3.0
128 4.0021409624857895 1.372340425531915 2.1702127659574466 2.6808510638297873 2.776595744680851 3.0
129 32.50587103471708 1.372340425531915 2.1702127659574466 2.6808510638297873 2.776595744680851 3.0
130 2.39954598808906 0.9148936170212766 1.446808510638298 1.7872340425531914 1.851063829787234 2.0
131 4.114501019993928 1.372340425531915 2.1702127659574466 2.6808510638297873 2.776595744680851 3.0
132 14.107502216774122 1.372340425531915 2.1702127659574466 2.6808510638297873 2.776595744680851 3.0
133 32.569754521104215 1.372340425531915 2.1702127659574466 2.6808510638297873 2.776595744680851 3.0
134 0.5365549147464043 1.372340425531915 2.1702127659574466 2.6808510638297873 2.776595744680851 3.0
135 20.977072436295494 0.9148936170212766 1.446808510638298 1.7872340425531914 1.851063829787234 2.0
136 19.321216732122902 1.372340425531915 2.1702127659574466 2.6808510638297873 2.776595744680851 3.0
137 0.5868417166106088 1.372340425531915 2.1702127659574466 2.6808510638297873 2.776595744680851 3.0
138 42.45834757834758 1.372340425531915 2.1702127659574466 2.6808510638297873 2.776595744680851 3.0
139 18.279310586114466 1.372340425531915 2.1702127659574466 2.6808510638297873 2.776595744680851 3.0
140 0.7436998977295485 1.372340425531915 2.1702127659574466 2.6808510638297873 2.776595744680851 3.0
141 13.988110723964379 0.9148936170212766 1.446808510638298 1.7872340425531914 1.851063829787234 2.0
142 10.518017333442863 0.9148936170212766 1.446808510638298 1.7872340425531914 1.851063829787234 2.0
143 17.717301587301584 0.9148936170212766 1.446808510638298 1.7872340425531914 1.851063829787234 2.0
144 80.0 1.372340425531915 2.1702127659574466 2.6808510638297873 2.776595744680851 3.0
145 23.33346599916562 1.372340425531915 2.1702127659574466 2.6808510638297873 2.776595744680851 3.0
146 2.673629916183108 1.372340425531915 2.1702127659574466 2.6808510638297873 2.776595744680851 3.0
147 1.4066091954022988 1.372340425531915 2.1702127659574466 2.6808510638297873 2.776595744680851 3.0
148 1.186988543371522 0.9148936170212766 1.446808510638298 1.7872340425531914 1.851063829787234 2.0
149 32.87880078848499 1.372340425531915 2.1702127659574466 2.6808510638297873 2.776595744680851 3.0
150 23.232910026703422 1.372340425531915 2.1702127659574466 2.6808510638297873 2.776595744680851 3.0
151 9.067314212631961 1.372340425531915 2.1702127659574466 2.6808510638297873 2.776595744680851 3.0
152 4.712019230769231 1.372340425531915 2.1702127659574466 2.6808510638297873 2.776595744680851 3.0
153 10.922621376748301 1.372340425531915 2.1702127659574466 2.6808510638297873 2.776595744680851 3.0
154 1.6588192032279114 1.372340425531915 2.1702127659574466 2.6808510638297873 2.776595744680851 3.0
155 3.430035027373864 1.372340425531915 2.1702127659574466 2.6808510638297873 2.776595744680851 3.0
156 1.0671614197550832 1.372340425531915 2.1702127659574466 2.6808510638297873 2.776595744680851 3.0
157 14.294569522618298 0.9148936170212766 1.446808510638298 1.7872340425531914 1.851063829787234 2.0
158 1.0226078602943434 0.9148936170212766 1.446808510638298 1.7872340425531914 1.851063829787234 2.0
159 27.0 0.9148936170212766 1.446808510638298 1.7872340425531914 1.851063829787234 2.0
160 9.755733869572738 1.372340425531915 2.1702127659574466 2.6808510638297873 2.776595744680851 3.0
161 1.5441738177690945 1.372340425531915 2.1702127659574466 2.6808510638297873 2.776595744680851 3.0
162 3.905357515113611 1.372340425531915 2.1702127659574466 2.6808510638297873 2.776595744680851 3.0
163 15.655594816839034 1.372340425531915 2.1702127659574466 2.6808510638297873 2.776595744680851 3.0
164 10.007020866825615 1.372340425531915 2.1702127659574466 2.6808510638297873 2.776595744680851 3.0
165 9.1990791789272 0.9148936170212766 1.446808510638298 1.7872340425531914 1.851063829787234 2.0
166 8.876675450153712 1.372340425531915 2.1702127659574466 2.6808510638297873 2.776595744680851 3.0
167 13.071115155653825 1.372340425531915 2.1702127659574466 2.6808510638297873 2.776595744680851 3.0
168 7.78425434005987 0.9148936170212766 1.446808510638298 1.7872340425531914 1.851063829787234 2.0
169 3.0666666666666664 1.372340425531915 2.1702127659574466 2.6808510638297873 2.776595744680851 3.0
170 4.130111232166192 0.9148936170212766 1.446808510638298 1.7872340425531914 1.851063829787234 2.0
171 1.2223294479081954 1.372340425531915 2.1702127659574466 2.6808510638297873 2.776595744680851 3.0
172 14.863965941059186 1.372340425531915 2.1702127659574466 2.6808510638297873 2.776595744680851 3.0
173 14.754712842712841 0.9148936170212766 1.446808510638298 1.7872340425531914 1.851063829787234 2.0
174 1.6661579311228683 0.9148936170212766 1.446808510638298 1.7872340425531914 1.851063829787234 2.0
175 14.047108304632163 0.9148936170212766 1.446808510638298 1.7872340425531914 1.851063829787234 2.0
176 1.8263518042241451 1.372340425531915 2.1702127659574466 2.6808510638297873 2.776595744680851 3.0
177 35.25218909721718 1.372340425531915 2.1702127659574466 2.6808510638297873 2.776595744680851 3.0
178 60.0 1.372340425531915 2.1702127659574466 2.6808510638297873 2.776595744680851 3.0
179 5.375494789448279 1.372340425531915 2.1702127659574466 2.6808510638297873 2.776595744680851 3.0
180 0.8518215433109058 1.372340425531915 2.1702127659574466 2.6808510638297873 2.776595744680851 3.0
181 13.903968388724337 1.372340425531915 2.1702127659574466 2.6808510638297873 2.776595744680851 3.0
182 2.501139590115159 0.9148936170212766 1.446808510638298 1.7872340425531914 1.851063829787234 2.0
183 22.39305313227806 0.9148936170212766 1.446808510638298 1.7872340425531914 1.851063829787234 2.0
184 12.675555555555553 1.372340425531915 2.1702127659574466 2.6808510638297873 2.776595744680851 3.0
185 29.792372334772832 0.9148936170212766 1.446808510638298 1.7872340425531914 1.851063829787234 2.0
186 103.0 0.9148936170212766 1.446808510638298 1.7872340425531914 1.851063829787234 2.0
187 27.56452242685691 1.372340425531915 2.1702127659574466 2.6808510638297873 2.776595744680851 3.0
188 28.238150460746915 1.372340425531915 2.1702127659574466 2.6808510638297873 2.776595744680851 3.0
189 1.235354609929078 1.372340425531915 2.1702127659574466 2.6808510638297873 2.776595744680851 3.0
190 55.0 1.372340425531915 2.1702127659574466 2.6808510638297873 2.776595744680851 3.0
191 3.564931329139583 1.372340425531915 2.1702127659574466 2.6808510638297873 2.776595744680851 3.0
192 2.1035858662613984 1.372340425531915 2.1702127659574466 2.6808510638297873 2.776595744680851 3.0
193 44.11926866237211 0.9148936170212766 1.446808510638298 1.7872340425531914 1.851063829787234 2.0
194 9.739405710129118 1.372340425531915 2.1702127659574466 2.6808510638297873 2.776595744680851 3.0
195 1.78415505925394 0.9148936170212766 1.446808510638298 1.7872340425531914 1.851063829787234 2.0
196 29.867744330137953 1.372340425531915 2.1702127659574466 2.6808510638297873 2.776595744680851 3.0
197 1.655889581078399 1.372340425531915 2.1702127659574466 2.6808510638297873 2.776595744680851 3.0
198 40.044871497733276 0.9148936170212766 1.446808510638298 1.7872340425531914 1.851063829787234 2.0
199 6.529236174453565 0.9148936170212766 1.446808510638298 1.7872340425531914 1.851063829787234 2.0
200 0.6997478925539403 1.372340425531915 2.1702127659574466 2.6808510638297873 2.776595744680851 3.0
201 3.961990950226245 0.9148936170212766 1.446808510638298 1.7872340425531914 1.851063829787234 2.0
202 32.24139103281097 0.9148936170212766 1.446808510638298 1.7872340425531914 1.851063829787234 2.0
203 8.141777553032751 1.372340425531915 2.1702127659574466 2.6808510638297873 2.776595744680851 3.0
204 13.315109362154661 1.372340425531915 2.1702127659574466 2.6808510638297873 2.776595744680851 3.0
205 17.91586928397273 0.9148936170212766 1.446808510638298 1.7872340425531914 1.851063829787234 2.0
206 8.859825112830432 1.372340425531915 2.1702127659574466 2.6808510638297873 2.776595744680851 3.0
207 26.24469717936385 0.9148936170212766 1.446808510638298 1.7872340425531914 1.851063829787234 2.0
208 38.38683834543425 1.372340425531915 2.1702127659574466 2.6808510638297873 2.776595744680851 3.0
209 93.0 0.9148936170212766 1.446808510638298 1.7872340425531914 1.851063829787234 2.0
210 33.0 1.372340425531915 2.1702127659574466 2.6808510638297873 2.776595744680851 3.0
211 6.88682346731418 0.9148936170212766 1.446808510638298 1.7872340425531914 1.851063829787234 2.0
212 2.0798027253369114 1.372340425531915 2.1702127659574466 2.6808510638297873 2.776595744680851 3.0
213 15.02692506459948 1.372340425531915 2.1702127659574466 2.6808510638297873 2.776595744680851 3.0
214 29.488771191276612 0.9148936170212766 1.446808510638298 1.7872340425531914 1.851063829787234 2.0
215 1.3698180594409435 0.9148936170212766 1.446808510638298 1.7872340425531914 1.851063829787234 2.0
216 8.636226601933735 1.372340425531915 2.1702127659574466 2.6808510638297873 2.776595744680851 3.0
217 1.9987324016772114 1.372340425531915 2.1702127659574466 2.6808510638297873 2.776595744680851 3.0
218 9.544326749064938 1.372340425531915 2.1702127659574466 2.6808510638297873 2.776595744680851 3.0
219 23.700129711613283 1.372340425531915 2.1702127659574466 2.6808510638297873 2.776595744680851 3.0
220 2.1616858237547896 1.372340425531915 2.1702127659574466 2.6808510638297873 2.776595744680851 3.0
221 23.218415477362843 1.372340425531915 2.1702127659574466 2.6808510638297873 2.776595744680851 3.0
222 3.2795636756090047 0.9148936170212766 1.446808510638298 1.7872340425531914 1.851063829787234 2.0
223 18.060568628174448 1.372340425531915 2.1702127659574466 2.6808510638297873 2.776595744680851 3.0
224 28.872663915443617 1.372340425531915 2.1702127659574466 2.6808510638297873 2.776595744680851 3.0
225 2.146979239075428 0.9148936170212766 1.446808510638298 1.7872340425531914 1.851063829787234 2.0
226 27.813909737093145 1.372340425531915 2.1702127659574466 2.6808510638297873 2.776595744680851 3.0
227 22.66495021283065 0.9148936170212766 1.446808510638298 1.7872340425531914 1.851063829787234 2.0
228 30.336067728410097 1.372340425531915 2.1702127659574466 2.6808510638297873 2.776595744680851 3.0
229 12.738387216648084 1.372340425531915 2.1702127659574466 2.6808510638297873 2.776595744680851 3.0
230 13.270358065706903 1.372340425531915 2.1702127659574466 2.6808510638297873 2.776595744680851 3.0
231 15.746003527336857 1.372340425531915 2.1702127659574466 2.6808510638297873 2.776595744680851 3.0
232 8.757553757135037 1.372340425531915 2.1702127659574466 2.6808510638297873 2.776595744680851 3.0
233 12.738387216648084 1.372340425531915 2.1702127659574466 2.6808510638297873 2.776595744680851 3.0
234 1.537549480067903 0.9148936170212766 1.446808510638298 1.7872340425531914 1.851063829787234 2.0
235 5.993736805066855 1.372340425531915 2.1702127659574466 2.6808510638297873 2.776595744680851 3.0
236 31.0 1.372340425531915 2.1702127659574466 2.6808510638297873 2.776595744680851 3.0
237 25.58150426016666 1.372340425531915 2.1702127659574466 2.6808510638297873 2.776595744680851 3.0
238 20.714162561576355 0.9148936170212766 1.446808510638298 1.7872340425531914 1.851063829787234 2.0
239 2.781582238899312 0.9148936170212766 1.446808510638298 1.7872340425531914 1.851063829787234 2.0
240 8.374726062467996 1.372340425531915 2.1702127659574466 2.6808510638297873 2.776595744680851 3.0
241 8.796625914013964 0.9148936170212766 1.446808510638298 1.7872340425531914 1.851063829787234 2.0
242 7.986463148802173 0.9148936170212766 1.446808510638298 1.7872340425531914 1.851063829787234 2.0
243 6.848021627179522 0.9148936170212766 1.446808510638298 1.7872340425531914 1.851063829787234 2.0
244 3.22677402458374 1.372340425531915 2.1702127659574466 2.6808510638297873 2.776595744680851 3.0
245 25.04766441303963 0.9148936170212766 1.446808510638298 1.7872340425531914 1.851063829787234 2.0
246 2.4942720369915232 1.372340425531915 2.1702127659574466 2.6808510638297873 2.776595744680851 3.0
247 1.6864111300826636 1.372340425531915 2.1702127659574466 2.6808510638297873 2.776595744680851 3.0
248 12.666583879216104 0.9148936170212766 1.446808510638298 1.7872340425531914 1.851063829787234 2.0
249 1.9972683680955878 0.9148936170212766 1.446808510638298 1.7872340425531914 1.851063829787234 2.0
250 8.659018087855296 1.372340425531915 2.1702127659574466 2.6808510638297873 2.776595744680851 3.0
251 1.7374999999999998 0.9148936170212766 1.446808510638298 1.7872340425531914 1.851063829787234 2.0
252 1.1115737430233519 0.9148936170212766 1.446808510638298 1.7872340425531914 1.851063829787234 2.0
253 34.4195372719945 0.9148936170212766 1.446808510638298 1.7872340425531914 1.851063829787234 2.0
254 1.473592415689679 1.372340425531915 2.1702127659574466 2.6808510638297873 2.776595744680851 3.0
255 30.257431203426627 0.9148936170212766 1.446808510638298 1.7872340425531914 1.851063829787234 2.0
256 2.489810619669208 0.9148936170212766 1.446808510638298 1.7872340425531914 1.851063829787234 2.0
257 19.841116506232783 0.9148936170212766 1.446808510638298 1.7872340425531914 1.851063829787234 2.0
258 6.241392729134664 1.372340425531915 2.1702127659574466 2.6808510638297873 2.776595744680851 3.0
259 64.0 0.9148936170212766 1.446808510638298 1.7872340425531914 1.851063829787234 2.0
260 28.328759323855294 1.372340425531915 2.1702127659574466 2.6808510638297873 2.776595744680851 3.0
261 9.355530135217112 1.372340425531915 2.1702127659574466 2.6808510638297873 2.776595744680851 3.0
262 1.351850377487989 1.372340425531915 2.1702127659574466 2.6808510638297873 2.776595744680851 3.0
263 2.5933333333333333 1.372340425531915 2.1702127659574466 2.6808510638297873 2.776595744680851 3.0
264 27.808720988632917 0.9148936170212766 1.446808510638298 1.7872340425531914 1.851063829787234 2.0
265 32.05606837606837 1.372340425531915 2.1702127659574466 2.6808510638297873 2.776595744680851 3.0
266 9.574270557029177 0.9148936170212766 1.446808510638298 1.7872340425531914 1.851063829787234 2.0
267 36.75770879503559 0.9148936170212766 1.446808510638298 1.7872340425531914 1.851063829787234 2.0
268 2.669438934968145 0.9148936170212766 1.446808510638298 1.7872340425531914 1.851063829787234 2.0
269 12.978646843352728 0.9148936170212766 1.446808510638298 1.7872340425531914 1.851063829787234 2.0
270 84.0 1.372340425531915 2.1702127659574466 2.6808510638297873 2.776595744680851 3.0
271 16.47127976190476 0.9148936170212766 1.446808510638298 1.7872340425531914 1.851063829787234 2.0
272 4.480234275816362 0.9148936170212766 1.446808510638298 1.7872340425531914 1.851063829787234 2.0
273 4.707858881836361 1.372340425531915 2.1702127659574466 2.6808510638297873 2.776595744680851 3.0
274 6.912549622761901 1.372340425531915 2.1702127659574466 2.6808510638297873 2.776595744680851 3.0
275 38.0 0.9148936170212766 1.446808510638298 1.7872340425531914 1.851063829787234 2.0
276 109.0 1.372340425531915 2.1702127659574466 2.6808510638297873 2.776595744680851 3.0
277 10.930276966525012 1.372340425531915 2.1702127659574466 2.6808510638297873 2.776595744680851 3.0
278 27.490961538461537 0.9148936170212766 1.446808510638298 1.7872340425531914 1.851063829787234 2.0
279 28.76910658547137 0.9148936170212766 1.446808510638298 1.7872340425531914 1.851063829787234 2.0
280 13.313471878897412 0.9148936170212766 1.446808510638298 1.7872340425531914 1.851063829787234 2.0
281 10.166918924274386 0.9148936170212766 1.446808510638298 1.7872340425531914 1.851063829787234 2.0
282 7.285477346421385 1.372340425531915 2.1702127659574466 2.6808510638297873 2.776595744680851 3.0
283 7.976848878153722 1.372340425531915 2.1702127659574466 2.6808510638297873 2.776595744680851 3.0
284 3.181246080285274 0.9148936170212766 1.446808510638298 1.7872340425531914 1.851063829787234 2.0
285 71.0 0.9148936170212766 1.446808510638298 1.7872340425531914 1.851063829787234 2.0
286 13.12309746990598 0.9148936170212766 1.446808510638298 1.7872340425531914 1.851063829787234 2.0
287 10.005283842496114 0.9148936170212766 1.446808510638298 1.7872340425531914 1.851063829787234 2.0
288 28.630125430125425 0.9148936170212766 1.446808510638298 1.7872340425531914 1.851063829787234 2.0
289 0.4108103512822113 0.9148936170212766 1.446808510638298 1.7872340425531914 1.851063829787234 2.0
290 18.174788782235588 0.9148936170212766 1.446808510638298 1.7872340425531914 1.851063829787234 2.0
291 3.4829076485693324 1.372340425531915 2.1702127659574466 2.6808510638297873 2.776595744680851 3.0
292 5.7499449510300575 0.9148936170212766 1.446808510638298 1.7872340425531914 1.851063829787234 2.0
293 12.379413047270187 0.9148936170212766 1.446808510638298 1.7872340425531914 1.851063829787234 2.0
294 4.681681653157716 1.372340425531915 2.1702127659574466 2.6808510638297873 2.776595744680851 3.0
295 13.0 1.372340425531915 2.1702127659574466 2.6808510638297873 2.776595744680851 3.0
296 3.4909282532505106 0.9148936170212766 1.446808510638298 1.7872340425531914 1.851063829787234 2.0
297 11.850751398242998 0.9148936170212766 1.446808510638298 1.7872340425531914 1.851063829787234 2.0
298 4.2190927807482845 0.9148936170212766 1.446808510638298 1.7872340425531914 1.851063829787234 2.0
299 17.69465201465201 1.372340425531915 2.1702127659574466 2.6808510638297873 2.776595744680851 3.0
300 7.097799686149833 0.9148936170212766 1.446808510638298 1.7872340425531914 1.851063829787234 2.0
301 95.0 0.9148936170212766 1.446808510638298 1.7872340425531914 1.851063829787234 2.0
302 2.6700793650793653 0.9148936170212766 1.446808510638298 1.7872340425531914 1.851063829787234 2.0
303 14.713077422610542 0.9148936170212766 1.446808510638298 1.7872340425531914 1.851063829787234 2.0
304 11.09842999313658 0.9148936170212766 1.446808510638298 1.7872340425531914 1.851063829787234 2.0
305 0.9993419953906276 1.372340425531915 2.1702127659574466 2.6808510638297873 2.776595744680851 3.0
306 26.180194572452628 1.372340425531915 2.1702127659574466 2.6808510638297873 2.776595744680851 3.0
307 2.204738095238095 0.9148936170212766 1.446808510638298 1.7872340425531914 1.851063829787234 2.0
308 29.878937100573708 1.372340425531915 2.1702127659574466 2.6808510638297873 2.776595744680851 3.0
309 13.139788742581295 0.9148936170212766 1.446808510638298 1.7872340425531914 1.851063829787234 2.0
310 7.102270668288904 1.372340425531915 2.1702127659574466 2.6808510638297873 2.776595744680851 3.0
311 3.190368195634153 0.9148936170212766 1.446808510638298 1.7872340425531914 1.851063829787234 2.0
312 9.176925987301052 1.372340425531915 2.1702127659574466 2.6808510638297873 2.776595744680851 3.0
313 11.886308708122998 1.372340425531915 2.1702127659574466 2.6808510638297873 2.776595744680851 3.0
314 6.734900533044642 0.9148936170212766 1.446808510638298 1.7872340425531914 1.851063829787234 2.0
315 10.225054675282964 0.9148936170212766 1.446808510638298 1.7872340425531914 1.851063829787234 2.0
316 13.792698412698408 1.372340425531915 2.1702127659574466 2.6808510638297873 2.776595744680851 3.0
317 17.814952979934116 0.9148936170212766 1.446808510638298 1.7872340425531914 1.851063829787234 2.0
318 2.8250164902037365 0.9148936170212766 1.446808510638298 1.7872340425531914 1.851063829787234 2.0
319 1.689571894303363 0.9148936170212766 1.446808510638298 1.7872340425531914 1.851063829787234 2.0
320 3.0911168264359743 0.9148936170212766 1.446808510638298 1.7872340425531914 1.851063829787234 2.0
321 13.783100419084462 0.9148936170212766 1.446808510638298 1.7872340425531914 1.851063829787234 2.0
322 23.46243902439024 0.9148936170212766 1.446808510638298 1.7872340425531914 1.851063829787234 2.0
323 32.92041682124879 0.9148936170212766 1.446808510638298 1.7872340425531914 1.851063829787234 2.0
324 27.476804049216796 0.9148936170212766 1.446808510638298 1.7872340425531914 1.851063829787234 2.0
325 17.4917937043217 0.9148936170212766 1.446808510638298 1.7872340425531914 1.851063829787234 2.0
326 2.402115337376944 0.9148936170212766 1.446808510638298 1.7872340425531914 1.851063829787234 2.0
327 35.23780468020238 0.9148936170212766 1.446808510638298 1.7872340425531914 1.851063829787234 2.0
328 3.0518531984987227 0.9148936170212766 1.446808510638298 1.7872340425531914 1.851063829787234 2.0
329 9.976079222196248 0.9148936170212766 1.446808510638298 1.7872340425531914 1.851063829787234 2.0
330 4.14910866910867 0.9148936170212766 1.446808510638298 1.7872340425531914 1.851063829787234 2.0
331 34.99924612647341 0.9148936170212766 1.446808510638298 1.7872340425531914 1.851063829787234 2.0
332 4.912212365770693 0.9148936170212766 1.446808510638298 1.7872340425531914 1.851063829787234 2.0
333 7.578887952473059 1.372340425531915 2.1702127659574466 2.6808510638297873 2.776595744680851 3.0
334 20.658233129369947 1.372340425531915 2.1702127659574466 2.6808510638297873 2.776595744680851 3.0
335 1.6381888820865584 0.9148936170212766 1.446808510638298 1.7872340425531914 1.851063829787234 2.0
336 14.820181104356635 0.9148936170212766 1.446808510638298 1.7872340425531914 1.851063829787234 2.0
337 1.68275103366487 1.372340425531915 2.1702127659574466 2.6808510638297873 2.776595744680851 3.0
338 2.0149208023268 1.372340425531915 2.1702127659574466 2.6808510638297873 2.776595744680851 3.0
339 6.680611087680515 1.372340425531915 2.1702127659574466 2.6808510638297873 2.776595744680851 3.0
340 52.0 0.9148936170212766 1.446808510638298 1.7872340425531914 1.851063829787234 2.0
341 17.1150664870642 0.9148936170212766 1.446808510638298 1.7872340425531914 1.851063829787234 2.0
342 13.425095749010639 1.372340425531915 2.1702127659574466 2.6808510638297873 2.776595744680851 3.0
343 0.3233351754628351 0.9148936170212766 1.446808510638298 1.7872340425531914 1.851063829787234 2.0
344 1.9274641157597872 0.9148936170212766 1.446808510638298 1.7872340425531914 1.851063829787234 2.0
345 4.954203024379155 1.372340425531915 2.1702127659574466 2.6808510638297873 2.776595744680851 3.0
346 0.4036054839284322 0.9148936170212766 1.446808510638298 1.7872340425531914 1.851063829787234 2.0
347 105.0 0.9148936170212766 1.446808510638298 1.7872340425531914 1.851063829787234 2.0
348 18.95589569592539 1.372340425531915 2.1702127659574466 2.6808510638297873 2.776595744680851 3.0
349 29.012991202346036 0.9148936170212766 1.446808510638298 1.7872340425531914 1.851063829787234 2.0
350 6.439606542856609 1.372340425531915 2.1702127659574466 2.6808510638297873 2.776595744680851 3.0
351 47.0 1.372340425531915 2.1702127659574466 2.6808510638297873 2.776595744680851 3.0
352 6.106357153869872 0.9148936170212766 1.446808510638298 1.7872340425531914 1.851063829787234 2.0
353 4.479152225848555 0.9148936170212766 1.446808510638298 1.7872340425531914 1.851063829787234 2.0
354 19.683133640552985 1.372340425531915 2.1702127659574466 2.6808510638297873 2.776595744680851 3.0
355 0.1810889858762199 0.9148936170212766 1.446808510638298 1.7872340425531914 1.851063829787234 2.0
356 20.152388110087667 0.9148936170212766 1.446808510638298 1.7872340425531914 1.851063829787234 2.0
357 1.8874358974358971 0.9148936170212766 1.446808510638298 1.7872340425531914 1.851063829787234 2.0
358 2.235084944357621 0.9148936170212766 1.446808510638298 1.7872340425531914 1.851063829787234 2.0
359 20.29829981214365 0.9148936170212766 1.446808510638298 1.7872340425531914 1.851063829787234 2.0
360 2.073359730895075 1.372340425531915 2.1702127659574466 2.6808510638297873 2.776595744680851 3.0
361 35.0 0.9148936170212766 1.446808510638298 1.7872340425531914 1.851063829787234 2.0
362 5.724589850989695 1.372340425531915 2.1702127659574466 2.6808510638297873 2.776595744680851 3.0
363 23.127629095054534 1.372340425531915 2.1702127659574466 2.6808510638297873 2.776595744680851 3.0
364 6.6390957446808505 0.9148936170212766 1.446808510638298 1.7872340425531914 1.851063829787234 2.0
365 11.772885649599818 0.9148936170212766 1.446808510638298 1.7872340425531914 1.851063829787234 2.0
366 10.117890652557316 0.9148936170212766 1.446808510638298 1.7872340425531914 1.851063829787234 2.0
367 3.158472414606868 0.9148936170212766 1.446808510638298 1.7872340425531914 1.851063829787234 2.0
368 1.713855989061817 0.9148936170212766 1.446808510638298 1.7872340425531914 1.851063829787234 2.0
369 4.075426065162906 1.372340425531915 2.1702127659574466 2.6808510638297873 2.776595744680851 3.0
370 4.224309184422117 1.372340425531915 2.1702127659574466 2.6808510638297873 2.776595744680851 3.0
371 57.84197963145332 1.372340425531915 2.1702127659574466 2.6808510638297873 2.776595744680851 3.0
372 11.697777777777777 0.9148936170212766 1.446808510638298 1.7872340425531914 1.851063829787234 2.0
373 52.37218470201966 0.9148936170212766 1.446808510638298 1.7872340425531914 1.851063829787234 2.0
374 7.023140728252712 0.9148936170212766 1.446808510638298 1.7872340425531914 1.851063829787234 2.0
375 17.695030417355444 1.372340425531915 2.1702127659574466 2.6808510638297873 2.776595744680851 3.0
376 25.03894888636268 1.372340425531915 2.1702127659574466 2.6808510638297873 2.776595744680851 3.0
377 2.4400410029564465 0.9148936170212766 1.446808510638298 1.7872340425531914 1.851063829787234 2.0
378 32.0 0.9148936170212766 1.446808510638298 1.7872340425531914 1.851063829787234 2.0
379 12.640628184076458 0.9148936170212766 1.446808510638298 1.7872340425531914 1.851063829787234 2.0
380 0.40888888888888875 1.372340425531915 2.1702127659574466 2.6808510638297873 2.776595744680851 3.0
381 27.344201853675532 1.372340425531915 2.1702127659574466 2.6808510638297873 2.776595744680851 3.0
382 14.257777777777777 0.9148936170212766 1.446808510638298 1.7872340425531914 1.851063829787234 2.0
383 14.861431923742675 0.9148936170212766 1.446808510638298 1.7872340425531914 1.851063829787234 2.0
384 6.343889943880733 1.372340425531915 2.1702127659574466 2.6808510638297873 2.776595744680851 3.0
385 0.551652716078248 1.372340425531915 2.1702127659574466 2.6808510638297873 2.776595744680851 3.0
386 28.98614522356457 0.9148936170212766 1.446808510638298 1.7872340425531914 1.851063829787234 2.0
387 0.6043576104746318 0.9148936170212766 1.446808510638298 1.7872340425531914 1.851063829787234 2.0
388 0.375 0.9148936170212766 1.446808510638298 1.7872340425531914 1.851063829787234 2.0
389 3.630061486132915 0.9148936170212766 1.446808510638298 1.7872340425531914 1.851063829787234 2.0
390 1.0666148458275064 1.372340425531915 2.1702127659574466 2.6808510638297873 2.776595744680851 3.0
391 59.0 1.372340425531915 2.1702127659574466 2.6808510638297873 2.776595744680851 3.0
392 15.174671592775043 0.9148936170212766 1.446808510638298 1.7872340425531914 1.851063829787234 2.0
393 2.1134783272283273 0.9148936170212766 1.446808510638298 1.7872340425531914 1.851063829787234 2.0
394 3.0857517010133075 0.9148936170212766 1.446808510638298 1.7872340425531914 1.851063829787234 2.0
395 57.0 0.9148936170212766 1.446808510638298 1.7872340425531914 1.851063829787234 2.0
396 34.610332756061354 1.372340425531915 2.1702127659574466 2.6808510638297873 2.776595744680851 3.0
397 14.383743148104852 0.9148936170212766 1.446808510638298 1.7872340425531914 1.851063829787234 2.0
398 5.558728703741848 1.372340425531915 2.1702127659574466 2.6808510638297873 2.776595744680851 3.0
399 14.517795962902342 0.9148936170212766 1.446808510638298 1.7872340425531914 1.851063829787234 2.0
400 0.19581433637284695 1.372340425531915 2.1702127659574466 2.6808510638297873 2.776595744680851 3.0
401 1.8509135266399703 1.372340425531915 2.1702127659574466 2.6808510638297873 2.776595744680851 3.0
402 11.402650995195605 1.372340425531915 2.1702127659574466 2.6808510638297873 2.776595744680851 3.0
403 6.544063829787236 1.372340425531915 2.1702127659574466 2.6808510638297873 2.776595744680851 3.0
404 32.42224076032306 1.372340425531915 2.1702127659574466 2.6808510638297873 2.776595744680851 3.0
405 17.616974669199216 0.9148936170212766 1.446808510638298 1.7872340425531914 1.851063829787234 2.0
406 8.564781612177823 1.372340425531915 2.1702127659574466 2.6808510638297873 2.776595744680851 3.0
407 106.0 1.372340425531915 2.1702127659574466 2.6808510638297873 2.776595744680851 3.0
408 5.601845699520117 1.372340425531915 2.1702127659574466 2.6808510638297873 2.776595744680851 3.0
409 4.255854472515167 0.9148936170212766 1.446808510638298 1.7872340425531914 1.851063829787234 2.0
410 23.331392667526526 0.9148936170212766 1.446808510638298 1.7872340425531914 1.851063829787234 2.0
411 29.07379684296258 1.372340425531915 2.1702127659574466 2.6808510638297873 2.776595744680851 3.0
412 8.229206349206347 1.372340425531915 2.1702127659574466 2.6808510638297873 2.776595744680851 3.0
413 23.071318681318687 0.9148936170212766 1.446808510638298 1.7872340425531914 1.851063829787234 2.0
414 23.03766567233889 1.372340425531915 2.1702127659574466 2.6808510638297873 2.776595744680851 3.0
415 3.6471041285671078 0.9148936170212766 1.446808510638298 1.7872340425531914 1.851063829787234 2.0
416 9.883391977480644 1.372340425531915 2.1702127659574466 2.6808510638297873 2.776595744680851 3.0
417 15.579947458658255 1.372340425531915 2.1702127659574466 2.6808510638297873 2.776595744680851 3.0
418 9.273404255319146 0.9148936170212766 1.446808510638298 1.7872340425531914 1.851063829787234 2.0
419 2.029158829989018 0.9148936170212766 1.446808510638298 1.7872340425531914 1.851063829787234 2.0
420 30.795367902440578 1.372340425531915 2.1702127659574466 2.6808510638297873 2.776595744680851 3.0
421 0.5011191320499832 1.372340425531915 2.1702127659574466 2.6808510638297873 2.776595744680851 3.0
422 5.69330937210474 0.9148936170212766 1.446808510638298 1.7872340425531914 1.851063829787234 2.0
423 22.166261398176296 0.9148936170212766 1.446808510638298 1.7872340425531914 1.851063829787234 2.0
424 3.5382023711055965 0.9148936170212766 1.446808510638298 1.7872340425531914 1.851063829787234 2.0
425 8.264847285067873 0.9148936170212766 1.446808510638298 1.7872340425531914 1.851063829787234 2.0
426 13.354969685997085 1.372340425531915 2.1702127659574466 2.6808510638297873 2.776595744680851 3.0
427 26.23710886644221 1.372340425531915 2.1702127659574466 2.6808510638297873 2.776595744680851 3.0
428 7.828657616892908 1.372340425531915 2.1702127659574466 2.6808510638297873 2.776595744680851 3.0
429 12.0 0.9148936170212766 1.446808510638298 1.7872340425531914 1.851063829787234 2.0
430 4.16949376573649 0.9148936170212766 1.446808510638298 1.7872340425531914 1.851063829787234 2.0
431 3.3531733775742736 1.372340425531915 2.1702127659574466 2.6808510638297873 2.776595744680851 3.0
432 0.16772486772486772 1.372340425531915 2.1702127659574466 2.6808510638297873 2.776595744680851 3.0
433 20.06808385744235 1.372340425531915 2.1702127659574466 2.6808510638297873 2.776595744680851 3.0
434 16.58303571428571 0.9148936170212766 1.446808510638298 1.7872340425531914 1.851063829787234 2.0
435 19.70346253229974 0.9148936170212766 1.446808510638298 1.7872340425531914 1.851063829787234 2.0
436 6.758196493254903 0.9148936170212766 1.446808510638298 1.7872340425531914 1.851063829787234 2.0
437 29.14004123741558 0.9148936170212766 1.446808510638298 1.7872340425531914 1.851063829787234 2.0
438 4.37351370983738 0.9148936170212766 1.446808510638298 1.7872340425531914 1.851063829787234 2.0
439 2.4904236524157386 0.9148936170212766 1.446808510638298 1.7872340425531914 1.851063829787234 2.0
440 8.77273073989321 1.372340425531915 2.1702127659574466 2.6808510638297873 2.776595744680851 3.0
441 0.7310062486533074 0.9148936170212766 1.446808510638298 1.7872340425531914 1.851063829787234 2.0
442 8.098495961716358 0.9148936170212766 1.446808510638298 1.7872340425531914 1.851063829787234 2.0
443 0.42180886407012097 1.372340425531915 2.1702127659574466 2.6808510638297873 2.776595744680851 3.0
444 2.200616072901204 0.9148936170212766 1.446808510638298 1.7872340425531914 1.851063829787234 2.0
445 9.946881558833999 0.9148936170212766 1.446808510638298 1.7872340425531914 1.851063829787234 2.0
446 5.9654746930218625 0.9148936170212766 1.446808510638298 1.7872340425531914 1.851063829787234 2.0
447 63.0 0.9148936170212766 1.446808510638298 1.7872340425531914 1.851063829787234 2.0
448 19.673967822988043 1.372340425531915 2.1702127659574466 2.6808510638297873 2.776595744680851 3.0
449 12.933114520013472 0.9148936170212766 1.446808510638298 1.7872340425531914 1.851063829787234 2.0
450 67.0 1.372340425531915 2.1702127659574466 2.6808510638297873 2.776595744680851 3.0
451 1.8573409435257249 1.372340425531915 2.1702127659574466 2.6808510638297873 2.776595744680851 3.0
452 9.08168030539888 0.9148936170212766 1.446808510638298 1.7872340425531914 1.851063829787234 2.0
453 7.431770294922469 0.9148936170212766 1.446808510638298 1.7872340425531914 1.851063829787234 2.0
454 21.189239736014347 1.372340425531915 2.1702127659574466 2.6808510638297873 2.776595744680851 3.0
455 27.253826739712395 0.9148936170212766 1.446808510638298 1.7872340425531914 1.851063829787234 2.0
456 1.2191039675197863 1.372340425531915 2.1702127659574466 2.6808510638297873 2.776595744680851 3.0
457 33.31029778074501 0.9148936170212766 1.446808510638298 1.7872340425531914 1.851063829787234 2.0
458 6.456580033722893 0.9148936170212766 1.446808510638298 1.7872340425531914 1.851063829787234 2.0
459 3.2325890224826406 1.372340425531915 2.1702127659574466 2.6808510638297873 2.776595744680851 3.0
460 1.1618704950963015 1.372340425531915 2.1702127659574466 2.6808510638297873 2.776595744680851 3.0
461 101.0 1.372340425531915 2.1702127659574466 2.6808510638297873 2.776595744680851 3.0
462 22.622860047409553 0.9148936170212766 1.446808510638298 1.7872340425531914 1.851063829787234 2.0
463 76.0 1.372340425531915 2.1702127659574466 2.6808510638297873 2.776595744680851 3.0
464 1.9326984126984124 1.372340425531915 2.1702127659574466 2.6808510638297873 2.776595744680851 3.0
465 21.736634454137207 1.372340425531915 2.1702127659574466 2.6808510638297873 2.776595744680851 3.0
466 7.505201816486441 1.372340425531915 2.1702127659574466 2.6808510638297873 2.776595744680851 3.0
467 98.0 1.372340425531915 2.1702127659574466 2.6808510638297873 2.776595744680851 3.0
468 26.562044365209257 0.9148936170212766 1.446808510638298 1.7872340425531914 1.851063829787234 2.0
469 12.170409394527042 0.9148936170212766 1.446808510638298 1.7872340425531914 1.851063829787234 2.0
470 9.448230027053555 0.9148936170212766 1.446808510638298 1.7872340425531914 1.851063829787234 2.0
471 15.93162287903667 1.372340425531915 2.1702127659574466 2.6808510638297873 2.776595744680851 3.0
472 12.755169033094562 0.9148936170212766 1.446808510638298 1.7872340425531914 1.851063829787234 2.0
473 101.0 1.372340425531915 2.1702127659574466 2.6808510638297873 2.776595744680851 3.0
474 8.515884391882878 1.372340425531915 2.1702127659574466 2.6808510638297873 2.776595744680851 3.0
475 1.1143362713334106 1.372340425531915 2.1702127659574466 2.6808510638297873 2.776595744680851 3.0
476 2.582558747589633 1.372340425531915 2.1702127659574466 2.6808510638297873 2.776595744680851 3.0
477 2.6678646133316612 0.9148936170212766 1.446808510638298 1.7872340425531914 1.851063829787234 2.0
478 15.071820121601053 1.372340425531915 2.1702127659574466 2.6808510638297873 2.776595744680851 3.0
479 5.867437622507003 0.9148936170212766 1.446808510638298 1.7872340425531914 1.851063829787234 2.0
480 21.0 1.372340425531915 2.1702127659574466 2.6808510638297873 2.776595744680851 3.0
481 21.760113730355663 0.9148936170212766 1.446808510638298 1.7872340425531914 1.851063829787234 2.0
482 14.147108954874911 1.372340425531915 2.1702127659574466 2.6808510638297873 2.776595744680851 3.0
483 8.842735042735043 0.9148936170212766 1.446808510638298 1.7872340425531914 1.851063829787234 2.0
484 2.129278445883442 1.372340425531915 2.1702127659574466 2.6808510638297873 2.776595744680851 3.0
485 3.382592166889228 0.9148936170212766 1.446808510638298 1.7872340425531914 1.851063829787234 2.0
486 28.117283875544747 1.372340425531915 2.1702127659574466 2.6808510638297873 2.776595744680851 3.0
487 1.6538705738705737 0.9148936170212766 1.446808510638298 1.7872340425531914 1.851063829787234 2.0
488 1.3102500091689704 0.9148936170212766 1.446808510638298 1.7872340425531914 1.851063829787234 2.0
489 22.747236467236476 0.9148936170212766 1.446808510638298 1.7872340425531914 1.851063829787234 2.0
490 75.0 0.9148936170212766 1.446808510638298 1.7872340425531914 1.851063829787234 2.0
491 37.58545823336791 0.9148936170212766 1.446808510638298 1.7872340425531914 1.851063829787234 2.0
492 12.0 1.372340425531915 2.1702127659574466 2.6808510638297873 2.776595744680851 3.0
493 33.40810153908048 0.9148936170212766 1.446808510638298 1.7872340425531914 1.851063829787234 2.0
494 6.9941383418035725 0.9148936170212766 1.446808510638298 1.7872340425531914 1.851063829787234 2.0
495 23.0 1.372340425531915 2.1702127659574466 2.6808510638297873 2.776595744680851 3.0
496 4.026229393291209 1.372340425531915 2.1702127659574466 2.6808510638297873 2.776595744680851 3.0
497 4.1585259819967275 1.372340425531915 2.1702127659574466 2.6808510638297873 2.776595744680851 3.0
498 25.178378258013517 0.9148936170212766 1.446808510638298 1.7872340425531914 1.851063829787234 2.0
499 17.736984341194866 0.9148936170212766 1.446808510638298 1.7872340425531914 1.851063829787234 2.0
