200 7
TREE NETWORK (nID nID Weight):
11 0 43
13 11 58
184 0 38
183 13 51
101 0 30
53 183 54
30 183 57
21 30 38
173 184 56
83 13 37
47 83 58
151 47 53
179 183 56
43 83 44
186 179 36
176 47 59
88 83 43
130 43 40
9 30 39
38 179 40
73 186 49
68 11 53
166 83 33
134 183 52
4 30 40
61 173 36
103 88 43
65 11 40
17 13 48
182 103 38
56 134 31
36 134 44
149 68 49
136 101 46
131 166 59
132 38 41
37 151 45
189 88 50
85 132 31
48 179 38
55 103 58
19 149 34
10 9 47
60 56 39
87 131 44
109 61 49
161 19 52
153 183 40
33 13 30
156 36 31
3 189 57
196 61 38
5 176 32
117 73 59
20 149 30
128 166 50
50 153 49
15 5 43
168 101 38
160 13 42
71 151 34
165 132 33
22 15 50
49 13 39
46 182 50
1 183 51
118 183 39
120 36 30
31 176 39
14 31 52
12 68 56
171 0 56
79 5 54
58 12 33
193 173 35
180 196 52
114 118 54
143 19 42
32 10 43
172 48 31
194 132 46
107 153 37
155 114 59
192 10 39
126 1 42
84 172 57
91 107 45
115 196 54
127 71 52
144 127 41
106 193 40
40 47 43
105 88 51
148 156 31
41 84 59
137 1 31
175 30 35
44 53 55
159 47 30
147 107 41
162 65 50
141 33 42
28 1 51
99 136 35
138 182 48
26 49 46
93 26 55
121 28 30
86 114 56
178 68 35
198 19 56
42 48 36
116 30 57
66 194 37
63 134 31
157 5 34
35 93 33
90 130 32
113 136 54
34 113 30
112 15 32
76 196 43
119 120 55
150 193 44
62 171 32
92 48 46
57 88 39
199 60 49
167 76 30
142 114 49
187 166 37
170 63 41
74 165 39
164 143 52
125 47 58
59 167 36
95 38 47
197 86 31
72 150 34
139 187 35
185 55 35
110 107 33
70 184 49
188 178 36
23 176 36
169 184 43
108 10 37
89 128 46
78 59 36
51 13 51
2 166 31
54 180 48
16 103 55
102 142 32
104 118 45
122 92 53
64 21 45
98 79 38
133 115 55
77 19 50
25 193 32
177 78 40
181 36 59
190 169 49
96 183 58
191 160 56
6 143 53
129 133 54
82 47 33
94 99 35
100 1 53
8 35 49
152 114 59
69 82 55
52 109 58
97 21 48
80 118 53
27 64 31
24 192 42
154 155 51
7 77 57
135 134 48
195 108 46
81 176 57
140 30 35
67 119 52
29 169 46
75 152 33
174 101 41
45 133 36
39 86 33
124 7 56
145 149 41
146 129 40
163 191 46
158 115 59
18 142 48
111 179 32
123 30 31
PROGRAMS ASSIGNED TO NODES (nID pID1 pID2 ...):
0 1 2 3 4 5 6 7
1 2 3 5 6 7
2 2 3
3 2 3 4 5 6 7
4 4 6 7
5 1 2 4 5 6
6 3 4 6 7
7 4
8 1 2 4 6 7
10 5
11 3 4 5 6 7
12 3
14 1 3
15 1 3 4 5 6 7
16 1 2 3 6 7
17 2 6
18 7
19 1 6
21 2 4 6
22 2 3 5 6 7
23 7
24 1 2 3 4 6 7
25 2 4 7
26 1 2 3 5 6 7
29 3 4
30 1 2 3 5 7
32 3
33 2 3 4 5 6
34 1 4 5 6 7
35 1
36 1 3 4 6 7
37 1 2 3 4 6
38 2 4 5 6 7
40 2 3 5
41 4
42 3
43 2 3 4 5 6 7
44 1 2 3 4
46 2 3 4 5 6 7
47 2 7
48 2 7
49 3 4 5 6 7
50 1 2 3 5 6
51 2 3 4 5 6 7
52 1 2 5 6
53 4 5
54 1 3 5 6 7
55 1 4 5 6
56 1 2 4 5 6
57 1 3 5
58 2 3 4 5 7
59 1 2 3 4
60 1 4 5
61 2 3 4 5 6 7
62 2 3 7
63 5
64 4
65 2 3 4 5 6 7
66 2 6 7
67 4 5 7
68 2 3 5
69 1 2 3 6 7
70 1 3 4 5 6 7
71 5 7
73 3
74 1 2 3 4 6 7
75 2 3 4 5 6 7
76 1 2 3 4 6 7
77 7
78 7
79 2 3 4 5
80 1 2 5 6
81 7
82 1 2 3 4 5 7
83 1 2 4 5 7
86 1 4 6
87 1 4 5 6
88 1 2 3 5 6 7
89 1 6
90 2 3 4 5 6 7
91 2 4 7
92 4 5 6 7
93 3 5
94 1 2 3 6 7
95 1 4 6
96 1 3 5 6 7
97 7
98 1 2 3 4 7
99 5
100 1 5 6 7
101 2 5
102 3 6
103 1 2 4 5
104 2 4
106 1 2 3 4 6 7
107 1 2 3 4 5 7
110 1 2 6
111 1 2 4 5 6
112 1 3 7
113 3
114 2 3 6
115 1 2 3 4 7
116 6
117 1 2 4 5 6 7
118 3 4 7
119 1 3 4 5 6 7
120 1 4 6 7
121 1 2 3 6 7
122 1 2 3 4 5
123 1 2 3 5
124 1 4
125 1 6
128 5 6 7
129 1 3 4 5 6 7
131 2 3
132 3
133 1 5 6
134 3 5
135 1 2 3 5 7
136 3 5 6
137 1 2 3 4 6 7
138 1 2 5 6 7
139 2 6
141 1 2 3 4 5
142 1 2 3 4
143 2 5
145 1 2 4 5 6 7
146 2 6 7
147 1 2 3 4 6 7
148 1 2 5
149 4 5 6 7
150 1 2
151 1 2
153 1 2 4 6 7
154 2 3 4 6 7
155 2 3 6
156 4
157 1 2 3 4 7
158 1 4 5 6 7
159 1 3 4 5
160 1 2 5 6 7
161 1 2 3 4 6 7
163 2 6 7
164 5 6 7
165 4 5 6
166 1 2 3 4 6 7
168 1 2 4 5 6 7
169 1 3 5 6 7
170 3 5 7
171 2 4 5 7
172 1 2 5 7
173 2 3 4 5 7
174 1 4 5 6
175 1 3 5 7
176 1 3 4 6 7
177 1 2 3 4 6
178 1 3 6
179 2 6
180 6 7
181 2 3 4 5 6 7
182 1 3 5 6 7
183 2 5
184 1 6 7
185 1 4
186 2 3 4 5 6 7
187 7
188 1 2 4 5 7
189 3 5 6 7
190 1 2 3 4 5 6
191 1 2 4 5 6 7
192 4
193 7
194 4 5 6
195 1 3 6 7
196 1 2 4 7
197 4 6
199 2 3 4 6 7
SIZE OF PROGRAMS (pID SIZE):
1 72.0
2 76.0
3 58.0
4 61.0
5 84.0
6 88.0
7 79.0
COST TO INSTALL SERVERS AND PROGRAMS ON NODES (COST_TO_INSTALL_SERVER COST_TO_INSTALL_pID1 ...):
0 2765.9090909090905 2.4545454545454546 2.590909090909091 1.9772727272727273 2.0795454545454546 2.8636363636363638 3.0 2.6931818181818183
1 14.179308415062467 2.4545454545454546 2.590909090909091 1.9772727272727273 2.0795454545454546 2.8636363636363638 3.0 2.6931818181818183
2 1.4385977679288073 1.6363636363636365 1.7272727272727273 1.3181818181818181 1.3863636363636365 1.9090909090909092 2.0 1.7954545454545454
3 16.210765757035077 2.4545454545454546 2.590909090909091 1.9772727272727273 2.0795454545454546 2.8636363636363638 3.0 2.6931818181818183
4 1.822213011762991 1.6363636363636365 1.7272727272727273 1.3181818181818181 1.3863636363636365 1.9090909090909092 2.0 1.7954545454545454
5 43.53415309609008 2.4545454545454546 2.590909090909091 1.9772727272727273 2.0795454545454546 2.8636363636363638 3.0 2.6931818181818183
6 9.600491649051023 1.6363636363636365 1.7272727272727273 1.3181818181818181 1.3863636363636365 1.9090909090909092 2.0 1.7954545454545454
7 5.49802502707839 2.4545454545454546 2.590909090909091 1.9772727272727273 2.0795454545454546 2.8636363636363638 3.0 2.6931818181818183
8 19.988572045685313 2.4545454545454546 2.590909090909091 1.9772727272727273 2.0795454545454546 2.8636363636363638 3.0 2.6931818181818183
9 8.065144918568166 2.4545454545454546 2.590909090909091 1.9772727272727273 2.0795454545454546 2.8636363636363638 3.0 2.6931818181818183
10 39.836410354307155 2.4545454545454546 2.590909090909091 1.9772727272727273 2.0795454545454546 2.8636363636363638 3.0 2.6931818181818183
11 92.0 2.4545454545454546 2.590909090909091 1.9772727272727273 2.0795454545454546 2.8636363636363638 3.0 2.6931818181818183
12 8.650702727139763 2.4545454545454546 2.590909090909091 1.9772727272727273 2.0795454545454546 2.8636363636363638 3.0 2.6931818181818183
13 6.673493657505287 1.6363636363636365 1.7272727272727273 1.3181818181818181 1.3863636363636365 1.9090909090909092 2.0 1.7954545454545454
14 1.4624432930180287 2.4545454545454546 2.590909090909091 1.9772727272727273 2.0795454545454546 2.8636363636363638 3.0 2.6931818181818183
15 37.957897397513655 2.4545454545454546 2.590909090909091 1.9772727272727273 2.0795454545454546 2.8636363636363638 3.0 2.6931818181818183
16 4.083991683233864 1.6363636363636365 1.7272727272727273 1.3181818181818181 1.3863636363636365 1.9090909090909092 2.0 1.7954545454545454
17 4.8537157865746465 1.6363636363636365 1.7272727272727273 1.3181818181818181 1.3863636363636365 1.9090909090909092 2.0 1.7954545454545454
18 0.9699525550127922 1.6363636363636365 1.7272727272727273 1.3181818181818181 1.3863636363636365 1.9090909090909092 2.0 1.7954545454545454
19 12.548932182470498 1.6363636363636365 1.7272727272727273 1.3181818181818181 1.3863636363636365 1.9090909090909092 2.0 1.7954545454545454
20 109.0 1.6363636363636365 1.7272727272727273 1.3181818181818181 1.3863636363636365 1.9090909090909092 2.0 1.7954545454545454
21 6.372488410688328 2.4545454545454546 2.590909090909091 1.9772727272727273 2.0795454545454546 2.8636363636363638 3.0 2.6931818181818183
22 32.83195076842232 2.4545454545454546 2.590909090909091 1.9772727272727273 2.0795454545454546 2.8636363636363638 3.0 2.6931818181818183
23 0.7536728045605283 2.4545454545454546 2.590909090909091 1.9772727272727273 2.0795454545454546 2.8636363636363638 3.0 2.6931818181818183
24 14.748217031651789 2.4545454545454546 2.590909090909091 1.9772727272727273 2.0795454545454546 2.8636363636363638 3.0 2.6931818181818183
25 14.92063738892686 1.6363636363636365 1.7272727272727273 1.3181818181818181 1.3863636363636365 1.9090909090909092 2.0 1.7954545454545454
26 13.234153623200603 2.4545454545454546 2.590909090909091 1.9772727272727273 2.0795454545454546 2.8636363636363638 3.0 2.6931818181818183
27 74.0 1.6363636363636365 1.7272727272727273 1.3181818181818181 1.3863636363636365 1.9090909090909092 2.0 1.7954545454545454
28 12.38005462664763 1.6363636363636365 1.7272727272727273 1.3181818181818181 1.3863636363636365 1.9090909090909092 2.0 1.7954545454545454
29 4.43243110418753 1.6363636363636365 1.7272727272727273 1.3181818181818181 1.3863636363636365 1.9090909090909092 2.0 1.7954545454545454
30 20.625815638929442 1.6363636363636365 1.7272727272727273 1.3181818181818181 1.3863636363636365 1.9090909090909092 2.0 1.7954545454545454
31 10.42797433738064 1.6363636363636365 1.7272727272727273 1.3181818181818181 1.3863636363636365 1.9090909090909092 2.0 1.7954545454545454
32 0.6596422493312808 2.4545454545454546 2.590909090909091 1.9772727272727273 2.0795454545454546 2.8636363636363638 3.0 2.6931818181818183
33 4.236810934988562 2.4545454545454546 2.590909090909091 1.9772727272727273 2.0795454545454546 2.8636363636363638 3.0 2.6931818181818183
34 19.39899868247694 1.6363636363636365 1.7272727272727273 1.3181818181818181 1.3863636363636365 1.9090909090909092 2.0 1.7954545454545454
35 4.272673183655367 1.6363636363636365 1.7272727272727273 1.3181818181818181 1.3863636363636365 1.9090909090909092 2.0 1.7954545454545454
36 9.246588146392973 1.6363636363636365 1.7272727272727273 1.3181818181818181 1.3863636363636365 1.9090909090909092 2.0 1.7954545454545454
37 21.966364882009223 1.6363636363636365 1.7272727272727273 1.3181818181818181 1.3863636363636365 1.9090909090909092 2.0 1.7954545454545454
38 3.567531794667273 2.4545454545454546 2.590909090909091 1.9772727272727273 2.0795454545454546 2.8636363636363638 3.0 2.6931818181818183
39 30.0 1.6363636363636365 1.7272727272727273 1.3181818181818181 1.3863636363636365 1.9090909090909092 2.0 1.7954545454545454
40 9.67010998386299 2.4545454545454546 2.590909090909091 1.9772727272727273 2.0795454545454546 2.8636363636363638 3.0 2.6931818181818183
41 0.835322631726648 2.4545454545454546 2.590909090909091 1.9772727272727273 2.0795454545454546 2.8636363636363638 3.0 2.6931818181818183
42 3.8046308876282238 1.6363636363636365 1.7272727272727273 1.3181818181818181 1.3863636363636365 1.9090909090909092 2.0 1.7954545454545454
43 11.616095153464844 1.6363636363636365 1.7272727272727273 1.3181818181818181 1.3863636363636365 1.9090909090909092 2.0 1.7954545454545454
44 1.9778852799898603 1.6363636363636365 1.7272727272727273 1.3181818181818181 1.3863636363636365 1.9090909090909092 2.0 1.7954545454545454
45 46.0 1.6363636363636365 1.7272727272727273 1.3181818181818181 1.3863636363636365 1.9090909090909092 2.0 1.7954545454545454
46 37.8096770358113 2.4545454545454546 2.590909090909091 1.9772727272727273 2.0795454545454546 2.8636363636363638 3.0 2.6931818181818183
47 12.468507600058325 2.4545454545454546 2.590909090909091 1.9772727272727273 2.0795454545454546 2.8636363636363638 3.0 2.6931818181818183
48 41.187179017144665 1.6363636363636365 1.7272727272727273 1.3181818181818181 1.3863636363636365 1.9090909090909092 2.0 1.7954545454545454
49 9.960303890175583 2.4545454545454546 2.590909090909091 1.9772727272727273 2.0795454545454546 2.8636363636363638 3.0 2.6931818181818183
50 11.698971196264472 2.4545454545454546 2.590909090909091 1.9772727272727273 2.0795454545454546 2.8636363636363638 3.0 2.6931818181818183
51 11.105059318325274 2.4545454545454546 2.590909090909091 1.9772727272727273 2.0795454545454546 2.8636363636363638 3.0 2.6931818181818183
52 19.45954751036421 1.6363636363636365 1.7272727272727273 1.3181818181818181 1.3863636363636365 1.9090909090909092 2.0 1.7954545454545454
53 9.378575211523698 2.4545454545454546 2.590909090909091 1.9772727272727273 2.0795454545454546 2.8636363636363638 3.0 2.6931818181818183
54 33.76773252332462 1.6363636363636365 1.7272727272727273 1.3181818181818181 1.3863636363636365 1.9090909090909092 2.0 1.7954545454545454
55 8.892548135180457 2.4545454545454546 2.590909090909091 1.9772727272727273 2.0795454545454546 2.8636363636363638 3.0 2.6931818181818183
56 27.619738478357792 1.6363636363636365 1.7272727272727273 1.3181818181818181 1.3863636363636365 1.9090909090909092 2.0 1.7954545454545454
57 2.0050470451833724 1.6363636363636365 1.7272727272727273 1.3181818181818181 1.3863636363636365 1.9090909090909092 2.0 1.7954545454545454
58 2.4185276731459275 1.6363636363636365 1.7272727272727273 1.3181818181818181 1.3863636363636365 1.9090909090909092 2.0 1.7954545454545454
59 16.85410841232751 1.6363636363636365 1.7272727272727273 1.3181818181818181 1.3863636363636365 1.9090909090909092 2.0 1.7954545454545454
60 32.05715106577038 2.4545454545454546 2.590909090909091 1.9772727272727273 2.0795454545454546 2.8636363636363638 3.0 2.6931818181818183
61 1.9611376927166413 2.4545454545454546 2.590909090909091 1.9772727272727273 2.0795454545454546 2.8636363636363638 3.0 2.6931818181818183
62 4.776075487012989 1.6363636363636365 1.7272727272727273 1.3181818181818181 1.3863636363636365 1.9090909090909092 2.0 1.7954545454545454
63 6.873831310492199 1.6363636363636365 1.7272727272727273 1.3181818181818181 1.3863636363636365 1.9090909090909092 2.0 1.7954545454545454
64 0.6311037736149522 1.6363636363636365 1.7272727272727273 1.3181818181818181 1.3863636363636365 1.9090909090909092 2.0 1.7954545454545454
65 5.144288734521295 2.4545454545454546 2.590909090909091 1.9772727272727273 2.0795454545454546 2.8636363636363638 3.0 2.6931818181818183
66 22.36445269112116 1.6363636363636365 1.7272727272727273 1.3181818181818181 1.3863636363636365 1.9090909090909092 2.0 1.7954545454545454
67 3.1072852163167752 2.4545454545454546 2.590909090909091 1.9772727272727273 2.0795454545454546 2.8636363636363638 3.0 2.6931818181818183
68 3.536854780804981 2.4545454545454546 2.590909090909091 1.9772727272727273 2.0795454545454546 2.8636363636363638 3.0 2.6931818181818183
69 31.60594404676602 1.6363636363636365 1.7272727272727273 1.3181818181818181 1.3863636363636365 1.9090909090909092 2.0 1.7954545454545454
70 3.749126410646283 2.4545454545454546 2.590909090909091 1.9772727272727273 2.0795454545454546 2.8636363636363638 3.0 2.6931818181818183
71 6.9894776892851205 2.4545454545454546 2.590909090909091 1.9772727272727273 2.0795454545454546 2.8636363636363638 3.0 2.6931818181818183
72 97.0 1.6363636363636365 1.7272727272727273 1.3181818181818181 1.3863636363636365 1.9090909090909092 2.0 1.7954545454545454
73 22.65067681832034 2.4545454545454546 2.590909090909091 1.9772727272727273 2.0795454545454546 2.8636363636363638 3.0 2.6931818181818183
74 15.726267079456298 2.4545454545454546 2.590909090909091 1.9772727272727273 2.0795454545454546 2.8636363636363638 3.0 2.6931818181818183
75 30.361202502584884 1.6363636363636365 1.7272727272727273 1.3181818181818181 1.3863636363636365 1.9090909090909092 2.0 1.7954545454545454
76 3.7945229529072857 2.4545454545454546 2.590909090909091 1.9772727272727273 2.0795454545454546 2.8636363636363638 3.0 2.6931818181818183
77 14.029066876644952 2.4545454545454546 2.590909090909091 1.9772727272727273 2.0795454545454546 2.8636363636363638 3.0 2.6931818181818183
78 62.31159166414981 2.4545454545454546 2.590909090909091 1.9772727272727273 2.0795454545454546 2.8636363636363638 3.0 2.6931818181818183
79 21.355101943190036 1.6363636363636365 1.7272727272727273 1.3181818181818181 1.3863636363636365 1.9090909090909092 2.0 1.7954545454545454
80 2.2567384793442105 2.4545454545454546 2.590909090909091 1.9772727272727273 2.0795454545454546 2.8636363636363638 3.0 2.6931818181818183
81 4.036949108064924 2.4545454545454546 2.590909090909091 1.9772727272727273 2.0795454545454546 2.8636363636363638 3.0 2.6931818181818183
82 10.762385178974995 1.6363636363636365 1.7272727272727273 1.3181818181818181 1.3863636363636365 1.9090909090909092 2.0 1.7954545454545454
83 1.7318455201574694 2.4545454545454546 2.590909090909091 1.9772727272727273 2.0795454545454546 2.8636363636363638 3.0 2.6931818181818183
84 4.39159680730904 2.4545454545454546 2.590909090909091 1.9772727272727273 2.0795454545454546 2.8636363636363638 3.0 2.6931818181818183
85 31.0 2.4545454545454546 2.590909090909091 1.9772727272727273 2.0795454545454546 2.8636363636363638 3.0 2.6931818181818183
86 16.536588471301787 2.4545454545454546 2.590909090909091 1.9772727272727273 2.0795454545454546 2.8636363636363638 3.0 2.6931818181818183
87 10.502040886968109 1.6363636363636365 1.7272727272727273 1.3181818181818181 1.3863636363636365 1.9090909090909092 2.0 1.7954545454545454
88 3.5251330465845303 1.6363636363636365 1.7272727272727273 1.3181818181818181 1.3863636363636365 1.9090909090909092 2.0 1.7954545454545454
89 7.312966054351642 2.4545454545454546 2.590909090909091 1.9772727272727273 2.0795454545454546 2.8636363636363638 3.0 2.6931818181818183
90 37.06507436767159 1.6363636363636365 1.7272727272727273 1.3181818181818181 1.3863636363636365 1.9090909090909092 2.0 1.7954545454545454
91 20.494719572674665 1.6363636363636365 1.7272727272727273 1.3181818181818181 1.3863636363636365 1.9090909090909092 2.0 1.7954545454545454
92 4.7617766459258535 2.4545454545454546 2.590909090909091 1.9772727272727273 2.0795454545454546 2.8636363636363638 3.0 2.6931818181818183
93 4.316592150338882 1.6363636363636365 1.7272727272727273 1.3181818181818181 1.3863636363636365 1.9090909090909092 2.0 1.7954545454545454
94 31.153772507685538 1.6363636363636365 1.7272727272727273 1.3181818181818181 1.3863636363636365 1.9090909090909092 2.0 1.7954545454545454
95 1.9922678366552604 2.4545454545454546 2.590909090909091 1.9772727272727273 2.0795454545454546 2.8636363636363638 3.0 2.6931818181818183
96 12.485936086179022 1.6363636363636365 1.7272727272727273 1.3181818181818181 1.3863636363636365 1.9090909090909092 2.0 1.7954545454545454
97 4.299517002923538 2.4545454545454546 2.590909090909091 1.9772727272727273 2.0795454545454546 2.8636363636363638 3.0 2.6931818181818183
98 14.307956918224995 1.6363636363636365 1.7272727272727273 1.3181818181818181 1.3863636363636365 1.9090909090909092 2.0 1.7954545454545454
99 14.714844586055763 1.6363636363636365 1.7272727272727273 1.3181818181818181 1.3863636363636365 1.9090909090909092 2.0 1.7954545454545454
100 18.7472124694464 2.4545454545454546 2.590909090909091 1.9772727272727273 2.0795454545454546 2.8636363636363638 3.0 2.6931818181818183
101 1.9228787878787879 1.6363636363636365 1.7272727272727273 1.3181818181818181 1.3863636363636365 1.9090909090909092 2.0 1.7954545454545454
102 1.9446538780405185 1.6363636363636365 1.7272727272727273 1.3181818181818181 1.3863636363636365 1.9090909090909092 2.0 1.7954545454545454
103 4.729784209375228 1.6363636363636365 1.7272727272727273 1.3181818181818181 1.3863636363636365 1.9090909090909092 2.0 1.7954545454545454
104 5.060474718250321 1.6363636363636365 1.7272727272727273 1.3181818181818181 1.3863636363636365 1.9090909090909092 2.0 1.7954545454545454
105 59.0 1.6363636363636365 1.7272727272727273 1.3181818181818181 1.3863636363636365 1.9090909090909092 2.0 1.7954545454545454
106 12.55786056049214 1.6363636363636365 1.7272727272727273 1.3181818181818181 1.3863636363636365 1.9090909090909092 2.0 1.7954545454545454
107 4.631168158303637 1.6363636363636365 1.7272727272727273 1.3181818181818181 1.3863636363636365 1.9090909090909092 2.0 1.7954545454545454
108 3.827328270549449 1.6363636363636365 1.7272727272727273 1.3181818181818181 1.3863636363636365 1.9090909090909092 2.0 1.7954545454545454
109 6.684633662077273 1.6363636363636365 1.7272727272727273 1.3181818181818181 1.3863636363636365 1.9090909090909092 2.0 1.7954545454545454
110 8.949229651283522 2.4545454545454546 2.590909090909091 1.9772727272727273 2.0795454545454546 2.8636363636363638 3.0 2.6931818181818183
111 14.278658068261208 1.6363636363636365 1.7272727272727273 1.3181818181818181 1.3863636363636365 1.9090909090909092 2.0 1.7954545454545454
112 19.233808988572118 2.4545454545454546 2.590909090909091 1.9772727272727273 2.0795454545454546 2.8636363636363638 3.0 2.6931818181818183
113 1.7459032352510613 2.4545454545454546 2.590909090909091 1.9772727272727273 2.0795454545454546 2.8636363636363638 3.0 2.6931818181818183
114 3.6349961821316605 2.4545454545454546 2.590909090909091 1.9772727272727273 2.0795454545454546 2.8636363636363638 3.0 2.6931818181818183
115 25.701329080276444 2.4545454545454546 2.590909090909091 1.9772727272727273 2.0795454545454546 2.8636363636363638 3.0 2.6931818181818183
116 3.8261775009248202 1.6363636363636365 1.7272727272727273 1.3181818181818181 1.3863636363636365 1.9090909090909092 2.0 1.7954545454545454
117 33.66739406192962 2.4545454545454546 2.590909090909091 1.9772727272727273 2.0795454545454546 2.8636363636363638 3.0 2.6931818181818183
118 19.399092690824915 2.4545454545454546 2.590909090909091 1.9772727272727273 2.0795454545454546 2.8636363636363638 3.0 2.6931818181818183
119 55.357432070735975 1.6363636363636365 1.7272727272727273 1.3181818181818181 1.3863636363636365 1.9090909090909092 2.0 1.7954545454545454
120 26.32272998052469 1.6363636363636365 1.7272727272727273 1.3181818181818181 1.3863636363636365 1.9090909090909092 2.0 1.7954545454545454
121 34.313116880394105 2.4545454545454546 2.590909090909091 1.9772727272727273 2.0795454545454546 2.8636363636363638 3.0 2.6931818181818183
122 11.433965490579238 1.6363636363636365 1.7272727272727273 1.3181818181818181 1.3863636363636365 1.9090909090909092 2.0 1.7954545454545454
123 2.5282109473329495 1.6363636363636365 1.7272727272727273 1.3181818181818181 1.3863636363636365 1.9090909090909092 2.0 1.7954545454545454
124 12.706820502453375 1.6363636363636365 1.7272727272727273 1.3181818181818181 1.3863636363636365 1.9090909090909092 2.0 1.7954545454545454
125 1.0866571171302526 2.4545454545454546 2.590909090909091 1.9772727272727273 2.0795454545454546 2.8636363636363638 3.0 2.6931818181818183
126 38.0 2.4545454545454546 2.590909090909091 1.9772727272727273 2.0795454545454546 2.8636363636363638 3.0 2.6931818181818183
127 52.0 2.4545454545454546 2.590909090909091 1.9772727272727273 2.0795454545454546 2.8636363636363638 3.0 2.6931818181818183
128 3.0717292850917555 1.6363636363636365 1.7272727272727273 1.3181818181818181 1.3863636363636365 1.9090909090909092 2.0 1.7954545454545454
129 21.646213007265647 2.4545454545454546 2.590909090909091 1.9772727272727273 2.0795454545454546 2.8636363636363638 3.0 2.6931818181818183
130 21.81192404628251 1.6363636363636365 1.7272727272727273 1.3181818181818181 1.3863636363636365 1.9090909090909092 2.0 1.7954545454545454
131 27.13213868183864 1.6363636363636365 1.7272727272727273 1.3181818181818181 1.3863636363636365 1.9090909090909092 2.0 1.7954545454545454
132 28.98567857288168 2.4545454545454546 2.590909090909091 1.9772727272727273 2.0795454545454546 2.8636363636363638 3.0 2.6931818181818183
133 37.88395445684919 2.4545454545454546 2.590909090909091 1.9772727272727273 2.0795454545454546 2.8636363636363638 3.0 2.6931818181818183
134 10.263127015601189 1.6363636363636365 1.7272727272727273 1.3181818181818181 1.3863636363636365 1.9090909090909092 2.0 1.7954545454545454
135 14.629720094165945 2.4545454545454546 2.590909090909091 1.9772727272727273 2.0795454545454546 2.8636363636363638 3.0 2.6931818181818183
136 6.521067193675894 2.4545454545454546 2.590909090909091 1.9772727272727273 2.0795454545454546 2.8636363636363638 3.0 2.6931818181818183
137 14.939390580173159 1.6363636363636365 1.7272727272727273 1.3181818181818181 1.3863636363636365 1.9090909090909092 2.0 1.7954545454545454
138 13.522808187643793 2.4545454545454546 2.590909090909091 1.9772727272727273 2.0795454545454546 2.8636363636363638 3.0 2.6931818181818183
139 15.004361822220682 2.4545454545454546 2.590909090909091 1.9772727272727273 2.0795454545454546 2.8636363636363638 3.0 2.6931818181818183
140 78.0 2.4545454545454546 2.590909090909091 1.9772727272727273 2.0795454545454546 2.8636363636363638 3.0 2.6931818181818183
141 24.541425967777208 1.6363636363636365 1.7272727272727273 1.3181818181818181 1.3863636363636365 1.9090909090909092 2.0 1.7954545454545454
142 10.745052653799357 1.6363636363636365 1.7272727272727273 1.3181818181818181 1.3863636363636365 1.9090909090909092 2.0 1.7954545454545454
143 27.85727547676411 1.6363636363636365 1.7272727272727273 1.3181818181818181 1.3863636363636365 1.9090909090909092 2.0 1.7954545454545454
144 80.0 1.6363636363636365 1.7272727272727273 1.3181818181818181 1.3863636363636365 1.9090909090909092 2.0 1.7954545454545454
145 9.373770829401986 2.4545454545454546 2.590909090909091 1.9772727272727273 2.0795454545454546 2.8636363636363638 3.0 2.6931818181818183
146 3.5087850307587147 2.4545454545454546 2.590909090909091 1.9772727272727273 2.0795454545454546 2.8636363636363638 3.0 2.6931818181818183
147 17.14701606531658 2.4545454545454546 2.590909090909091 1.9772727272727273 2.0795454545454546 2.8636363636363638 3.0 2.6931818181818183
148 20.024189305244867 1.6363636363636365 1.7272727272727273 1.3181818181818181 1.3863636363636365 1.9090909090909092 2.0 1.7954545454545454
149 3.31479769407863 2.4545454545454546 2.590909090909091 1.9772727272727273 2.0795454545454546 2.8636363636363638 3.0 2.6931818181818183
150 6.964666210982001 2.4545454545454546 2.590909090909091 1.9772727272727273 2.0795454545454546 2.8636363636363638 3.0 2.6931818181818183
151 14.668303379225062 1.6363636363636365 1.7272727272727273 1.3181818181818181 1.3863636363636365 1.9090909090909092 2.0 1.7954545454545454
152 20.538583454965842 2.4545454545454546 2.590909090909091 1.9772727272727273 2.0795454545454546 2.8636363636363638 3.0 2.6931818181818183
153 2.642531794667274 2.4545454545454546 2.590909090909091 1.9772727272727273 2.0795454545454546 2.8636363636363638 3.0 2.6931818181818183
154 18.52505974440394 1.6363636363636365 1.7272727272727273 1.3181818181818181 1.3863636363636365 1.9090909090909092 2.0 1.7954545454545454
155 13.66666699336413 2.4545454545454546 2.590909090909091 1.9772727272727273 2.0795454545454546 2.8636363636363638 3.0 2.6931818181818183
156 9.809101186008004 1.6363636363636365 1.7272727272727273 1.3181818181818181 1.3863636363636365 1.9090909090909092 2.0 1.7954545454545454
157 45.097395901858434 1.6363636363636365 1.7272727272727273 1.3181818181818181 1.3863636363636365 1.9090909090909092 2.0 1.7954545454545454
158 32.68043074644323 1.6363636363636365 1.7272727272727273 1.3181818181818181 1.3863636363636365 1.9090909090909092 2.0 1.7954545454545454
159 2.3102206556998057 2.4545454545454546 2.590909090909091 1.9772727272727273 2.0795454545454546 2.8636363636363638 3.0 2.6931818181818183
160 7.377381411119525 1.6363636363636365 1.7272727272727273 1.3181818181818181 1.3863636363636365 1.9090909090909092 2.0 1.7954545454545454
161 3.345425054129208 2.4545454545454546 2.590909090909091 1.9772727272727273 2.0795454545454546 2.8636363636363638 3.0 2.6931818181818183
162 16.0 2.4545454545454546 2.590909090909091 1.9772727272727273 2.0795454545454546 2.8636363636363638 3.0 2.6931818181818183
163 6.9039947851127295 1.6363636363636365 1.7272727272727273 1.3181818181818181 1.3863636363636365 1.9090909090909092 2.0 1.7954545454545454
164 21.52553230334408 2.4545454545454546 2.590909090909091 1.9772727272727273 2.0795454545454546 2.8636363636363638 3.0 2.6931818181818183
165 41.9356785728817 1.6363636363636365 1.7272727272727273 1.3181818181818181 1.3863636363636365 1.9090909090909092 2.0 1.7954545454545454
166 19.80925493912663 2.4545454545454546 2.590909090909091 1.9772727272727273 2.0795454545454546 2.8636363636363638 3.0 2.6931818181818183
167 5.241189619573953 2.4545454545454546 2.590909090909091 1.9772727272727273 2.0795454545454546 2.8636363636363638 3.0 2.6931818181818183
168 16.2561631351105 1.6363636363636365 1.7272727272727273 1.3181818181818181 1.3863636363636365 1.9090909090909092 2.0 1.7954545454545454
169 2.8066498831645705 2.4545454545454546 2.590909090909091 1.9772727272727273 2.0795454545454546 2.8636363636363638 3.0 2.6931818181818183
170 2.2518398296053106 2.4545454545454546 2.590909090909091 1.9772727272727273 2.0795454545454546 2.8636363636363638 3.0 2.6931818181818183
171 0.8911255411255412 1.6363636363636365 1.7272727272727273 1.3181818181818181 1.3863636363636365 1.9090909090909092 2.0 1.7954545454545454
172 32.45825850052401 1.6363636363636365 1.7272727272727273 1.3181818181818181 1.3863636363636365 1.9090909090909092 2.0 1.7954545454545454
173 0.5222488038277515 2.4545454545454546 2.590909090909091 1.9772727272727273 2.0795454545454546 2.8636363636363638 3.0 2.6931818181818183
174 1.0673872875092387 1.6363636363636365 1.7272727272727273 1.3181818181818181 1.3863636363636365 1.9090909090909092 2.0 1.7954545454545454
175 14.793743125352805 2.4545454545454546 2.590909090909091 1.9772727272727273 2.0795454545454546 2.8636363636363638 3.0 2.6931818181818183
176 19.4348693103819 1.6363636363636365 1.7272727272727273 1.3181818181818181 1.3863636363636365 1.9090909090909092 2.0 1.7954545454545454
177 7.146870413348381 2.4545454545454546 2.590909090909091 1.9772727272727273 2.0795454545454546 2.8636363636363638 3.0 2.6931818181818183
178 4.266226265507202 2.4545454545454546 2.590909090909091 1.9772727272727273 2.0795454545454546 2.8636363636363638 3.0 2.6931818181818183
179 13.635190768003643 2.4545454545454546 2.590909090909091 1.9772727272727273 2.0795454545454546 2.8636363636363638 3.0 2.6931818181818183
180 33.700210608105344 1.6363636363636365 1.7272727272727273 1.3181818181818181 1.3863636363636365 1.9090909090909092 2.0 1.7954545454545454
181 4.294309134570668 1.6363636363636365 1.7272727272727273 1.3181818181818181 1.3863636363636365 1.9090909090909092 2.0 1.7954545454545454
182 6.09294210411207 1.6363636363636365 1.7272727272727273 1.3181818181818181 1.3863636363636365 1.9090909090909092 2.0 1.7954545454545454
183 11.454020254671821 2.4545454545454546 2.590909090909091 1.9772727272727273 2.0795454545454546 2.8636363636363638 3.0 2.6931818181818183
184 0.882954545454546 1.6363636363636365 1.7272727272727273 1.3181818181818181 1.3863636363636365 1.9090909090909092 2.0 1.7954545454545454
185 1.8237143985860909 1.6363636363636365 1.7272727272727273 1.3181818181818181 1.3863636363636365 1.9090909090909092 2.0 1.7954545454545454
186 26.907799955782167 2.4545454545454546 2.590909090909091 1.9772727272727273 2.0795454545454546 2.8636363636363638 3.0 2.6931818181818183
187 21.094332860782337 1.6363636363636365 1.7272727272727273 1.3181818181818181 1.3863636363636365 1.9090909090909092 2.0 1.7954545454545454
188 18.361756593072954 2.4545454545454546 2.590909090909091 1.9772727272727273 2.0795454545454546 2.8636363636363638 3.0 2.6931818181818183
189 3.927153163661585 1.6363636363636365 1.7272727272727273 1.3181818181818181 1.3863636363636365 1.9090909090909092 2.0 1.7954545454545454
190 3.8262649182930573 2.4545454545454546 2.590909090909091 1.9772727272727273 2.0795454545454546 2.8636363636363638 3.0 2.6931818181818183
191 2.7340830113484493 1.6363636363636365 1.7272727272727273 1.3181818181818181 1.3863636363636365 1.9090909090909092 2.0 1.7954545454545454
192 5.039461914993874 2.4545454545454546 2.590909090909091 1.9772727272727273 2.0795454545454546 2.8636363636363638 3.0 2.6931818181818183
193 17.676038961038962 1.6363636363636365 1.7272727272727273 1.3181818181818181 1.3863636363636365 1.9090909090909092 2.0 1.7954545454545454
194 4.902934097685379 1.6363636363636365 1.7272727272727273 1.3181818181818181 1.3863636363636365 1.9090909090909092 2.0 1.7954545454545454
195 37.21932400016243 2.4545454545454546 2.590909090909091 1.9772727272727273 2.0795454545454546 2.8636363636363638 3.0 2.6931818181818183
196 8.80409688995215 1.6363636363636365 1.7272727272727273 1.3181818181818181 1.3863636363636365 1.9090909090909092 2.0 1.7954545454545454
197 8.500364065174836 1.6363636363636365 1.7272727272727273 1.3181818181818181 1.3863636363636365 1.9090909090909092 2.0 1.7954545454545454
198 22.0 2.4545454545454546 2.590909090909091 1.9772727272727273 2.0795454545454546 2.8636363636363638 3.0 2.6931818181818183
199 45.583547007031065 1.6363636363636365 1.7272727272727273 1.3181818181818181 1.3863636363636365 1.9090909090909092 2.0 1.7954545454545454
