200 4
TREE NETWORK (nID nID Weight):
172 0 37
91 172 57
132 91 46
56 132 35
110 172 35
71 0 31
78 71 55
96 56 37
127 0 45
125 172 35
50 91 40
16 78 32
147 16 59
119 110 51
82 147 37
116 0 56
189 71 49
126 91 46
144 91 33
65 91 40
49 189 57
40 71 36
187 144 48
48 189 33
76 50 50
15 187 44
175 76 30
188 50 59
161 187 30
101 50 35
158 161 40
178 56 30
84 187 47
5 49 59
68 127 50
47 65 54
93 96 50
10 125 55
156 172 58
141 125 41
64 96 49
70 147 52
57 49 45
169 161 46
60 40 46
72 57 41
176 91 58
28 93 46
33 16 30
170 127 47
53 125 38
106 158 45
43 144 39
142 0 46
173 91 35
105 119 37
14 178 31
75 189 43
166 5 33
102 156 55
13 91 39
46 15 40
87 84 43
67 82 44
183 48 49
35 125 54
51 65 55
62 188 57
138 119 55
186 14 49
171 188 53
104 125 44
198 171 50
80 186 57
155 80 45
41 64 40
136 50 49
42 166 31
113 78 51
139 33 35
128 80 47
54 87 56
109 82 40
100 96 47
117 109 47
159 54 30
44 33 30
196 62 30
77 186 57
59 127 37
95 119 55
36 147 54
120 53 33
26 70 40
194 15 55
115 14 46
197 109 44
23 36 55
152 93 53
146 91 56
118 15 59
184 91 32
52 127 36
58 126 51
31 95 43
108 87 34
29 101 34
89 126 56
61 77 30
123 144 46
182 119 43
163 67 42
107 102 51
1 115 57
79 67 41
140 82 44
112 65 53
86 60 31
99 140 43
133 116 47
134 161 41
24 1 48
111 29 34
34 95 37
154 155 34
162 100 56
153 170 33
157 15 51
7 123 35
21 67 38
38 161 51
150 132 39
83 112 43
121 76 48
180 91 30
92 117 41
81 34 43
66 105 57
143 31 54
94 150 53
135 21 49
25 120 33
151 43 54
19 135 39
103 106 35
20 106 40
17 133 48
8 83 40
63 79 44
69 112 42
149 28 59
74 194 58
124 161 51
191 189 56
73 194 32
88 103 46
177 119 46
85 92 43
190 33 47
45 28 34
37 83 41
131 67 53
122 64 57
129 171 42
199 158 41
22 54 30
55 118 35
185 14 46
32 92 41
30 88 56
195 125 57
137 45 37
145 152 50
168 38 52
165 59 34
148 71 39
3 176 47
164 150 55
160 153 56
97 107 59
174 159 57
39 71 51
167 38 37
130 50 45
192 44 38
11 123 38
98 81 49
12 168 36
179 3 37
2 171 48
27 31 47
193 123 37
6 169 42
90 24 31
114 162 31
18 37 44
9 19 49
181 35 43
4 155 56
PROGRAMS ASSIGNED TO NODES (nID pID1 pID2 ...):
0 1 2 3 4
1 3
2 1 3 4
3 2 3
4 1 2 3
5 4
6 3
8 3 4
10 2
11 2 3
12 1 2 4
13 1 2 3
15 2 3 4
16 1 2 4
17 2 3
18 2
19 2 4
21 1 3
22 1 2
23 3
24 1
25 1 2 3
26 3
28 1 3 4
30 2
31 2 3
32 1 2 3
33 1 2
34 1
35 1 2 4
37 1 2 4
38 1 3 4
39 3 4
40 1
41 1
42 1 4
43 1 2 4
44 2
45 2 4
46 1 3 4
47 1 2 3
48 1
49 2 4
50 2
52 1 2 3
53 1 2 3
54 1 3 4
55 2
56 1
58 3 4
59 1 2
60 2 3 4
61 3
62 3
63 1 2
64 1 2 3
65 1 3 4
66 1
67 4
68 2
69 1
70 4
71 1 2 3
72 3
73 2
74 4
75 2 3 4
76 1
77 1 2
78 1 2 4
79 2 4
81 2 3
83 1 2
84 1
85 2 3
86 1 2 3
87 1 2
88 3
90 1 3 4
91 1 2 4
92 2 4
93 3 4
94 2 3 4
95 3 4
96 3 4
97 1 3 4
98 1 2 3
101 2
103 1 2 4
108 2 3
109 1 4
110 1 2 3
111 1 2 3
113 4
114 4
116 1 2 3
117 1 2 3
118 1 2 4
119 1 2
121 2 3
122 2 3
125 2
126 1 3 4
128 2 4
129 3 4
130 1 4
132 2
133 3 4
134 1 2 4
136 3 4
137 1 2 3
138 1 2
139 1
140 1 2
142 2 4
143 1 3 4
145 1 2 4
146 1 2 3
148 1 4
149 2 3 4
150 1 2 3
154 1 3
156 3 4
160 2 3
162 1 3 4
163 2 4
164 1
165 2 3
166 1 3 4
167 1 3 4
169 4
170 1
171 1 3 4
172 2 3 4
173 1 4
174 4
176 1 2 3
177 1 3 4
178 1
179 2 4
180 4
182 1 2 4
183 2 4
184 1 4
185 1 2 3
186 1 2 4
187 2
188 2 4
189 2 3 4
190 1 2 4
191 1 2
192 1
193 1 2 3
194 1 4
195 1 4
198 2 4
199 2 3 4
SIZE OF PROGRAMS (pID SIZE):
1 89.0
2 53.0
3 64.0
4 86.0
COST TO INSTALL SERVERS AND PROGRAMS ON NODES (COST_TO_INSTALL_SERVER COST_TO_INSTALL_pID1 ...):
0 1984.2696629213483 3.0 1.7865168539325842 2.157303370786517 2.898876404494382
1 13.889912560607394 3.0 1.7865168539325842 2.157303370786517 2.898876404494382
2 2.2110710226876846 3.0 1.7865168539325842 2.157303370786517 2.898876404494382
3 6.014605381329086 3.0 1.7865168539325842 2.157303370786517 2.898876404494382
4 35.859843749124366 3.0 1.7865168539325842 2.157303370786517 2.898876404494382
5 1.546027183667654 2.0 1.1910112359550562 1.4382022471910112 1.9325842696629214
6 0.9735508977778796 2.0 1.1910112359550562 1.4382022471910112 1.9325842696629214
7 66.0 2.0 1.1910112359550562 1.4382022471910112 1.9325842696629214
8 1.5448013998410115 3.0 1.7865168539325842 2.157303370786517 2.898876404494382
9 108.0 3.0 1.7865168539325842 2.157303370786517 2.898876404494382
10 0.27193432743994544 2.0 1.1910112359550562 1.4382022471910112 1.9325842696629214
11 8.003121163203954 3.0 1.7865168539325842 2.157303370786517 2.898876404494382
12 13.820168081607275 2.0 1.1910112359550562 1.4382022471910112 1.9325842696629214
13 5.900664272515248 2.0 1.1910112359550562 1.4382022471910112 1.9325842696629214
14 18.50768684103946 3.0 1.7865168539325842 2.157303370786517 2.898876404494382
15 14.010541487404288 2.0 1.1910112359550562 1.4382022471910112 1.9325842696629214
16 12.609674206728391 3.0 1.7865168539325842 2.157303370786517 2.898876404494382
17 1.9010047044158327 2.0 1.1910112359550562 1.4382022471910112 1.9325842696629214
18 0.6630526660812963 3.0 1.7865168539325842 2.157303370786517 2.898876404494382
19 11.266671996947213 3.0 1.7865168539325842 2.157303370786517 2.898876404494382
20 11.0 2.0 1.1910112359550562 1.4382022471910112 1.9325842696629214
21 37.055130943978156 3.0 1.7865168539325842 2.157303370786517 2.898876404494382
22 18.393918880200623 2.0 1.1910112359550562 1.4382022471910112 1.9325842696629214
23 0.6504416433415519 3.0 1.7865168539325842 2.157303370786517 2.898876404494382
24 4.735002438397191 2.0 1.1910112359550562 1.4382022471910112 1.9325842696629214
25 13.449217646994107 3.0 1.7865168539325842 2.157303370786517 2.898876404494382
26 0.7705465238958706 2.0 1.1910112359550562 1.4382022471910112 1.9325842696629214
27 24.0 2.0 1.1910112359550562 1.4382022471910112 1.9325842696629214
28 26.55968244221903 3.0 1.7865168539325842 2.157303370786517 2.898876404494382
29 1.9332320245693813 3.0 1.7865168539325842 2.157303370786517 2.898876404494382
30 1.1763805673810368 2.0 1.1910112359550562 1.4382022471910112 1.9325842696629214
31 16.952131829586442 3.0 1.7865168539325842 2.157303370786517 2.898876404494382
32 4.083975455513657 2.0 1.1910112359550562 1.4382022471910112 1.9325842696629214
33 6.4889649988467495 3.0 1.7865168539325842 2.157303370786517 2.898876404494382
34 15.182444513680467 3.0 1.7865168539325842 2.157303370786517 2.898876404494382
35 4.121276107568241 2.0 1.1910112359550562 1.4382022471910112 1.9325842696629214
36 0.5340780069779154 3.0 1.7865168539325842 2.157303370786517 2.898876404494382
37 9.06631412405196 2.0 1.1910112359550562 1.4382022471910112 1.9325842696629214
38 30.20637959230698 3.0 1.7865168539325842 2.157303370786517 2.898876404494382
39 2.08817488575713 3.0 1.7865168539325842 2.157303370786517 2.898876404494382
40 3.843884660303652 3.0 1.7865168539325842 2.157303370786517 2.898876404494382
41 7.134708361048668 3.0 1.7865168539325842 2.157303370786517 2.898876404494382
42 17.072496977863853 2.0 1.1910112359550562 1.4382022471910112 1.9325842696629214
43 10.67628684707336 2.0 1.1910112359550562 1.4382022471910112 1.9325842696629214
44 7.746101468655385 2.0 1.1910112359550562 1.4382022471910112 1.9325842696629214
45 41.87757490470179 3.0 1.7865168539325842 2.157303370786517 2.898876404494382
46 24.573554816206723 2.0 1.1910112359550562 1.4382022471910112 1.9325842696629214
47 9.522207658575194 3.0 1.7865168539325842 2.157303370786517 2.898876404494382
48 1.1231597584831157 3.0 1.7865168539325842 2.157303370786517 2.898876404494382
49 4.181864333074182 2.0 1.1910112359550562 1.4382022471910112 1.9325842696629214
50 9.627030809638732 2.0 1.1910112359550562 1.4382022471910112 1.9325842696629214
51 59.0 2.0 1.1910112359550562 1.4382022471910112 1.9325842696629214
52 0.33561797752809003 3.0 1.7865168539325842 2.157303370786517 2.898876404494382
53 5.9583085560850195 3.0 1.7865168539325842 2.157303370786517 2.898876404494382
54 11.880740605378824 2.0 1.1910112359550562 1.4382022471910112 1.9325842696629214
55 4.141862199724537 3.0 1.7865168539325842 2.157303370786517 2.898876404494382
56 5.35880565301078 3.0 1.7865168539325842 2.157303370786517 2.898876404494382
57 0.44774655705869204 2.0 1.1910112359550562 1.4382022471910112 1.9325842696629214
58 0.9516892520374169 2.0 1.1910112359550562 1.4382022471910112 1.9325842696629214
59 0.5516131862199279 2.0 1.1910112359550562 1.4382022471910112 1.9325842696629214
60 12.121545998777824 2.0 1.1910112359550562 1.4382022471910112 1.9325842696629214
61 8.036593523221482 2.0 1.1910112359550562 1.4382022471910112 1.9325842696629214
62 2.701671694045678 3.0 1.7865168539325842 2.157303370786517 2.898876404494382
63 9.956277099913084 3.0 1.7865168539325842 2.157303370786517 2.898876404494382
64 2.2373406786067895 3.0 1.7865168539325842 2.157303370786517 2.898876404494382
65 3.141600684066681 3.0 1.7865168539325842 2.157303370786517 2.898876404494382
66 0.8660169501655569 2.0 1.1910112359550562 1.4382022471910112 1.9325842696629214
67 23.441710032450853 3.0 1.7865168539325842 2.157303370786517 2.898876404494382
68 0.10467665418227215 2.0 1.1910112359550562 1.4382022471910112 1.9325842696629214
69 0.7990101816243822 2.0 1.1910112359550562 1.4382022471910112 1.9325842696629214
70 1.2624290895382502 3.0 1.7865168539325842 2.157303370786517 2.898876404494382
71 82.0 3.0 1.7865168539325842 2.157303370786517 2.898876404494382
72 3.191604034048507 3.0 1.7865168539325842 2.157303370786517 2.898876404494382
73 4.266239538487469 3.0 1.7865168539325842 2.157303370786517 2.898876404494382
74 1.1299179696084714 2.0 1.1910112359550562 1.4382022471910112 1.9325842696629214
75 2.9993172450415964 3.0 1.7865168539325842 2.157303370786517 2.898876404494382
76 4.83783621024928 2.0 1.1910112359550562 1.4382022471910112 1.9325842696629214
77 12.686208151673664 2.0 1.1910112359550562 1.4382022471910112 1.9325842696629214
78 1.4657247355761307 3.0 1.7865168539325842 2.157303370786517 2.898876404494382
79 11.994871169019005 2.0 1.1910112359550562 1.4382022471910112 1.9325842696629214
80 46.24043692454702 2.0 1.1910112359550562 1.4382022471910112 1.9325842696629214
81 13.59143826136678 3.0 1.7865168539325842 2.157303370786517 2.898876404494382
82 27.11942318633073 2.0 1.1910112359550562 1.4382022471910112 1.9325842696629214
83 13.026516396654758 2.0 1.1910112359550562 1.4382022471910112 1.9325842696629214
84 2.4316586419487254 3.0 1.7865168539325842 2.157303370786517 2.898876404494382
85 16.673512307737617 3.0 1.7865168539325842 2.157303370786517 2.898876404494382
86 16.032353360893552 2.0 1.1910112359550562 1.4382022471910112 1.9325842696629214
87 21.775098865734098 3.0 1.7865168539325842 2.157303370786517 2.898876404494382
88 10.347943756429375 2.0 1.1910112359550562 1.4382022471910112 1.9325842696629214
89 27.0 2.0 1.1910112359550562 1.4382022471910112 1.9325842696629214
90 33.03582108199605 2.0 1.1910112359550562 1.4382022471910112 1.9325842696629214
91 0.951600684066681 3.0 1.7865168539325842 2.157303370786517 2.898876404494382
92 33.2405575108676 3.0 1.7865168539325842 2.157303370786517 2.898876404494382
93 10.462642883499695 2.0 1.1910112359550562 1.4382022471910112 1.9325842696629214
94 5.47874380503775 3.0 1.7865168539325842 2.157303370786517 2.898876404494382
95 2.070753238710938 2.0 1.1910112359550562 1.4382022471910112 1.9325842696629214
96 12.87728870096391 3.0 1.7865168539325842 2.157303370786517 2.898876404494382
97 13.265563974401074 3.0 1.7865168539325842 2.157303370786517 2.898876404494382
98 22.82800692469139 3.0 1.7865168539325842 2.157303370786517 2.898876404494382
99 95.0 3.0 1.7865168539325842 2.157303370786517 2.898876404494382
100 10.097655695283986 2.0 1.1910112359550562 1.4382022471910112 1.9325842696629214
101 4.645723850698717 3.0 1.7865168539325842 2.157303370786517 2.898876404494382
102 0.6869423884805519 3.0 1.7865168539325842 2.157303370786517 2.898876404494382
103 26.624899351762153 2.0 1.1910112359550562 1.4382022471910112 1.9325842696629214
104 27.0 3.0 1.7865168539325842 2.157303370786517 2.898876404494382
105 3.659259595730183 3.0 1.7865168539325842 2.157303370786517 2.898876404494382
106 31.434859092467022 2.0 1.1910112359550562 1.4382022471910112 1.9325842696629214
107 1.4241091653036406 2.0 1.1910112359550562 1.4382022471910112 1.9325842696629214
108 12.194137291457904 3.0 1.7865168539325842 2.157303370786517 2.898876404494382
109 26.202884700479462 2.0 1.1910112359550562 1.4382022471910112 1.9325842696629214
110 4.474436683874885 3.0 1.7865168539325842 2.157303370786517 2.898876404494382
111 15.234686265063347 3.0 1.7865168539325842 2.157303370786517 2.898876404494382
112 11.187005369740488 3.0 1.7865168539325842 2.157303370786517 2.898876404494382
113 0.40915201521644606 2.0 1.1910112359550562 1.4382022471910112 1.9325842696629214
114 8.814743670893032 2.0 1.1910112359550562 1.4382022471910112 1.9325842696629214
115 21.295489201642756 3.0 1.7865168539325842 2.157303370786517 2.898876404494382
116 21.0 3.0 1.7865168539325842 2.157303370786517 2.898876404494382
117 12.109367853089603 3.0 1.7865168539325842 2.157303370786517 2.898876404494382
118 8.113729671006855 3.0 1.7865168539325842 2.157303370786517 2.898876404494382
119 1.211754260161398 3.0 1.7865168539325842 2.157303370786517 2.898876404494382
120 9.703763101539563 3.0 1.7865168539325842 2.157303370786517 2.898876404494382
121 0.8973473516390431 3.0 1.7865168539325842 2.157303370786517 2.898876404494382
122 1.4759857763267488 3.0 1.7865168539325842 2.157303370786517 2.898876404494382
123 9.163844570478153 2.0 1.1910112359550562 1.4382022471910112 1.9325842696629214
124 18.0 2.0 1.1910112359550562 1.4382022471910112 1.9325842696629214
125 1.917615721660665 3.0 1.7865168539325842 2.157303370786517 2.898876404494382
126 2.727170009981184 3.0 1.7865168539325842 2.157303370786517 2.898876404494382
127 42.0 2.0 1.1910112359550562 1.4382022471910112 1.9325842696629214
128 21.01809593317332 2.0 1.1910112359550562 1.4382022471910112 1.9325842696629214
129 1.6008836616598328 2.0 1.1910112359550562 1.4382022471910112 1.9325842696629214
130 7.793103533752556 3.0 1.7865168539325842 2.157303370786517 2.898876404494382
131 52.0 3.0 1.7865168539325842 2.157303370786517 2.898876404494382
132 3.840218173074985 2.0 1.1910112359550562 1.4382022471910112 1.9325842696629214
133 0.93623446091322 3.0 1.7865168539325842 2.157303370786517 2.898876404494382
134 9.55389239790377 3.0 1.7865168539325842 2.157303370786517 2.898876404494382
135 17.20086413135105 3.0 1.7865168539325842 2.157303370786517 2.898876404494382
136 3.6576270102395814 3.0 1.7865168539325842 2.157303370786517 2.898876404494382
137 13.43789199198578 3.0 1.7865168539325842 2.157303370786517 2.898876404494382
138 7.720411047522747 2.0 1.1910112359550562 1.4382022471910112 1.9325842696629214
139 5.867954021784667 3.0 1.7865168539325842 2.157303370786517 2.898876404494382
140 7.056979243298156 3.0 1.7865168539325842 2.157303370786517 2.898876404494382
141 103.0 2.0 1.1910112359550562 1.4382022471910112 1.9325842696629214
142 11.0 2.0 1.1910112359550562 1.4382022471910112 1.9325842696629214
143 9.426563610535773 2.0 1.1910112359550562 1.4382022471910112 1.9325842696629214
144 3.606146138612134 3.0 1.7865168539325842 2.157303370786517 2.898876404494382
145 30.679409604889013 2.0 1.1910112359550562 1.4382022471910112 1.9325842696629214
146 0.5916353859139193 3.0 1.7865168539325842 2.157303370786517 2.898876404494382
147 9.479950830479993 3.0 1.7865168539325842 2.157303370786517 2.898876404494382
148 1.8345012283033308 3.0 1.7865168539325842 2.157303370786517 2.898876404494382
149 27.284442103825448 2.0 1.1910112359550562 1.4382022471910112 1.9325842696629214
150 18.25911605768649 2.0 1.1910112359550562 1.4382022471910112 1.9325842696629214
151 97.0 3.0 1.7865168539325842 2.157303370786517 2.898876404494382
152 3.1533423064575326 2.0 1.1910112359550562 1.4382022471910112 1.9325842696629214
153 3.596430284195046 3.0 1.7865168539325842 2.157303370786517 2.898876404494382
154 26.695948444632283 2.0 1.1910112359550562 1.4382022471910112 1.9325842696629214
155 13.478318014345325 3.0 1.7865168539325842 2.157303370786517 2.898876404494382
156 4.42795820811125 2.0 1.1910112359550562 1.4382022471910112 1.9325842696629214
157 66.0 3.0 1.7865168539325842 2.157303370786517 2.898876404494382
158 3.513715379537377 3.0 1.7865168539325842 2.157303370786517 2.898876404494382
159 1.356411530880528 3.0 1.7865168539325842 2.157303370786517 2.898876404494382
160 0.6780281737148819 3.0 1.7865168539325842 2.157303370786517 2.898876404494382
161 19.48600765676164 3.0 1.7865168539325842 2.157303370786517 2.898876404494382
162 25.867972418883898 3.0 1.7865168539325842 2.157303370786517 2.898876404494382
163 8.342015116651234 3.0 1.7865168539325842 2.157303370786517 2.898876404494382
164 0.7801824623106088 2.0 1.1910112359550562 1.4382022471910112 1.9325842696629214
165 5.040162614696653 2.0 1.1910112359550562 1.4382022471910112 1.9325842696629214
166 12.01038169240429 3.0 1.7865168539325842 2.157303370786517 2.898876404494382
167 20.35815221120392 3.0 1.7865168539325842 2.157303370786517 2.898876404494382
168 3.3152861185544595 2.0 1.1910112359550562 1.4382022471910112 1.9325842696629214
169 7.609670179285856 3.0 1.7865168539325842 2.157303370786517 2.898876404494382
170 0.4331543018035966 2.0 1.1910112359550562 1.4382022471910112 1.9325842696629214
171 18.837529906373366 3.0 1.7865168539325842 2.157303370786517 2.898876404494382
172 0.9310658973580316 2.0 1.1910112359550562 1.4382022471910112 1.9325842696629214
173 3.8425057227540966 2.0 1.1910112359550562 1.4382022471910112 1.9325842696629214
174 9.623507624076781 2.0 1.1910112359550562 1.4382022471910112 1.9325842696629214
175 79.0 3.0 1.7865168539325842 2.157303370786517 2.898876404494382
176 2.4619455116528877 3.0 1.7865168539325842 2.157303370786517 2.898876404494382
177 12.846711126996906 3.0 1.7865168539325842 2.157303370786517 2.898876404494382
178 15.438458859886877 2.0 1.1910112359550562 1.4382022471910112 1.9325842696629214
179 8.142548380538443 3.0 1.7865168539325842 2.157303370786517 2.898876404494382
180 0.47671786511526304 2.0 1.1910112359550562 1.4382022471910112 1.9325842696629214
181 67.0 3.0 1.7865168539325842 2.157303370786517 2.898876404494382
182 1.4763968434710373 3.0 1.7865168539325842 2.157303370786517 2.898876404494382
183 4.196429600649556 3.0 1.7865168539325842 2.157303370786517 2.898876404494382
184 7.157654355641863 2.0 1.1910112359550562 1.4382022471910112 1.9325842696629214
185 19.743871892384856 2.0 1.1910112359550562 1.4382022471910112 1.9325842696629214
186 30.08219014888382 3.0 1.7865168539325842 2.157303370786517 2.898876404494382
187 1.8103820462040447 3.0 1.7865168539325842 2.157303370786517 2.898876404494382
188 13.879039340335629 3.0 1.7865168539325842 2.157303370786517 2.898876404494382
189 2.7679209414827897 3.0 1.7865168539325842 2.157303370786517 2.898876404494382
190 2.5952761579301225 2.0 1.1910112359550562 1.4382022471910112 1.9325842696629214
191 4.007981362171545 3.0 1.7865168539325842 2.157303370786517 2.898876404494382
192 8.127502893965117 2.0 1.1910112359550562 1.4382022471910112 1.9325842696629214
193 15.747129843606071 3.0 1.7865168539325842 2.157303370786517 2.898876404494382
194 8.212096389034592 3.0 1.7865168539325842 2.157303370786517 2.898876404494382
195 0.88673208986633 2.0 1.1910112359550562 1.4382022471910112 1.9325842696629214
196 14.0 3.0 1.7865168539325842 2.157303370786517 2.898876404494382
197 27.0 3.0 1.7865168539325842 2.157303370786517 2.898876404494382
198 6.198976963915944 2.0 1.1910112359550562 1.4382022471910112 1.9325842696629214
199 24.971947158625255 3.0 1.7865168539325842 2.157303370786517 2.898876404494382
