300 8
TREE NETWORK (nID nID Weight):
55 0 47
27 0 32
90 0 39
291 27 36
68 27 31
247 27 42
120 68 52
260 55 55
253 0 37
276 291 50
84 120 38
4 276 47
167 55 30
286 247 30
161 27 57
44 84 58
175 260 52
67 44 59
225 253 50
79 55 32
176 0 33
292 291 32
294 276 34
124 161 58
139 291 48
92 161 38
180 90 31
293 247 35
202 175 53
271 291 36
159 202 41
174 79 42
30 27 54
135 139 36
21 30 30
24 176 45
243 260 43
227 260 59
297 291 46
299 68 39
282 253 57
73 124 53
57 120 35
216 202 38
287 73 47
70 174 38
22 247 32
75 297 41
257 84 45
210 24 52
198 227 59
239 210 47
56 22 46
136 202 58
106 297 31
51 299 46
76 27 35
179 55 51
20 92 40
218 84 47
231 276 56
115 124 37
140 299 34
290 179 39
41 253 54
269 202 40
168 115 32
178 271 53
38 124 59
11 106 37
126 70 38
108 292 38
256 92 46
235 56 37
285 293 49
118 180 56
229 161 50
119 225 42
255 159 42
58 256 33
128 70 49
250 180 57
48 108 32
148 139 36
193 175 31
182 44 41
101 118 44
110 148 44
29 253 34
105 136 37
104 176 38
16 182 40
177 229 40
204 256 31
207 27 43
5 29 56
189 0 35
163 290 56
241 27 38
295 73 51
130 174 38
254 175 33
127 92 40
137 41 40
13 247 32
240 216 39
35 210 53
78 139 59
89 218 58
65 198 41
181 58 32
215 247 30
96 73 55
277 294 40
248 239 36
199 119 53
81 218 59
251 22 52
26 189 51
9 299 36
46 120 33
245 11 48
117 101 37
152 128 30
211 271 37
279 22 58
205 193 54
98 89 58
72 299 51
151 276 30
213 205 35
141 182 34
268 148 38
83 84 48
275 225 35
66 72 44
125 136 48
158 21 45
95 235 41
103 139 32
28 89 57
123 58 33
61 135 45
296 167 53
52 253 31
156 235 34
157 158 51
34 211 39
228 207 49
237 177 32
273 24 47
262 215 33
121 287 30
91 158 42
94 213 36
226 202 38
15 151 43
187 297 30
47 48 57
283 257 45
165 94 56
190 253 59
138 279 43
49 57 36
143 165 34
97 28 41
164 182 54
201 163 36
144 295 45
150 22 56
242 66 32
195 201 36
99 256 42
59 257 56
171 13 45
40 124 40
264 226 42
197 73 56
249 215 59
263 251 35
232 24 40
109 20 41
223 101 44
74 279 37
280 44 56
265 118 47
3 123 57
2 223 56
93 75 38
267 255 45
10 144 35
169 273 44
146 34 54
132 22 52
69 174 50
149 226 32
234 118 56
188 226 48
23 193 56
116 277 33
166 75 57
50 67 33
222 69 33
298 47 51
85 97 49
272 141 48
82 179 32
281 69 47
43 150 50
14 22 48
36 283 36
289 144 35
8 181 57
71 231 50
224 126 32
62 264 54
129 242 55
270 251 50
45 243 38
147 264 37
18 138 53
134 94 39
259 119 55
37 225 38
64 169 37
112 43 44
203 84 31
154 75 51
212 292 55
219 101 35
246 229 47
107 163 46
214 154 45
162 165 59
261 165 54
88 44 31
145 137 37
155 241 46
102 261 41
86 285 40
183 212 33
42 241 37
230 52 39
172 73 55
63 211 59
206 175 40
87 251 35
274 117 54
54 51 46
258 291 41
284 121 32
173 99 58
221 298 53
244 250 39
60 4 34
12 116 57
17 144 43
288 40 39
233 27 43
200 231 48
33 24 43
160 65 32
111 177 35
6 44 43
122 268 39
266 166 36
113 63 41
194 96 46
100 219 59
192 181 39
77 242 31
238 194 51
1 120 37
185 87 49
252 29 43
7 52 43
278 225 39
80 78 36
220 228 53
39 6 36
133 13 32
114 161 40
153 137 39
32 256 37
184 144 31
25 263 58
191 122 30
208 60 51
142 184 42
217 158 46
19 58 30
131 136 56
186 241 55
196 127 59
236 156 30
170 66 33
209 143 56
31 24 48
53 45 56
PROGRAMS ASSIGNED TO NODES (nID pID1 pID2 ...):
0 1 2 3 4 5 6 7 8
1 1 2 4 5 8
2 1
3 1 2 3 4 5 6 7
4 4 5 7
5 2 4 7
6 7
7 2 4 5 8
8 4
9 2 6 7
10 3 5
11 1 5 6 7
12 2 4 5 6 7 8
13 4 8
14 2 3 4 5 7
15 1 2 3 4 5 8
17 1 2 4 6
18 1 3 4 5 8
19 3
20 2 5 6 7 8
22 4
23 7
24 1 2 3 4 5 7 8
26 1 2 3 4 5 7 8
27 1 3 5 7
28 1 2 8
29 1 2 4 5 6 7
30 1
31 2 4 5 6 7
32 2 4 6 7
33 1 3 5 6 8
34 6 7
35 1 3 4 5 6 7 8
36 1 2 4 7 8
37 1 4 6 7 8
38 1 2 4 5 6 7 8
39 4 5 8
41 6
42 1 4 5 6 7
44 3 5 8
45 1 7 8
46 1 2 3 4 5 6 7
47 1 3
48 1 3 4 5 6 7 8
49 5 7
50 2 3 5 6 7 8
51 1 2 4 5 6
52 1 5 6 8
53 3 5
54 6
55 2 3 5 6
56 1 2 3 5 7
57 2 8
58 1 3 5 6 7 8
59 6
60 1 3 4 6
61 7
62 1 4 7
63 5 8
64 2
65 1 3 4 5 6 7 8
66 1 2 6 7 8
67 3 7 8
68 6
69 2 3 4 5 6 7 8
70 6 7 8
71 3 4 5 6 7 8
72 1 2 4 6 7 8
74 1 2 3 6
75 1 2 4 5 6 7 8
76 1 8
77 8
78 1 4 7
79 3 4 5 8
80 1 2 3 4
81 6
82 1 4 5 6
83 1 3 4
84 1 3 4 5 6
85 1 3 8
86 3 6
87 1 4 5
88 3 5
89 1 2 3 6 7 8
90 2 6
91 4 7
92 3
93 3 6 8
94 3 4 6 7
95 1 2 4 6 7 8
97 4
98 2 3 8
99 2 4 6 7 8
100 2 3 4 5 6 7 8
101 3
102 1 3 6
103 1 5 8
104 1 3 6 7 8
105 2 5 6
106 1 3 4 5 6 7
107 3 4 5 6 7
108 1 4 6 7
111 1 2 3 4 5 7 8
112 3 5
113 3 4 5 6 8
114 2 3 4 5 6 7 8
115 1 2 3 4 6 8
116 6 7 8
117 3 5 6 8
118 1 2 4 5 6 7 8
119 2 8
120 3
121 2 4 5
122 3
123 1 2 4 8
124 1 3 4 5 6 7 8
125 2 5 7
126 5 6 8
127 1 2 4 6 7 8
128 2 6
129 1 3 5 7
130 7
131 1 3 4 5 6 7 8
132 1 2 3 4 5 7 8
133 5
134 1 2 3 4 5 6 7
135 3 4
136 3
137 1 2 3 4 5 6 8
138 1 4 5
139 1
140 6 7 8
141 1 2 3 6
142 1 2 5 7 8
143 1 2 3 4 5 6 7
144 2 3 4 5 7 8
145 1 5 6 8
146 1
147 1 2 3 4 5 7 8
148 1 2 4 5 6 8
149 6
150 2 3 4 6 7 8
151 5
152 1 2 3 4 6 7 8
154 2 3 6 8
155 1
157 2
158 3 8
159 2 3 5 6
160 2 3 4 5 6
162 4 7 8
163 1 2 3 6 7
164 4
166 2 3 4 5 6 7 8
167 1 2 3 4 5 6
168 1 2 3 4 6 7
169 4
170 3 4
171 7
173 3 5 8
174 2 3 4 6 7
175 3 5 8
176 2
177 2 3 4 6 7 8
178 1 3 4 5 6 7
180 2
181 2 3 4 5 6 8
182 2 3 5
183 2 3 4 5 6 7 8
184 1 2 4 5 6
185 1
186 1 7
187 4 5 6 7 8
188 1 2 3 4 5 6
189 1 8
190 1 4 5 6 7
191 1 2 3 4 5 8
193 4 5 6 8
194 3
195 1 4 5 6 7 8
196 1 5 6 7
197 2
198 1 8
199 1 4 6
201 1 2 7 8
202 4 6
204 5 6
205 1 6 8
206 3 4 5
207 1 2 3 5 6 7 8
208 3 4 5 8
209 4 5 7 8
210 1 4 6 7 8
211 2 3 5 8
212 1 2 3 4 6
213 1 6 7 8
214 6
215 3 4 5 7 8
216 2
217 1 2 3 6
219 1 3 7
220 5 6 7 8
221 1 2 3 4 6
222 7
223 2 3
224 4
225 4 8
226 2 4 5 6
227 4 6 7
228 1 2 3 4 5 7
229 1 2 3 7
230 6 7
231 1 3 4 5 6 7 8
232 2 4
233 1 3 4 5 6 7
234 5 6
235 5 7 8
236 1 2 3 4 5 7 8
238 1 2 3 5 6 7 8
239 3 4 6 7 8
240 8
241 2 3 4 7
244 3
245 2 3 4 5 6 7 8
246 1 8
247 1 4 5 6 7 8
248 3 4 6 8
249 2
250 2 3 4 6 7 8
251 1 2 6 7 8
252 1 4 5 7 8
253 4 6 7
254 2
255 4 5 7
256 3 4 5 8
257 2 5 8
258 2 4 6
259 1 7 8
260 1 2 3 5 6
261 2 3 5 8
262 7 8
263 2
264 3 4 6
265 3 6 7
266 1 3 5
267 1 3 4 5 6 7 8
269 5 6
270 1 2 3 4 5 6 8
271 1 5 6 8
272 2 8
275 3 4 5 6 7
276 1 2 5 7 8
279 1 2 4
280 7 8
282 1 4 5
283 1 3 4 7 8
284 2 5
286 1 3 4 5 6 7 8
287 1 3 4 5 6 7
288 1 3 7
289 3 5 7
290 1 2 3 4 5 6 7
291 1 4 6
292 2 8
294 1 2 4 5 6 7
295 6
297 2 3 4 5 6 7
298 5 6
299 1 4 5 7 8
SIZE OF PROGRAMS (pID SIZE):
1 51.0
2 53.0
3 51.0
4 76.0
5 73.0
6 71.0
7 62.0
8 90.0
COST TO INSTALL SERVERS AND PROGRAMS ON NODES (COST_TO_INSTALL_SERVER COST_TO_INSTALL_pID1 ...):
0 2756.666666666667 1.7 1.7666666666666666 1.7 2.533333333333333 2.433333333333333 2.3666666666666667 2.066666666666667 3.0
1 18.016480813940493 1.1333333333333333 1.1777777777777778 1.1333333333333333 1.6888888888888889 1.6222222222222222 1.5777777777777777 1.3777777777777778 2.0
2 3.2354783925751667 1.7 1.7666666666666666 1.7 2.533333333333333 2.433333333333333 2.3666666666666667 2.066666666666667 3.0
3 21.6677178030303 1.7 1.7666666666666666 1.7 2.533333333333333 2.433333333333333 2.3666666666666667 2.066666666666667 3.0
4 7.142461436170211 1.7 1.7666666666666666 1.7 2.533333333333333 2.433333333333333 2.3666666666666667 2.066666666666667 3.0
5 5.967647437353321 1.1333333333333333 1.1777777777777778 1.1333333333333333 1.6888888888888889 1.6222222222222222 1.5777777777777777 1.3777777777777778 2.0
6 3.4981763428475787 1.7 1.7666666666666666 1.7 2.533333333333333 2.433333333333333 2.3666666666666667 2.066666666666667 3.0
7 1.7613055516131284 1.1333333333333333 1.1777777777777778 1.1333333333333333 1.6888888888888889 1.6222222222222222 1.5777777777777777 1.3777777777777778 2.0
8 6.503122529644269 1.7 1.7666666666666666 1.7 2.533333333333333 2.433333333333333 2.3666666666666667 2.066666666666667 3.0
9 5.4419391025641035 1.7 1.7666666666666666 1.7 2.533333333333333 2.433333333333333 2.3666666666666667 2.066666666666667 3.0
10 1.650222196436017 1.1333333333333333 1.1777777777777778 1.1333333333333333 1.6888888888888889 1.6222222222222222 1.5777777777777777 1.3777777777777778 2.0
11 11.873044520970247 1.7 1.7666666666666666 1.7 2.533333333333333 2.433333333333333 2.3666666666666667 2.066666666666667 3.0
12 42.219473636743366 1.7 1.7666666666666666 1.7 2.533333333333333 2.433333333333333 2.3666666666666667 2.066666666666667 3.0
13 9.64513888888889 1.1333333333333333 1.1777777777777778 1.1333333333333333 1.6888888888888889 1.6222222222222222 1.5777777777777777 1.3777777777777778 2.0
14 20.508333333333333 1.1333333333333333 1.1777777777777778 1.1333333333333333 1.6888888888888889 1.6222222222222222 1.5777777777777777 1.3777777777777778 2.0
15 10.850253137689187 1.1333333333333333 1.1777777777777778 1.1333333333333333 1.6888888888888889 1.6222222222222222 1.5777777777777777 1.3777777777777778 2.0
16 56.0 1.7 1.7666666666666666 1.7 2.533333333333333 2.433333333333333 2.3666666666666667 2.066666666666667 3.0
17 26.35252476868604 1.7 1.7666666666666666 1.7 2.533333333333333 2.433333333333333 2.3666666666666667 2.066666666666667 3.0
18 29.36976269161591 1.7 1.7666666666666666 1.7 2.533333333333333 2.433333333333333 2.3666666666666667 2.066666666666667 3.0
19 0.7051408969558284 1.1333333333333333 1.1777777777777778 1.1333333333333333 1.6888888888888889 1.6222222222222222 1.5777777777777777 1.3777777777777778 2.0
20 21.751271929824565 1.7 1.7666666666666666 1.7 2.533333333333333 2.433333333333333 2.3666666666666667 2.066666666666667 3.0
21 16.583611111111107 1.1333333333333333 1.1777777777777778 1.1333333333333333 1.6888888888888889 1.6222222222222222 1.5777777777777777 1.3777777777777778 2.0
22 22.140738536155208 1.1333333333333333 1.1777777777777778 1.1333333333333333 1.6888888888888889 1.6222222222222222 1.5777777777777777 1.3777777777777778 2.0
23 2.8075233277360927 1.7 1.7666666666666666 1.7 2.533333333333333 2.433333333333333 2.3666666666666667 2.066666666666667 3.0
24 1.5969696969696972 1.1333333333333333 1.1777777777777778 1.1333333333333333 1.6888888888888889 1.6222222222222222 1.5777777777777777 1.3777777777777778 2.0
25 105.0 1.1333333333333333 1.1777777777777778 1.1333333333333333 1.6888888888888889 1.6222222222222222 1.5777777777777777 1.3777777777777778 2.0
26 6.6005042016806765 1.7 1.7666666666666666 1.7 2.533333333333333 2.433333333333333 2.3666666666666667 2.066666666666667 3.0
27 1.533016975308642 1.1333333333333333 1.1777777777777778 1.1333333333333333 1.6888888888888889 1.6222222222222222 1.5777777777777777 1.3777777777777778 2.0
28 11.28063546502364 1.7 1.7666666666666666 1.7 2.533333333333333 2.433333333333333 2.3666666666666667 2.066666666666667 3.0
29 5.224144144144143 1.7 1.7666666666666666 1.7 2.533333333333333 2.433333333333333 2.3666666666666667 2.066666666666667 3.0
30 5.9403587962962945 1.1333333333333333 1.1777777777777778 1.1333333333333333 1.6888888888888889 1.6222222222222222 1.5777777777777777 1.3777777777777778 2.0
31 1.713068181818182 1.1333333333333333 1.1777777777777778 1.1333333333333333 1.6888888888888889 1.6222222222222222 1.5777777777777777 1.3777777777777778 2.0
32 11.861063995918116 1.7 1.7666666666666666 1.7 2.533333333333333 2.433333333333333 2.3666666666666667 2.066666666666667 3.0
33 13.311609114399813 1.7 1.7666666666666666 1.7 2.533333333333333 2.433333333333333 2.3666666666666667 2.066666666666667 3.0
34 18.338116770616768 1.1333333333333333 1.1777777777777778 1.1333333333333333 1.6888888888888889 1.6222222222222222 1.5777777777777777 1.3777777777777778 2.0
35 11.347846021902624 1.1333333333333333 1.1777777777777778 1.1333333333333333 1.6888888888888889 1.6222222222222222 1.5777777777777777 1.3777777777777778 2.0
36 31.68368094554003 1.1333333333333333 1.1777777777777778 1.1333333333333333 1.6888888888888889 1.6222222222222222 1.5777777777777777 1.3777777777777778 2.0
37 8.40199146514936 1.7 1.7666666666666666 1.7 2.533333333333333 2.433333333333333 2.3666666666666667 2.066666666666667 3.0
38 20.969024618396272 1.1333333333333333 1.1777777777777778 1.1333333333333333 1.6888888888888889 1.6222222222222222 1.5777777777777777 1.3777777777777778 2.0
39 29.25284040769793 1.7 1.7666666666666666 1.7 2.533333333333333 2.433333333333333 2.3666666666666667 2.066666666666667 3.0
40 3.3120893829401084 1.7 1.7666666666666666 1.7 2.533333333333333 2.433333333333333 2.3666666666666667 2.066666666666667 3.0
41 2.4402027027027033 1.1333333333333333 1.1777777777777778 1.1333333333333333 1.6888888888888889 1.6222222222222222 1.5777777777777777 1.3777777777777778 2.0
42 15.931447368421052 1.7 1.7666666666666666 1.7 2.533333333333333 2.433333333333333 2.3666666666666667 2.066666666666667 3.0
43 1.1263333333333332 1.7 1.7666666666666666 1.7 2.533333333333333 2.433333333333333 2.3666666666666667 2.066666666666667 3.0
44 48.14337439547021 1.1333333333333333 1.1777777777777778 1.1333333333333333 1.6888888888888889 1.6222222222222222 1.5777777777777777 1.3777777777777778 2.0
45 20.389739074118353 1.1333333333333333 1.1777777777777778 1.1333333333333333 1.6888888888888889 1.6222222222222222 1.5777777777777777 1.3777777777777778 2.0
46 3.483262792315212 1.7 1.7666666666666666 1.7 2.533333333333333 2.433333333333333 2.3666666666666667 2.066666666666667 3.0
47 4.95202850877193 1.7 1.7666666666666666 1.7 2.533333333333333 2.433333333333333 2.3666666666666667 2.066666666666667 3.0
48 43.39938312215724 1.1333333333333333 1.1777777777777778 1.1333333333333333 1.6888888888888889 1.6222222222222222 1.5777777777777777 1.3777777777777778 2.0
49 6.836650345622121 1.1333333333333333 1.1777777777777778 1.1333333333333333 1.6888888888888889 1.6222222222222222 1.5777777777777777 1.3777777777777778 2.0
50 6.0530385261643325 1.1333333333333333 1.1777777777777778 1.1333333333333333 1.6888888888888889 1.6222222222222222 1.5777777777777777 1.3777777777777778 2.0
51 19.264633995037222 1.7 1.7666666666666666 1.7 2.533333333333333 2.433333333333333 2.3666666666666667 2.066666666666667 3.0
52 1.2353036907875616 1.7 1.7666666666666666 1.7 2.533333333333333 2.433333333333333 2.3666666666666667 2.066666666666667 3.0
53 8.048813438115502 1.1333333333333333 1.1777777777777778 1.1333333333333333 1.6888888888888889 1.6222222222222222 1.5777777777777777 1.3777777777777778 2.0
54 0.7838764145119335 1.1333333333333333 1.1777777777777778 1.1333333333333333 1.6888888888888889 1.6222222222222222 1.5777777777777777 1.3777777777777778 2.0
55 3.4759574468085095 1.7 1.7666666666666666 1.7 2.533333333333333 2.433333333333333 2.3666666666666667 2.066666666666667 3.0
56 34.676739417989424 1.1333333333333333 1.1777777777777778 1.1333333333333333 1.6888888888888889 1.6222222222222222 1.5777777777777777 1.3777777777777778 2.0
57 7.429942544015125 1.1333333333333333 1.1777777777777778 1.1333333333333333 1.6888888888888889 1.6222222222222222 1.5777777777777777 1.3777777777777778 2.0
58 48.53926135721568 1.1333333333333333 1.1777777777777778 1.1333333333333333 1.6888888888888889 1.6222222222222222 1.5777777777777777 1.3777777777777778 2.0
59 0.8221846502629611 1.7 1.7666666666666666 1.7 2.533333333333333 2.433333333333333 2.3666666666666667 2.066666666666667 3.0
60 9.643788078351909 1.7 1.7666666666666666 1.7 2.533333333333333 2.433333333333333 2.3666666666666667 2.066666666666667 3.0
61 4.004166666666666 1.1333333333333333 1.1777777777777778 1.1333333333333333 1.6888888888888889 1.6222222222222222 1.5777777777777777 1.3777777777777778 2.0
62 18.13218092863421 1.7 1.7666666666666666 1.7 2.533333333333333 2.433333333333333 2.3666666666666667 2.066666666666667 3.0
63 32.83361484365722 1.7 1.7666666666666666 1.7 2.533333333333333 2.433333333333333 2.3666666666666667 2.066666666666667 3.0
64 0.5370698067506579 1.1333333333333333 1.1777777777777778 1.1333333333333333 1.6888888888888889 1.6222222222222222 1.5777777777777777 1.3777777777777778 2.0
65 8.402546983817832 1.1333333333333333 1.1777777777777778 1.1333333333333333 1.6888888888888889 1.6222222222222222 1.5777777777777777 1.3777777777777778 2.0
66 10.91982986920487 1.7 1.7666666666666666 1.7 2.533333333333333 2.433333333333333 2.3666666666666667 2.066666666666667 3.0
67 18.672109639880595 1.1333333333333333 1.1777777777777778 1.1333333333333333 1.6888888888888889 1.6222222222222222 1.5777777777777777 1.3777777777777778 2.0
68 8.657800925925926 1.7 1.7666666666666666 1.7 2.533333333333333 2.433333333333333 2.3666666666666667 2.066666666666667 3.0
69 17.993595744680853 1.7 1.7666666666666666 1.7 2.533333333333333 2.433333333333333 2.3666666666666667 2.066666666666667 3.0
70 28.007015199790253 1.7 1.7666666666666666 1.7 2.533333333333333 2.433333333333333 2.3666666666666667 2.066666666666667 3.0
71 21.16522704081633 1.1333333333333333 1.1777777777777778 1.1333333333333333 1.6888888888888889 1.6222222222222222 1.5777777777777777 1.3777777777777778 2.0
72 3.974823717948718 1.7 1.7666666666666666 1.7 2.533333333333333 2.433333333333333 2.3666666666666667 2.066666666666667 3.0
73 3.3032856046943433 1.1333333333333333 1.1777777777777778 1.1333333333333333 1.6888888888888889 1.6222222222222222 1.5777777777777777 1.3777777777777778 2.0
74 22.039550991878578 1.1333333333333333 1.1777777777777778 1.1333333333333333 1.6888888888888889 1.6222222222222222 1.5777777777777777 1.3777777777777778 2.0
75 9.226971700181977 1.1333333333333333 1.1777777777777778 1.1333333333333333 1.6888888888888889 1.6222222222222222 1.5777777777777777 1.3777777777777778 2.0
76 2.297311507936508 1.1333333333333333 1.1777777777777778 1.1333333333333333 1.6888888888888889 1.6222222222222222 1.5777777777777777 1.3777777777777778 2.0
77 9.329582609041811 1.1333333333333333 1.1777777777777778 1.1333333333333333 1.6888888888888889 1.6222222222222222 1.5777777777777777 1.3777777777777778 2.0
78 4.959664155681105 1.7 1.7666666666666666 1.7 2.533333333333333 2.433333333333333 2.3666666666666667 2.066666666666667 3.0
79 10.469487621486731 1.1333333333333333 1.1777777777777778 1.1333333333333333 1.6888888888888889 1.6222222222222222 1.5777777777777777 1.3777777777777778 2.0
80 18.971853813559324 1.7 1.7666666666666666 1.7 2.533333333333333 2.433333333333333 2.3666666666666667 2.066666666666667 3.0
81 0.8879128599264394 1.1333333333333333 1.1777777777777778 1.1333333333333333 1.6888888888888889 1.6222222222222222 1.5777777777777777 1.3777777777777778 2.0
82 4.05786321443471 1.1333333333333333 1.1777777777777778 1.1333333333333333 1.6888888888888889 1.6222222222222222 1.5777777777777777 1.3777777777777778 2.0
83 1.9164500711041457 1.1333333333333333 1.1777777777777778 1.1333333333333333 1.6888888888888889 1.6222222222222222 1.5777777777777777 1.3777777777777778 2.0
84 45.252223378067676 1.1333333333333333 1.1777777777777778 1.1333333333333333 1.6888888888888889 1.6222222222222222 1.5777777777777777 1.3777777777777778 2.0
85 28.818105983092096 1.7 1.7666666666666666 1.7 2.533333333333333 2.433333333333333 2.3666666666666667 2.066666666666667 3.0
86 5.059645691609978 1.7 1.7666666666666666 1.7 2.533333333333333 2.433333333333333 2.3666666666666667 2.066666666666667 3.0
87 7.8322649572649565 1.1333333333333333 1.1777777777777778 1.1333333333333333 1.6888888888888889 1.6222222222222222 1.5777777777777777 1.3777777777777778 2.0
88 7.325564461921085 1.1333333333333333 1.1777777777777778 1.1333333333333333 1.6888888888888889 1.6222222222222222 1.5777777777777777 1.3777777777777778 2.0
89 44.08493234122386 1.7 1.7666666666666666 1.7 2.533333333333333 2.433333333333333 2.3666666666666667 2.066666666666667 3.0
90 0.5805508072174747 1.1333333333333333 1.1777777777777778 1.1333333333333333 1.6888888888888889 1.6222222222222222 1.5777777777777777 1.3777777777777778 2.0
91 1.4753769841269844 1.1333333333333333 1.1777777777777778 1.1333333333333333 1.6888888888888889 1.6222222222222222 1.5777777777777777 1.3777777777777778 2.0
92 8.98087272579597 1.1333333333333333 1.1777777777777778 1.1333333333333333 1.6888888888888889 1.6222222222222222 1.5777777777777777 1.3777777777777778 2.0
93 2.0805596950134264 1.7 1.7666666666666666 1.7 2.533333333333333 2.433333333333333 2.3666666666666667 2.066666666666667 3.0
94 49.60810428517285 1.1333333333333333 1.1777777777777778 1.1333333333333333 1.6888888888888889 1.6222222222222222 1.5777777777777777 1.3777777777777778 2.0
95 5.530921228947475 1.1333333333333333 1.1777777777777778 1.1333333333333333 1.6888888888888889 1.6222222222222222 1.5777777777777777 1.3777777777777778 2.0
96 30.671543564659462 1.7 1.7666666666666666 1.7 2.533333333333333 2.433333333333333 2.3666666666666667 2.066666666666667 3.0
97 31.382568373888205 1.1333333333333333 1.1777777777777778 1.1333333333333333 1.6888888888888889 1.6222222222222222 1.5777777777777777 1.3777777777777778 2.0
98 9.681980189197319 1.1333333333333333 1.1777777777777778 1.1333333333333333 1.6888888888888889 1.6222222222222222 1.5777777777777777 1.3777777777777778 2.0
99 33.97029160310196 1.1333333333333333 1.1777777777777778 1.1333333333333333 1.6888888888888889 1.6222222222222222 1.5777777777777777 1.3777777777777778 2.0
100 34.78090053922749 1.1333333333333333 1.1777777777777778 1.1333333333333333 1.6888888888888889 1.6222222222222222 1.5777777777777777 1.3777777777777778 2.0
101 17.415535113035112 1.1333333333333333 1.1777777777777778 1.1333333333333333 1.6888888888888889 1.6222222222222222 1.5777777777777777 1.3777777777777778 2.0
102 12.373916596398367 1.1333333333333333 1.1777777777777778 1.1333333333333333 1.6888888888888889 1.6222222222222222 1.5777777777777777 1.3777777777777778 2.0
103 6.657777777777778 1.1333333333333333 1.1777777777777778 1.1333333333333333 1.6888888888888889 1.6222222222222222 1.5777777777777777 1.3777777777777778 2.0
104 4.84418748892433 1.1333333333333333 1.1777777777777778 1.1333333333333333 1.6888888888888889 1.6222222222222222 1.5777777777777777 1.3777777777777778 2.0
105 6.86764696965963 1.1333333333333333 1.1777777777777778 1.1333333333333333 1.6888888888888889 1.6222222222222222 1.5777777777777777 1.3777777777777778 2.0
106 32.1980787037037 1.7 1.7666666666666666 1.7 2.533333333333333 2.433333333333333 2.3666666666666667 2.066666666666667 3.0
107 22.622636112866836 1.7 1.7666666666666666 1.7 2.533333333333333 2.433333333333333 2.3666666666666667 2.066666666666667 3.0
108 23.88921133853151 1.7 1.7666666666666666 1.7 2.533333333333333 2.433333333333333 2.3666666666666667 2.066666666666667 3.0
109 16.0 1.7 1.7666666666666666 1.7 2.533333333333333 2.433333333333333 2.3666666666666667 2.066666666666667 3.0
110 108.0 1.7 1.7666666666666666 1.7 2.533333333333333 2.433333333333333 2.3666666666666667 2.066666666666667 3.0
111 33.107297619047614 1.1333333333333333 1.1777777777777778 1.1333333333333333 1.6888888888888889 1.6222222222222222 1.5777777777777777 1.3777777777777778 2.0
112 6.699026936026936 1.1333333333333333 1.1777777777777778 1.1333333333333333 1.6888888888888889 1.6222222222222222 1.5777777777777777 1.3777777777777778 2.0
113 4.7994862206667195 1.1333333333333333 1.1777777777777778 1.1333333333333333 1.6888888888888889 1.6222222222222222 1.5777777777777777 1.3777777777777778 2.0
114 13.962927631578948 1.7 1.7666666666666666 1.7 2.533333333333333 2.433333333333333 2.3666666666666667 2.066666666666667 3.0
115 19.296827921387816 1.1333333333333333 1.1777777777777778 1.1333333333333333 1.6888888888888889 1.6222222222222222 1.5777777777777777 1.3777777777777778 2.0
116 13.460096500721503 1.7 1.7666666666666666 1.7 2.533333333333333 2.433333333333333 2.3666666666666667 2.066666666666667 3.0
117 2.627050183905022 1.7 1.7666666666666666 1.7 2.533333333333333 2.433333333333333 2.3666666666666667 2.066666666666667 3.0
118 18.494811083977744 1.1333333333333333 1.1777777777777778 1.1333333333333333 1.6888888888888889 1.6222222222222222 1.5777777777777777 1.3777777777777778 2.0
119 13.154342832628544 1.1333333333333333 1.1777777777777778 1.1333333333333333 1.6888888888888889 1.6222222222222222 1.5777777777777777 1.3777777777777778 2.0
120 27.994312084520416 1.1333333333333333 1.1777777777777778 1.1333333333333333 1.6888888888888889 1.6222222222222222 1.5777777777777777 1.3777777777777778 2.0
121 8.292464533289797 1.1333333333333333 1.1777777777777778 1.1333333333333333 1.6888888888888889 1.6222222222222222 1.5777777777777777 1.3777777777777778 2.0
122 51.80550245806825 1.1333333333333333 1.1777777777777778 1.1333333333333333 1.6888888888888889 1.6222222222222222 1.5777777777777777 1.3777777777777778 2.0
123 22.964001111098266 1.1333333333333333 1.1777777777777778 1.1333333333333333 1.6888888888888889 1.6222222222222222 1.5777777777777777 1.3777777777777778 2.0
124 11.297781684815487 1.7 1.7666666666666666 1.7 2.533333333333333 2.433333333333333 2.3666666666666667 2.066666666666667 3.0
125 13.15129822194721 1.7 1.7666666666666666 1.7 2.533333333333333 2.433333333333333 2.3666666666666667 2.066666666666667 3.0
126 23.163768352619137 1.1333333333333333 1.1777777777777778 1.1333333333333333 1.6888888888888889 1.6222222222222222 1.5777777777777777 1.3777777777777778 2.0
127 23.04450657894737 1.7 1.7666666666666666 1.7 2.533333333333333 2.433333333333333 2.3666666666666667 2.066666666666667 3.0
128 4.578038393222164 1.1333333333333333 1.1777777777777778 1.1333333333333333 1.6888888888888889 1.6222222222222222 1.5777777777777777 1.3777777777777778 2.0
129 3.7610431069562953 1.1333333333333333 1.1777777777777778 1.1333333333333333 1.6888888888888889 1.6222222222222222 1.5777777777777777 1.3777777777777778 2.0
130 2.9919843491708 1.1333333333333333 1.1777777777777778 1.1333333333333333 1.6888888888888889 1.6222222222222222 1.5777777777777777 1.3777777777777778 2.0
131 41.79379933659067 1.1333333333333333 1.1777777777777778 1.1333333333333333 1.6888888888888889 1.6222222222222222 1.5777777777777777 1.3777777777777778 2.0
132 32.10321428571429 1.7 1.7666666666666666 1.7 2.533333333333333 2.433333333333333 2.3666666666666667 2.066666666666667 3.0
133 4.175773809523809 1.1333333333333333 1.1777777777777778 1.1333333333333333 1.6888888888888889 1.6222222222222222 1.5777777777777777 1.3777777777777778 2.0
134 35.12870104488156 1.1333333333333333 1.1777777777777778 1.1333333333333333 1.6888888888888889 1.6222222222222222 1.5777777777777777 1.3777777777777778 2.0
135 1.6143750000000001 1.1333333333333333 1.1777777777777778 1.1333333333333333 1.6888888888888889 1.6222222222222222 1.5777777777777777 1.3777777777777778 2.0
136 24.83397091813839 1.7 1.7666666666666666 1.7 2.533333333333333 2.433333333333333 2.3666666666666667 2.066666666666667 3.0
137 2.2470345345345346 1.1333333333333333 1.1777777777777778 1.1333333333333333 1.6888888888888889 1.6222222222222222 1.5777777777777777 1.3777777777777778 2.0
138 27.341873103915002 1.1333333333333333 1.1777777777777778 1.1333333333333333 1.6888888888888889 1.6222222222222222 1.5777777777777777 1.3777777777777778 2.0
139 24.24769290123457 1.7 1.7666666666666666 1.7 2.533333333333333 2.433333333333333 2.3666666666666667 2.066666666666667 3.0
140 2.1483515078901703 1.1333333333333333 1.1777777777777778 1.1333333333333333 1.6888888888888889 1.6222222222222222 1.5777777777777777 1.3777777777777778 2.0
141 4.637763818666927 1.7 1.7666666666666666 1.7 2.533333333333333 2.433333333333333 2.3666666666666667 2.066666666666667 3.0
142 5.283035773877283 1.1333333333333333 1.1777777777777778 1.1333333333333333 1.6888888888888889 1.6222222222222222 1.5777777777777777 1.3777777777777778 2.0
143 62.09981945272135 1.7 1.7666666666666666 1.7 2.533333333333333 2.433333333333333 2.3666666666666667 2.066666666666667 3.0
144 36.10623032213205 1.1333333333333333 1.1777777777777778 1.1333333333333333 1.6888888888888889 1.6222222222222222 1.5777777777777777 1.3777777777777778 2.0
145 1.8308183183183186 1.7 1.7666666666666666 1.7 2.533333333333333 2.433333333333333 2.3666666666666667 2.066666666666667 3.0
146 0.6924265130515131 1.1333333333333333 1.1777777777777778 1.1333333333333333 1.6888888888888889 1.6222222222222222 1.5777777777777777 1.3777777777777778 2.0
147 26.290066435891415 1.7 1.7666666666666666 1.7 2.533333333333333 2.433333333333333 2.3666666666666667 2.066666666666667 3.0
148 25.050260416666667 1.7 1.7666666666666666 1.7 2.533333333333333 2.433333333333333 2.3666666666666667 2.066666666666667 3.0
149 0.7227059031640393 1.7 1.7666666666666666 1.7 2.533333333333333 2.433333333333333 2.3666666666666667 2.066666666666667 3.0
150 20.23 1.7 1.7666666666666666 1.7 2.533333333333333 2.433333333333333 2.3666666666666667 2.066666666666667 3.0
151 8.625003968253969 1.1333333333333333 1.1777777777777778 1.1333333333333333 1.6888888888888889 1.6222222222222222 1.5777777777777777 1.3777777777777778 2.0
152 47.488881897943955 1.7 1.7666666666666666 1.7 2.533333333333333 2.433333333333333 2.3666666666666667 2.066666666666667 3.0
153 32.0 1.7 1.7666666666666666 1.7 2.533333333333333 2.433333333333333 2.3666666666666667 2.066666666666667 3.0
154 19.021684397070953 1.1333333333333333 1.1777777777777778 1.1333333333333333 1.6888888888888889 1.6222222222222222 1.5777777777777777 1.3777777777777778 2.0
155 1.4067305491990845 1.7 1.7666666666666666 1.7 2.533333333333333 2.433333333333333 2.3666666666666667 2.066666666666667 3.0
156 58.31111848147014 1.7 1.7666666666666666 1.7 2.533333333333333 2.433333333333333 2.3666666666666667 2.066666666666667 3.0
157 3.266168300653595 1.1333333333333333 1.1777777777777778 1.1333333333333333 1.6888888888888889 1.6222222222222222 1.5777777777777777 1.3777777777777778 2.0
158 36.78503472222222 1.1333333333333333 1.1777777777777778 1.1333333333333333 1.6888888888888889 1.6222222222222222 1.5777777777777777 1.3777777777777778 2.0
159 19.68688659322771 1.7 1.7666666666666666 1.7 2.533333333333333 2.433333333333333 2.3666666666666667 2.066666666666667 3.0
160 13.431173593081205 1.7 1.7666666666666666 1.7 2.533333333333333 2.433333333333333 2.3666666666666667 2.066666666666667 3.0
161 10.735827241715398 1.1333333333333333 1.1777777777777778 1.1333333333333333 1.6888888888888889 1.6222222222222222 1.5777777777777777 1.3777777777777778 2.0
162 32.42040172689563 1.7 1.7666666666666666 1.7 2.533333333333333 2.433333333333333 2.3666666666666667 2.066666666666667 3.0
163 23.614826959880148 1.7 1.7666666666666666 1.7 2.533333333333333 2.433333333333333 2.3666666666666667 2.066666666666667 3.0
164 1.1170673247454361 1.1333333333333333 1.1777777777777778 1.1333333333333333 1.6888888888888889 1.6222222222222222 1.5777777777777777 1.3777777777777778 2.0
165 36.86977393830231 1.1333333333333333 1.1777777777777778 1.1333333333333333 1.6888888888888889 1.6222222222222222 1.5777777777777777 1.3777777777777778 2.0
166 30.874546949427987 1.7 1.7666666666666666 1.7 2.533333333333333 2.433333333333333 2.3666666666666667 2.066666666666667 3.0
167 6.4197061803444795 1.1333333333333333 1.1777777777777778 1.1333333333333333 1.6888888888888889 1.6222222222222222 1.5777777777777777 1.3777777777777778 2.0
168 31.697060136361415 1.7 1.7666666666666666 1.7 2.533333333333333 2.433333333333333 2.3666666666666667 2.066666666666667 3.0
169 3.5326445304104874 1.7 1.7666666666666666 1.7 2.533333333333333 2.433333333333333 2.3666666666666667 2.066666666666667 3.0
170 7.06924646129224 1.7 1.7666666666666666 1.7 2.533333333333333 2.433333333333333 2.3666666666666667 2.066666666666667 3.0
171 0.46623015873015883 1.7 1.7666666666666666 1.7 2.533333333333333 2.433333333333333 2.3666666666666667 2.066666666666667 3.0
172 86.0 1.7 1.7666666666666666 1.7 2.533333333333333 2.433333333333333 2.3666666666666667 2.066666666666667 3.0
173 2.237719875964274 1.7 1.7666666666666666 1.7 2.533333333333333 2.433333333333333 2.3666666666666667 2.066666666666667 3.0
174 15.526479675597583 1.1333333333333333 1.1777777777777778 1.1333333333333333 1.6888888888888889 1.6222222222222222 1.5777777777777777 1.3777777777777778 2.0
175 4.057151998251287 1.1333333333333333 1.1777777777777778 1.1333333333333333 1.6888888888888889 1.6222222222222222 1.5777777777777777 1.3777777777777778 2.0
176 38.0 1.7 1.7666666666666666 1.7 2.533333333333333 2.433333333333333 2.3666666666666667 2.066666666666667 3.0
177 16.34457626705653 1.1333333333333333 1.1777777777777778 1.1333333333333333 1.6888888888888889 1.6222222222222222 1.5777777777777777 1.3777777777777778 2.0
178 22.619730458221017 1.7 1.7666666666666666 1.7 2.533333333333333 2.433333333333333 2.3666666666666667 2.066666666666667 3.0
179 0.8401024428684002 1.7 1.7666666666666666 1.7 2.533333333333333 2.433333333333333 2.3666666666666667 2.066666666666667 3.0
180 8.147407407407409 1.1333333333333333 1.1777777777777778 1.1333333333333333 1.6888888888888889 1.6222222222222222 1.5777777777777777 1.3777777777777778 2.0
181 42.162370129870126 1.7 1.7666666666666666 1.7 2.533333333333333 2.433333333333333 2.3666666666666667 2.066666666666667 3.0
182 46.38373890278805 1.7 1.7666666666666666 1.7 2.533333333333333 2.433333333333333 2.3666666666666667 2.066666666666667 3.0
183 19.41563131313131 1.1333333333333333 1.1777777777777778 1.1333333333333333 1.6888888888888889 1.6222222222222222 1.5777777777777777 1.3777777777777778 2.0
184 5.981318897430018 1.7 1.7666666666666666 1.7 2.533333333333333 2.433333333333333 2.3666666666666667 2.066666666666667 3.0
185 0.6747180795395082 1.1333333333333333 1.1777777777777778 1.1333333333333333 1.6888888888888889 1.6222222222222222 1.5777777777777777 1.3777777777777778 2.0
186 4.6370825580365045 1.1333333333333333 1.1777777777777778 1.1333333333333333 1.6888888888888889 1.6222222222222222 1.5777777777777777 1.3777777777777778 2.0
187 18.027173913043477 1.7 1.7666666666666666 1.7 2.533333333333333 2.433333333333333 2.3666666666666667 2.066666666666667 3.0
188 23.006390177597968 1.7 1.7666666666666666 1.7 2.533333333333333 2.433333333333333 2.3666666666666667 2.066666666666667 3.0
189 1.3752380952380945 1.1333333333333333 1.1777777777777778 1.1333333333333333 1.6888888888888889 1.6222222222222222 1.5777777777777777 1.3777777777777778 2.0
190 0.945084745762712 1.7 1.7666666666666666 1.7 2.533333333333333 2.433333333333333 2.3666666666666667 2.066666666666667 3.0
191 16.334203537690378 1.1333333333333333 1.1777777777777778 1.1333333333333333 1.6888888888888889 1.6222222222222222 1.5777777777777777 1.3777777777777778 2.0
192 53.0 1.1333333333333333 1.1777777777777778 1.1333333333333333 1.6888888888888889 1.6222222222222222 1.5777777777777777 1.3777777777777778 2.0
193 11.670272933003424 1.1333333333333333 1.1777777777777778 1.1333333333333333 1.6888888888888889 1.6222222222222222 1.5777777777777777 1.3777777777777778 2.0
194 29.91519738865982 1.7 1.7666666666666666 1.7 2.533333333333333 2.433333333333333 2.3666666666666667 2.066666666666667 3.0
195 19.20619655554529 1.1333333333333333 1.1777777777777778 1.1333333333333333 1.6888888888888889 1.6222222222222222 1.5777777777777777 1.3777777777777778 2.0
196 21.935700825156108 1.1333333333333333 1.1777777777777778 1.1333333333333333 1.6888888888888889 1.6222222222222222 1.5777777777777777 1.3777777777777778 2.0
197 2.561111075101547 1.1333333333333333 1.1777777777777778 1.1333333333333333 1.6888888888888889 1.6222222222222222 1.5777777777777777 1.3777777777777778 2.0
198 9.140007175979049 1.7 1.7666666666666666 1.7 2.533333333333333 2.433333333333333 2.3666666666666667 2.066666666666667 3.0
199 9.487263203904714 1.7 1.7666666666666666 1.7 2.533333333333333 2.433333333333333 2.3666666666666667 2.066666666666667 3.0
200 78.0 1.1333333333333333 1.1777777777777778 1.1333333333333333 1.6888888888888889 1.6222222222222222 1.5777777777777777 1.3777777777777778 2.0
201 27.203215584651755 1.7 1.7666666666666666 1.7 2.533333333333333 2.433333333333333 2.3666666666666667 2.066666666666667 3.0
202 25.597303183284048 1.1333333333333333 1.1777777777777778 1.1333333333333333 1.6888888888888889 1.6222222222222222 1.5777777777777777 1.3777777777777778 2.0
203 38.0 1.7 1.7666666666666666 1.7 2.533333333333333 2.433333333333333 2.3666666666666667 2.066666666666667 3.0
204 5.976267070200045 1.7 1.7666666666666666 1.7 2.533333333333333 2.433333333333333 2.3666666666666667 2.066666666666667 3.0
205 19.923517324545692 1.1333333333333333 1.1777777777777778 1.1333333333333333 1.6888888888888889 1.6222222222222222 1.5777777777777777 1.3777777777777778 2.0
206 3.5249094876754454 1.7 1.7666666666666666 1.7 2.533333333333333 2.433333333333333 2.3666666666666667 2.066666666666667 3.0
207 16.824414477461957 1.1333333333333333 1.1777777777777778 1.1333333333333333 1.6888888888888889 1.6222222222222222 1.5777777777777777 1.3777777777777778 2.0
208 10.091186378806844 1.7 1.7666666666666666 1.7 2.533333333333333 2.433333333333333 2.3666666666666667 2.066666666666667 3.0
209 5.947991457801503 1.7 1.7666666666666666 1.7 2.533333333333333 2.433333333333333 2.3666666666666667 2.066666666666667 3.0
210 19.957167832167833 1.1333333333333333 1.1777777777777778 1.1333333333333333 1.6888888888888889 1.6222222222222222 1.5777777777777777 1.3777777777777778 2.0
211 37.01363926426426 1.1333333333333333 1.1777777777777778 1.1333333333333333 1.6888888888888889 1.6222222222222222 1.5777777777777777 1.3777777777777778 2.0
212 29.793096240179576 1.1333333333333333 1.1777777777777778 1.1333333333333333 1.6888888888888889 1.6222222222222222 1.5777777777777777 1.3777777777777778 2.0
213 36.172857371592606 1.7 1.7666666666666666 1.7 2.533333333333333 2.433333333333333 2.3666666666666667 2.066666666666667 3.0
214 0.8858314662910056 1.1333333333333333 1.1777777777777778 1.1333333333333333 1.6888888888888889 1.6222222222222222 1.5777777777777777 1.3777777777777778 2.0
215 2.679910714285714 1.1333333333333333 1.1777777777777778 1.1333333333333333 1.6888888888888889 1.6222222222222222 1.5777777777777777 1.3777777777777778 2.0
216 1.1676046515995595 1.1333333333333333 1.1777777777777778 1.1333333333333333 1.6888888888888889 1.6222222222222222 1.5777777777777777 1.3777777777777778 2.0
217 10.591475442834138 1.7 1.7666666666666666 1.7 2.533333333333333 2.433333333333333 2.3666666666666667 2.066666666666667 3.0
218 11.04333401730165 1.1333333333333333 1.1777777777777778 1.1333333333333333 1.6888888888888889 1.6222222222222222 1.5777777777777777 1.3777777777777778 2.0
219 48.49444780528113 1.1333333333333333 1.1777777777777778 1.1333333333333333 1.6888888888888889 1.6222222222222222 1.5777777777777777 1.3777777777777778 2.0
220 1.7892776250473863 1.7 1.7666666666666666 1.7 2.533333333333333 2.433333333333333 2.3666666666666667 2.066666666666667 3.0
221 32.91334418871819 1.1333333333333333 1.1777777777777778 1.1333333333333333 1.6888888888888889 1.6222222222222222 1.5777777777777777 1.3777777777777778 2.0
222 3.8843097080224744 1.1333333333333333 1.1777777777777778 1.1333333333333333 1.6888888888888889 1.6222222222222222 1.5777777777777777 1.3777777777777778 2.0
223 8.172602397602395 1.7 1.7666666666666666 1.7 2.533333333333333 2.433333333333333 2.3666666666666667 2.066666666666667 3.0
224 0.9643211752786223 1.7 1.7666666666666666 1.7 2.533333333333333 2.433333333333333 2.3666666666666667 2.066666666666667 3.0
225 1.3072132132132135 1.1333333333333333 1.1777777777777778 1.1333333333333333 1.6888888888888889 1.6222222222222222 1.5777777777777777 1.3777777777777778 2.0
226 18.646292466453573 1.1333333333333333 1.1777777777777778 1.1333333333333333 1.6888888888888889 1.6222222222222222 1.5777777777777777 1.3777777777777778 2.0
227 3.9182611667826213 1.7 1.7666666666666666 1.7 2.533333333333333 2.433333333333333 2.3666666666666667 2.066666666666667 3.0
228 27.46001538449144 1.1333333333333333 1.1777777777777778 1.1333333333333333 1.6888888888888889 1.6222222222222222 1.5777777777777777 1.3777777777777778 2.0
229 1.8687697368421052 1.7 1.7666666666666666 1.7 2.533333333333333 2.433333333333333 2.3666666666666667 2.066666666666667 3.0
230 2.9734641092705605 1.7 1.7666666666666666 1.7 2.533333333333333 2.433333333333333 2.3666666666666667 2.066666666666667 3.0
231 30.081601190476192 1.1333333333333333 1.1777777777777778 1.1333333333333333 1.6888888888888889 1.6222222222222222 1.5777777777777777 1.3777777777777778 2.0
232 4.370580808080807 1.7 1.7666666666666666 1.7 2.533333333333333 2.433333333333333 2.3666666666666667 2.066666666666667 3.0
233 10.094617940199337 1.1333333333333333 1.1777777777777778 1.1333333333333333 1.6888888888888889 1.6222222222222222 1.5777777777777777 1.3777777777777778 2.0
234 0.8680326125487419 1.7 1.7666666666666666 1.7 2.533333333333333 2.433333333333333 2.3666666666666667 2.066666666666667 3.0
235 32.38016525583555 1.1333333333333333 1.1777777777777778 1.1333333333333333 1.6888888888888889 1.6222222222222222 1.5777777777777777 1.3777777777777778 2.0
236 38.03464746533161 1.1333333333333333 1.1777777777777778 1.1333333333333333 1.6888888888888889 1.6222222222222222 1.5777777777777777 1.3777777777777778 2.0
237 73.0 1.1333333333333333 1.1777777777777778 1.1333333333333333 1.6888888888888889 1.6222222222222222 1.5777777777777777 1.3777777777777778 2.0
238 30.063287088383788 1.7 1.7666666666666666 1.7 2.533333333333333 2.433333333333333 2.3666666666666667 2.066666666666667 3.0
239 16.019307918244095 1.7 1.7666666666666666 1.7 2.533333333333333 2.433333333333333 2.3666666666666667 2.066666666666667 3.0
240 5.793751831215119 1.1333333333333333 1.1777777777777778 1.1333333333333333 1.6888888888888889 1.6222222222222222 1.5777777777777777 1.3777777777777778 2.0
241 5.0300520833333335 1.7 1.7666666666666666 1.7 2.533333333333333 2.433333333333333 2.3666666666666667 2.066666666666667 3.0
242 12.252644987312921 1.1333333333333333 1.1777777777777778 1.1333333333333333 1.6888888888888889 1.6222222222222222 1.5777777777777777 1.3777777777777778 2.0
243 2.562014004468235 1.7 1.7666666666666666 1.7 2.533333333333333 2.433333333333333 2.3666666666666667 2.066666666666667 3.0
244 2.4131696486874756 1.1333333333333333 1.1777777777777778 1.1333333333333333 1.6888888888888889 1.6222222222222222 1.5777777777777777 1.3777777777777778 2.0
245 64.35354975329466 1.1333333333333333 1.1777777777777778 1.1333333333333333 1.6888888888888889 1.6222222222222222 1.5777777777777777 1.3777777777777778 2.0
246 4.145527046783626 1.1333333333333333 1.1777777777777778 1.1333333333333333 1.6888888888888889 1.6222222222222222 1.5777777777777777 1.3777777777777778 2.0
247 7.4989451058201055 1.1333333333333333 1.1777777777777778 1.1333333333333333 1.6888888888888889 1.6222222222222222 1.5777777777777777 1.3777777777777778 2.0
248 22.67405445618212 1.7 1.7666666666666666 1.7 2.533333333333333 2.433333333333333 2.3666666666666667 2.066666666666667 3.0
249 2.643209241323648 1.1333333333333333 1.1777777777777778 1.1333333333333333 1.6888888888888889 1.6222222222222222 1.5777777777777777 1.3777777777777778 2.0
250 14.400768588137007 1.1333333333333333 1.1777777777777778 1.1333333333333333 1.6888888888888889 1.6222222222222222 1.5777777777777777 1.3777777777777778 2.0
251 33.66327787952788 1.1333333333333333 1.1777777777777778 1.1333333333333333 1.6888888888888889 1.6222222222222222 1.5777777777777777 1.3777777777777778 2.0
252 5.394741061170609 1.1333333333333333 1.1777777777777778 1.1333333333333333 1.6888888888888889 1.6222222222222222 1.5777777777777777 1.3777777777777778 2.0
253 2.5039973306639967 1.1333333333333333 1.1777777777777778 1.1333333333333333 1.6888888888888889 1.6222222222222222 1.5777777777777777 1.3777777777777778 2.0
254 2.123285721370827 1.1333333333333333 1.1777777777777778 1.1333333333333333 1.6888888888888889 1.6222222222222222 1.5777777777777777 1.3777777777777778 2.0
255 20.809160495754547 1.7 1.7666666666666666 1.7 2.533333333333333 2.433333333333333 2.3666666666666667 2.066666666666667 3.0
256 34.52141623937057 1.1333333333333333 1.1777777777777778 1.1333333333333333 1.6888888888888889 1.6222222222222222 1.5777777777777777 1.3777777777777778 2.0
257 31.290194838056685 1.1333333333333333 1.1777777777777778 1.1333333333333333 1.6888888888888889 1.6222222222222222 1.5777777777777777 1.3777777777777778 2.0
258 7.343495934959348 1.1333333333333333 1.1777777777777778 1.1333333333333333 1.6888888888888889 1.6222222222222222 1.5777777777777777 1.3777777777777778 2.0
259 1.3559617799617802 1.1333333333333333 1.1777777777777778 1.1333333333333333 1.6888888888888889 1.6222222222222222 1.5777777777777777 1.3777777777777778 2.0
260 0.6814492442152018 1.7 1.7666666666666666 1.7 2.533333333333333 2.433333333333333 2.3666666666666667 2.066666666666667 3.0
261 17.001872950516205 1.1333333333333333 1.1777777777777778 1.1333333333333333 1.6888888888888889 1.6222222222222222 1.5777777777777777 1.3777777777777778 2.0
262 11.242397787397787 1.1333333333333333 1.1777777777777778 1.1333333333333333 1.6888888888888889 1.6222222222222222 1.5777777777777777 1.3777777777777778 2.0
263 0.5341254578754578 1.7 1.7666666666666666 1.7 2.533333333333333 2.433333333333333 2.3666666666666667 2.066666666666667 3.0
264 43.64483961696084 1.7 1.7666666666666666 1.7 2.533333333333333 2.433333333333333 2.3666666666666667 2.066666666666667 3.0
265 8.259090961657881 1.1333333333333333 1.1777777777777778 1.1333333333333333 1.6888888888888889 1.6222222222222222 1.5777777777777777 1.3777777777777778 2.0
266 13.466939568566167 1.1333333333333333 1.1777777777777778 1.1333333333333333 1.6888888888888889 1.6222222222222222 1.5777777777777777 1.3777777777777778 2.0
267 58.11853996496987 1.1333333333333333 1.1777777777777778 1.1333333333333333 1.6888888888888889 1.6222222222222222 1.5777777777777777 1.3777777777777778 2.0
268 10.691199874686719 1.1333333333333333 1.1777777777777778 1.1333333333333333 1.6888888888888889 1.6222222222222222 1.5777777777777777 1.3777777777777778 2.0
269 8.868971355153608 1.1333333333333333 1.1777777777777778 1.1333333333333333 1.6888888888888889 1.6222222222222222 1.5777777777777777 1.3777777777777778 2.0
270 36.44480082417583 1.7 1.7666666666666666 1.7 2.533333333333333 2.433333333333333 2.3666666666666667 2.066666666666667 3.0
271 22.312106481481482 1.1333333333333333 1.1777777777777778 1.1333333333333333 1.6888888888888889 1.6222222222222222 1.5777777777777777 1.3777777777777778 2.0
272 2.3966515592912563 1.7 1.7666666666666666 1.7 2.533333333333333 2.433333333333333 2.3666666666666667 2.066666666666667 3.0
273 5.101225016118632 1.1333333333333333 1.1777777777777778 1.1333333333333333 1.6888888888888889 1.6222222222222222 1.5777777777777777 1.3777777777777778 2.0
274 92.0 1.1333333333333333 1.1777777777777778 1.1333333333333333 1.6888888888888889 1.6222222222222222 1.5777777777777777 1.3777777777777778 2.0
275 7.7021904761904745 1.1333333333333333 1.1777777777777778 1.1333333333333333 1.6888888888888889 1.6222222222222222 1.5777777777777777 1.3777777777777778 2.0
276 9.646214506172841 1.1333333333333333 1.1777777777777778 1.1333333333333333 1.6888888888888889 1.6222222222222222 1.5777777777777777 1.3777777777777778 2.0
277 4.25451388888889 1.7 1.7666666666666666 1.7 2.533333333333333 2.433333333333333 2.3666666666666667 2.066666666666667 3.0
278 90.0 1.7 1.7666666666666666 1.7 2.533333333333333 2.433333333333333 2.3666666666666667 2.066666666666667 3.0
279 31.834890701970444 1.7 1.7666666666666666 1.7 2.533333333333333 2.433333333333333 2.3666666666666667 2.066666666666667 3.0
280 12.914202098111996 1.7 1.7666666666666666 1.7 2.533333333333333 2.433333333333333 2.3666666666666667 2.066666666666667 3.0
281 28.0 1.7 1.7666666666666666 1.7 2.533333333333333 2.433333333333333 2.3666666666666667 2.066666666666667 3.0
282 1.3485064011379804 1.7 1.7666666666666666 1.7 2.533333333333333 2.433333333333333 2.3666666666666667 2.066666666666667 3.0
283 48.12421615582588 1.1333333333333333 1.1777777777777778 1.1333333333333333 1.6888888888888889 1.6222222222222222 1.5777777777777777 1.3777777777777778 2.0
284 13.275714741854706 1.7 1.7666666666666666 1.7 2.533333333333333 2.433333333333333 2.3666666666666667 2.066666666666667 3.0
285 0.9981660997732427 1.1333333333333333 1.1777777777777778 1.1333333333333333 1.6888888888888889 1.6222222222222222 1.5777777777777777 1.3777777777777778 2.0
286 25.44575892857143 1.7 1.7666666666666666 1.7 2.533333333333333 2.433333333333333 2.3666666666666667 2.066666666666667 3.0
287 19.100332870748492 1.7 1.7666666666666666 1.7 2.533333333333333 2.433333333333333 2.3666666666666667 2.066666666666667 3.0
288 4.78388425473498 1.7 1.7666666666666666 1.7 2.533333333333333 2.433333333333333 2.3666666666666667 2.066666666666667 3.0
289 21.04033300455922 1.1333333333333333 1.1777777777777778 1.1333333333333333 1.6888888888888889 1.6222222222222222 1.5777777777777777 1.3777777777777778 2.0
290 20.494187630074155 1.1333333333333333 1.1777777777777778 1.1333333333333333 1.6888888888888889 1.6222222222222222 1.5777777777777777 1.3777777777777778 2.0
291 5.86775462962963 1.7 1.7666666666666666 1.7 2.533333333333333 2.433333333333333 2.3666666666666667 2.066666666666667 3.0
292 7.571558641975309 1.1333333333333333 1.1777777777777778 1.1333333333333333 1.6888888888888889 1.6222222222222222 1.5777777777777777 1.3777777777777778 2.0
293 5.743763227513227 1.1333333333333333 1.1777777777777778 1.1333333333333333 1.6888888888888889 1.6222222222222222 1.5777777777777777 1.3777777777777778 2.0
294 3.575055555555555 1.7 1.7666666666666666 1.7 2.533333333333333 2.433333333333333 2.3666666666666667 2.066666666666667 3.0
295 28.428946371514773 1.1333333333333333 1.1777777777777778 1.1333333333333333 1.6888888888888889 1.6222222222222222 1.5777777777777777 1.3777777777777778 2.0
296 20.0 1.1333333333333333 1.1777777777777778 1.1333333333333333 1.6888888888888889 1.6222222222222222 1.5777777777777777 1.3777777777777778 2.0
297 30.510237855609233 1.1333333333333333 1.1777777777777778 1.1333333333333333 1.6888888888888889 1.6222222222222222 1.5777777777777777 1.3777777777777778 2.0
298 46.311055672268914 1.7 1.7666666666666666 1.7 2.533333333333333 2.433333333333333 2.3666666666666667 2.066666666666667 3.0
299 2.941490384615385 1.7 1.7666666666666666 1.7 2.533333333333333 2.433333333333333 2.3666666666666667 2.066666666666667 3.0
