400 4
TREE NETWORK (nID nID Weight):
262 0 54
92 262 35
263 262 57
197 92 43
384 0 46
151 197 35
134 0 42
193 384 53
149 197 57
399 151 55
362 384 38
171 263 45
394 134 46
20 149 39
207 399 31
96 262 52
98 134 33
366 171 49
254 207 53
351 149 35
244 96 35
310 384 39
299 0 41
306 351 39
11 0 42
180 244 56
130 262 55
8 96 49
198 171 46
232 306 40
373 193 44
114 299 31
44 198 37
104 263 43
108 351 39
238 384 35
70 366 38
355 96 49
205 171 53
117 366 48
287 232 33
233 117 49
286 198 39
194 70 35
316 366 54
307 362 58
7 286 30
40 11 35
13 263 45
148 355 41
85 263 57
136 306 49
33 233 55
249 351 30
191 98 56
356 8 48
50 0 52
168 384 30
372 287 39
97 238 57
84 40 56
86 70 54
261 232 50
83 263 38
142 366 48
19 136 35
192 86 35
374 254 56
54 168 56
121 261 32
279 307 54
138 44 56
78 121 43
74 98 35
259 373 50
293 287 50
39 96 49
289 233 54
364 356 55
242 310 46
170 78 34
332 259 53
69 316 54
36 238 46
163 238 52
392 279 37
292 170 49
42 392 54
280 197 36
246 11 51
297 193 34
185 207 40
72 263 54
322 33 39
288 373 51
102 307 41
137 19 46
342 246 53
16 233 46
245 194 43
348 399 48
301 254 41
28 192 45
182 102 43
327 70 38
65 185 30
201 280 37
141 246 40
157 70 53
181 20 35
106 28 46
334 322 39
350 263 59
386 356 47
203 40 58
336 33 59
204 372 45
291 74 41
390 288 56
385 301 30
360 65 36
45 86 56
165 171 50
46 350 40
160 201 46
220 70 53
375 197 49
323 297 36
250 198 43
32 20 55
88 160 42
173 385 51
188 232 37
274 78 38
115 372 57
281 88 48
101 171 41
34 355 54
257 121 31
357 350 33
135 384 50
55 191 35
206 220 48
295 289 51
116 83 45
10 281 49
211 207 47
38 168 56
210 170 38
156 245 32
256 191 33
368 134 36
91 163 59
243 160 52
75 191 52
87 373 33
145 106 38
140 257 33
199 101 59
265 115 50
41 286 50
215 20 31
153 163 52
35 54 40
363 249 45
329 188 47
383 70 47
162 115 44
177 204 45
267 373 31
255 368 53
258 10 35
146 394 48
58 323 42
308 153 55
320 0 40
347 36 31
312 136 58
294 265 36
1 385 57
113 142 46
62 180 53
155 323 54
358 292 49
270 294 41
132 36 34
318 356 55
253 163 36
302 19 58
174 177 36
380 255 48
186 238 48
379 207 36
103 312 46
271 384 45
67 355 40
227 163 46
290 307 42
189 199 39
230 249 49
228 347 43
178 348 51
345 220 59
76 8 30
333 41 33
260 62 44
3 230 47
122 347 51
388 307 34
222 130 30
239 281 52
43 246 37
133 204 45
93 232 59
387 98 43
324 350 37
269 372 59
268 46 39
304 362 34
353 386 35
71 75 58
247 46 49
195 86 50
89 188 56
397 191 37
224 163 52
219 191 41
371 350 36
29 146 32
314 201 34
166 385 57
236 145 50
221 289 59
111 292 34
311 70 43
12 254 45
370 236 55
73 362 53
24 289 50
179 160 56
319 246 37
107 98 36
389 1 50
395 97 56
225 93 35
143 11 58
313 141 49
172 170 34
110 3 32
164 372 58
393 350 41
284 318 48
80 259 30
100 221 56
90 130 53
82 41 59
175 185 56
49 104 30
169 71 55
94 289 54
252 397 53
369 374 46
272 169 58
378 116 53
237 380 45
6 69 53
128 383 50
59 334 50
14 194 46
47 249 43
51 347 42
283 96 35
341 357 35
99 341 30
167 47 52
118 102 45
331 141 36
346 363 49
309 288 52
105 254 32
159 341 45
234 350 54
77 136 32
187 390 53
339 288 52
18 149 38
209 80 50
328 355 42
79 387 51
396 311 50
196 283 30
354 329 48
229 155 34
273 308 39
303 141 38
277 371 46
152 313 38
377 43 42
213 7 59
240 103 55
2 307 34
398 171 40
317 74 57
391 279 59
264 237 57
129 207 52
344 69 32
63 336 45
17 227 34
123 390 59
218 238 36
27 255 36
15 261 48
202 380 36
37 19 54
330 24 54
340 307 58
190 291 56
95 146 47
359 375 38
26 356 53
9 186 36
305 24 30
22 133 44
217 305 55
338 195 41
131 29 38
150 240 40
266 22 57
214 96 44
4 156 46
321 344 58
285 26 57
315 198 52
335 315 39
61 97 34
120 313 43
208 2 34
326 185 39
56 295 56
376 217 39
124 399 34
57 75 58
119 331 36
81 12 43
365 261 41
275 273 38
382 65 49
349 256 54
216 346 49
48 257 57
223 12 44
231 362 37
251 172 53
381 181 57
300 365 50
248 121 43
52 304 54
298 97 52
161 85 50
5 384 49
343 390 41
226 185 54
235 122 41
282 334 58
183 204 35
361 86 49
158 330 57
21 393 52
296 338 36
125 42 46
31 327 48
112 87 53
64 103 53
337 198 52
200 198 44
60 312 39
278 64 40
352 18 34
325 110 54
30 20 52
154 113 45
241 399 51
147 45 39
109 7 44
25 133 31
68 27 34
367 99 58
66 191 57
212 50 57
144 63 42
23 48 56
184 342 36
176 202 37
276 348 52
53 344 53
127 159 48
126 28 39
139 298 38
PROGRAMS ASSIGNED TO NODES (nID pID1 pID2 ...):
0 1 2 3 4
1 1 3 4
2 1 2
3 3
4 1
5 1 2
6 1 3
7 2
8 1
9 1 3 4
10 2
11 1 3
12 1
13 1 2 4
17 1 3
18 1 2 4
19 3 4
20 1 4
21 4
22 1 3
24 1 2 3
25 1 3 4
27 1 2 4
28 1 2
29 1 3 4
30 1 3 4
31 2 3
32 1 3 4
33 1 2 4
34 1 3 4
36 3
38 2
39 4
40 3
42 1 2 4
44 1 3
45 2 3 4
46 1 3 4
48 4
49 1 3
51 1
52 4
53 2 3 4
54 2 3
56 4
57 2 3
58 2 4
60 1
61 1
62 2
63 3 4
64 2
66 1
68 2 4
69 3
70 1 2 4
71 1 2 3
72 1 2 4
76 1 4
77 2
78 1 3 4
79 1 2 4
80 3
81 1 3 4
82 2 3
84 1 3 4
86 2
87 1 2 3
88 1 3 4
89 1 3 4
90 2 3 4
91 1 2 3
92 2 3 4
93 2 3 4
94 1 2 3
95 1 3 4
96 2 3 4
97 1 4
98 2
99 1 3
100 1 2
101 1
102 1 3
103 1 3 4
104 1 2 3
105 1 2 3
108 1
110 3
112 1 3 4
114 3
115 1 2 4
116 2
117 2 3
119 2 3
121 2 4
122 4
123 2 3 4
124 1 3 4
125 2 4
126 3
127 2 3 4
128 4
129 1 4
130 2 4
131 1 4
132 1 3 4
134 3
135 1 3 4
136 2 3 4
137 2 3
138 2 3 4
139 1
140 1 3
141 1 2 4
142 3
144 1 2
145 3
146 3 4
147 2
148 3
149 1 2 4
150 2
151 1 2 3
152 4
153 3 4
154 1 3
155 1
156 4
158 1 3
159 1 2 3
161 2
162 1 2 4
167 2 3 4
168 1 2 3
169 4
170 2 3 4
171 1 4
172 2 4
173 2
174 1 2 4
175 2 3 4
177 3 4
178 1
179 1 4
180 1 2 4
181 2
182 2 4
183 2
184 1 2 4
185 2 4
186 1 2
187 3
189 2
190 1
191 1
192 1 2 3
193 1
194 4
195 1 4
196 3 4
197 1 3
198 4
199 4
201 2 4
202 1
203 1 2 4
205 4
206 1 3
207 3 4
208 1 2 4
211 1
212 3 4
213 3
214 3
215 2 3
217 1
218 1 2 3
220 1 2 3
221 1 2 4
222 1 2
225 1 3
226 2 4
227 2 4
228 3
229 2 3
231 3
233 2
234 1 2
235 1 3 4
236 3
238 2 3
240 1 2 3
243 1 3 4
245 2
246 4
247 1 2 4
250 4
251 2 3 4
252 2 3
254 1 2 4
255 1 2 4
257 3
259 1 3
260 1
261 2 3
262 1 2
263 1
264 1 4
265 2
266 1
267 1 3
268 1 2 3
269 2
270 3 4
271 1
272 1 3
274 3
276 1 2 3
277 2
280 1 2 3
283 1 3 4
284 4
285 3
286 2
288 2 4
290 2
291 2
292 1 3
293 1
294 2 3 4
295 2 4
296 1 2 3
297 1 2 4
298 2
300 1 4
301 2 3 4
302 1 2 4
303 1 3
305 4
306 1 2 3
307 1 3 4
309 4
310 1
311 1 2
312 1 3 4
314 3 4
315 4
316 2
317 1 2 4
318 3
320 3
322 1 2 4
324 4
325 1 2 4
326 1 2 4
328 1 3 4
329 3
332 2 4
334 1 2
335 1 3
336 2 3 4
339 2 4
340 1
341 1 2 3
342 1 3
343 2 4
344 1
345 1 3 4
346 1 2 3
347 1
348 2 3 4
349 2 3
350 2
351 1 2
352 4
353 1 2 3
354 4
355 1 2 4
358 1 4
359 2 3
361 4
363 3 4
364 2 3
365 1 2 3
366 1 3
367 1 2 3
368 2 3
370 4
371 3
372 1
373 1 3
374 1 2
375 3 4
376 3 4
379 2 3 4
380 1 2 3
381 4
383 2 3 4
386 1 2 4
387 3
389 3 4
390 1 2
392 4
394 4
395 2
396 2
398 1
SIZE OF PROGRAMS (pID SIZE):
1 82.0
2 57.0
3 96.0
4 77.0
COST TO INSTALL SERVERS AND PROGRAMS ON NODES (COST_TO_INSTALL_SERVER COST_TO_INSTALL_pID1 ...):
0 1650.0 1.7083333333333333 1.1875 2.0 1.6041666666666667
1 18.942637210046236 2.5625 1.78125 3.0 2.40625
2 9.574165084640345 1.7083333333333333 1.1875 2.0 1.6041666666666667
3 5.324149218147983 1.7083333333333333 1.1875 2.0 1.6041666666666667
4 1.549731060592805 1.7083333333333333 1.1875 2.0 1.6041666666666667
5 0.2962640490979 1.7083333333333333 1.1875 2.0 1.6041666666666667
6 1.8395895089250531 2.5625 1.78125 3.0 2.40625
7 1.8079207739247787 1.7083333333333333 1.1875 2.0 1.6041666666666667
8 3.4935374149659877 1.7083333333333333 1.1875 2.0 1.6041666666666667
9 16.925646997929604 1.7083333333333333 1.1875 2.0 1.6041666666666667
10 6.535872510838566 1.7083333333333333 1.1875 2.0 1.6041666666666667
11 0.0928571428571428 1.7083333333333333 1.1875 2.0 1.6041666666666667
12 34.50599723197793 2.5625 1.78125 3.0 2.40625
13 4.963552631578947 2.5625 1.78125 3.0 2.40625
14 86.0 2.5625 1.78125 3.0 2.40625
15 45.0 1.7083333333333333 1.1875 2.0 1.6041666666666667
16 79.0 2.5625 1.78125 3.0 2.40625
17 1.7774882427887542 1.7083333333333333 1.1875 2.0 1.6041666666666667
18 12.101021157545027 1.7083333333333333 1.1875 2.0 1.6041666666666667
19 24.933740011712555 2.5625 1.78125 3.0 2.40625
20 2.5671561656078183 2.5625 1.78125 3.0 2.40625
21 0.5836539209261463 1.7083333333333333 1.1875 2.0 1.6041666666666667
22 4.609627694769983 2.5625 1.78125 3.0 2.40625
23 10.0 1.7083333333333333 1.1875 2.0 1.6041666666666667
24 35.7185402792696 2.5625 1.78125 3.0 2.40625
25 60.454892678739874 1.7083333333333333 1.1875 2.0 1.6041666666666667
26 4.436661631270796 1.7083333333333333 1.1875 2.0 1.6041666666666667
27 5.063915094339621 2.5625 1.78125 3.0 2.40625
28 31.24664578111946 2.5625 1.78125 3.0 2.40625
29 5.924592391304347 2.5625 1.78125 3.0 2.40625
30 15.53124658134603 2.5625 1.78125 3.0 2.40625
31 15.404345387277719 1.7083333333333333 1.1875 2.0 1.6041666666666667
32 2.827417845142753 1.7083333333333333 1.1875 2.0 1.6041666666666667
33 30.007994824724147 2.5625 1.78125 3.0 2.40625
34 1.4239872230943664 1.7083333333333333 1.1875 2.0 1.6041666666666667
35 56.0 2.5625 1.78125 3.0 2.40625
36 7.83610248447205 1.7083333333333333 1.1875 2.0 1.6041666666666667
37 30.0 2.5625 1.78125 3.0 2.40625
38 0.2969487577639751 1.7083333333333333 1.1875 2.0 1.6041666666666667
39 1.2431242368742366 2.5625 1.78125 3.0 2.40625
40 0.6592857142857143 2.5625 1.78125 3.0 2.40625
41 1.4445457739247787 2.5625 1.78125 3.0 2.40625
42 7.417143464185403 2.5625 1.78125 3.0 2.40625
43 37.0 2.5625 1.78125 3.0 2.40625
44 13.449918224861019 1.7083333333333333 1.1875 2.0 1.6041666666666667
45 9.704345934280145 1.7083333333333333 1.1875 2.0 1.6041666666666667
46 7.2947987907622185 2.5625 1.78125 3.0 2.40625
47 27.721938425683074 2.5625 1.78125 3.0 2.40625
48 10.944964757046211 2.5625 1.78125 3.0 2.40625
49 1.278363819756109 1.7083333333333333 1.1875 2.0 1.6041666666666667
50 62.0 1.7083333333333333 1.1875 2.0 1.6041666666666667
51 5.278370066119014 1.7083333333333333 1.1875 2.0 1.6041666666666667
52 0.49846106412308117 2.5625 1.78125 3.0 2.40625
53 28.35031361394277 1.7083333333333333 1.1875 2.0 1.6041666666666667
54 6.110892857142856 1.7083333333333333 1.1875 2.0 1.6041666666666667
55 36.0 1.7083333333333333 1.1875 2.0 1.6041666666666667
56 1.1139417887037855 2.5625 1.78125 3.0 2.40625
57 10.276478478418131 1.7083333333333333 1.1875 2.0 1.6041666666666667
58 5.246678774280654 2.5625 1.78125 3.0 2.40625
59 101.0 1.7083333333333333 1.1875 2.0 1.6041666666666667
60 1.4279696735978504 2.5625 1.78125 3.0 2.40625
61 0.6267493702286407 1.7083333333333333 1.1875 2.0 1.6041666666666667
62 1.1427530601823055 1.7083333333333333 1.1875 2.0 1.6041666666666667
63 41.00731685862245 2.5625 1.78125 3.0 2.40625
64 6.823766597576179 1.7083333333333333 1.1875 2.0 1.6041666666666667
65 63.0 1.7083333333333333 1.1875 2.0 1.6041666666666667
66 3.3790669856459337 1.7083333333333333 1.1875 2.0 1.6041666666666667
67 36.0 2.5625 1.78125 3.0 2.40625
68 10.973094782986568 1.7083333333333333 1.1875 2.0 1.6041666666666667
69 13.178848907984243 2.5625 1.78125 3.0 2.40625
70 13.131334288101204 1.7083333333333333 1.1875 2.0 1.6041666666666667
71 7.225156739811913 2.5625 1.78125 3.0 2.40625
72 3.0236842105263153 2.5625 1.78125 3.0 2.40625
73 41.0 2.5625 1.78125 3.0 2.40625
74 1.335974025974026 1.7083333333333333 1.1875 2.0 1.6041666666666667
75 15.368181818181814 1.7083333333333333 1.1875 2.0 1.6041666666666667
76 7.343351612012326 2.5625 1.78125 3.0 2.40625
77 0.985683357570816 1.7083333333333333 1.1875 2.0 1.6041666666666667
78 6.563166132385226 2.5625 1.78125 3.0 2.40625
79 8.51811697194734 2.5625 1.78125 3.0 2.40625
80 0.8200095458274295 2.5625 1.78125 3.0 2.40625
81 4.652552341929005 2.5625 1.78125 3.0 2.40625
82 1.8632428078230838 1.7083333333333333 1.1875 2.0 1.6041666666666667
83 1.0645833333333332 2.5625 1.78125 3.0 2.40625
84 10.708482142857141 1.7083333333333333 1.1875 2.0 1.6041666666666667
85 0.7645833333333332 2.5625 1.78125 3.0 2.40625
86 2.879044635398019 2.5625 1.78125 3.0 2.40625
87 2.271485569393691 1.7083333333333333 1.1875 2.0 1.6041666666666667
88 4.350815666887456 2.5625 1.78125 3.0 2.40625
89 16.13070984743452 2.5625 1.78125 3.0 2.40625
90 4.7934200495521235 1.7083333333333333 1.1875 2.0 1.6041666666666667
91 1.2981512983148027 2.5625 1.78125 3.0 2.40625
92 0.8192063492063492 1.7083333333333333 1.1875 2.0 1.6041666666666667
93 15.277194889075268 1.7083333333333333 1.1875 2.0 1.6041666666666667
94 19.195452918009305 1.7083333333333333 1.1875 2.0 1.6041666666666667
95 5.964153561517112 1.7083333333333333 1.1875 2.0 1.6041666666666667
96 2.6388888888888884 1.7083333333333333 1.1875 2.0 1.6041666666666667
97 8.633071265119321 1.7083333333333333 1.1875 2.0 1.6041666666666667
98 2.1399350649350657 2.5625 1.78125 3.0 2.40625
99 16.0696745314107 2.5625 1.78125 3.0 2.40625
100 9.181110456506257 1.7083333333333333 1.1875 2.0 1.6041666666666667
101 11.354101412066752 1.7083333333333333 1.1875 2.0 1.6041666666666667
102 1.8232201453830208 2.5625 1.78125 3.0 2.40625
103 16.90953400488575 1.7083333333333333 1.1875 2.0 1.6041666666666667
104 7.687350542862324 1.7083333333333333 1.1875 2.0 1.6041666666666667
105 3.9532874257661583 2.5625 1.78125 3.0 2.40625
106 13.136148081700684 1.7083333333333333 1.1875 2.0 1.6041666666666667
107 41.0 2.5625 1.78125 3.0 2.40625
108 5.966422085326614 1.7083333333333333 1.1875 2.0 1.6041666666666667
109 89.0 1.7083333333333333 1.1875 2.0 1.6041666666666667
110 6.2991492181479805 1.7083333333333333 1.1875 2.0 1.6041666666666667
111 87.0 2.5625 1.78125 3.0 2.40625
112 2.33763470430308 1.7083333333333333 1.1875 2.0 1.6041666666666667
113 1.7876877148011507 1.7083333333333333 1.1875 2.0 1.6041666666666667
114 1.4629425649095196 2.5625 1.78125 3.0 2.40625
115 47.99485392480495 1.7083333333333333 1.1875 2.0 1.6041666666666667
116 0.3634722222222222 1.7083333333333333 1.1875 2.0 1.6041666666666667
117 14.911499582289059 2.5625 1.78125 3.0 2.40625
118 51.0 2.5625 1.78125 3.0 2.40625
119 6.838154761904762 1.7083333333333333 1.1875 2.0 1.6041666666666667
120 14.0 2.5625 1.78125 3.0 2.40625
121 40.86309315925471 2.5625 1.78125 3.0 2.40625
122 2.628597725906632 1.7083333333333333 1.1875 2.0 1.6041666666666667
123 7.801668197950458 1.7083333333333333 1.1875 2.0 1.6041666666666667
124 27.240584939930873 1.7083333333333333 1.1875 2.0 1.6041666666666667
125 1.745566549149955 1.7083333333333333 1.1875 2.0 1.6041666666666667
126 1.719632781587669 1.7083333333333333 1.1875 2.0 1.6041666666666667
127 10.79571105043897 1.7083333333333333 1.1875 2.0 1.6041666666666667
128 5.795873877957304 1.7083333333333333 1.1875 2.0 1.6041666666666667
129 16.741482884162462 2.5625 1.78125 3.0 2.40625
130 0.4950505050505049 1.7083333333333333 1.1875 2.0 1.6041666666666667
131 1.473894655116051 2.5625 1.78125 3.0 2.40625
132 1.7903920807453417 2.5625 1.78125 3.0 2.40625
133 6.2897596699845755 1.7083333333333333 1.1875 2.0 1.6041666666666667
134 4.225 2.5625 1.78125 3.0 2.40625
135 2.273519021739131 2.5625 1.78125 3.0 2.40625
136 4.09531943091394 2.5625 1.78125 3.0 2.40625
137 2.778033196800907 2.5625 1.78125 3.0 2.40625
138 7.539461007059692 2.5625 1.78125 3.0 2.40625
139 0.6736380143502569 2.5625 1.78125 3.0 2.40625
140 4.444004421090257 2.5625 1.78125 3.0 2.40625
141 1.4846218487394958 1.7083333333333333 1.1875 2.0 1.6041666666666667
142 5.2663629477131995 2.5625 1.78125 3.0 2.40625
143 28.0 1.7083333333333333 1.1875 2.0 1.6041666666666667
144 19.210095627783065 1.7083333333333333 1.1875 2.0 1.6041666666666667
145 3.486681945979511 1.7083333333333333 1.1875 2.0 1.6041666666666667
146 5.375194099378882 2.5625 1.78125 3.0 2.40625
147 0.8332938688295832 1.7083333333333333 1.1875 2.0 1.6041666666666667
148 0.49245787120351575 2.5625 1.78125 3.0 2.40625
149 5.301468496823457 2.5625 1.78125 3.0 2.40625
150 7.299051760526436 2.5625 1.78125 3.0 2.40625
151 2.1112163159837585 2.5625 1.78125 3.0 2.40625
152 3.8757789694825298 2.5625 1.78125 3.0 2.40625
153 1.1753406195254024 1.7083333333333333 1.1875 2.0 1.6041666666666667
154 2.1832432703567064 1.7083333333333333 1.1875 2.0 1.6041666666666667
155 13.462931351102105 1.7083333333333333 1.1875 2.0 1.6041666666666667
156 20.38807515686133 1.7083333333333333 1.1875 2.0 1.6041666666666667
157 42.0 2.5625 1.78125 3.0 2.40625
158 3.0915364601981143 1.7083333333333333 1.1875 2.0 1.6041666666666667
159 28.882585875320043 2.5625 1.78125 3.0 2.40625
160 19.66479262015157 1.7083333333333333 1.1875 2.0 1.6041666666666667
161 0.30080555555555555 1.7083333333333333 1.1875 2.0 1.6041666666666667
162 44.52004952819518 1.7083333333333333 1.1875 2.0 1.6041666666666667
163 1.519689440993789 1.7083333333333333 1.1875 2.0 1.6041666666666667
164 70.0 1.7083333333333333 1.1875 2.0 1.6041666666666667
165 103.0 1.7083333333333333 1.1875 2.0 1.6041666666666667
166 12.0 1.7083333333333333 1.1875 2.0 1.6041666666666667
167 12.962992745417012 2.5625 1.78125 3.0 2.40625
168 4.827717391304348 1.7083333333333333 1.1875 2.0 1.6041666666666667
169 2.697653424162045 1.7083333333333333 1.1875 2.0 1.6041666666666667
170 54.64069233846129 1.7083333333333333 1.1875 2.0 1.6041666666666667
171 5.842397660818714 1.7083333333333333 1.1875 2.0 1.6041666666666667
172 6.191172620216105 2.5625 1.78125 3.0 2.40625
173 1.2215465781206003 2.5625 1.78125 3.0 2.40625
174 5.927796426339877 1.7083333333333333 1.1875 2.0 1.6041666666666667
175 3.941760282242278 1.7083333333333333 1.1875 2.0 1.6041666666666667
176 106.0 2.5625 1.78125 3.0 2.40625
177 66.33635354241842 2.5625 1.78125 3.0 2.40625
178 1.035579510991618 2.5625 1.78125 3.0 2.40625
179 16.273264691186203 2.5625 1.78125 3.0 2.40625
180 4.001346153846154 2.5625 1.78125 3.0 2.40625
181 12.45834205079717 1.7083333333333333 1.1875 2.0 1.6041666666666667
182 4.743602867473181 2.5625 1.78125 3.0 2.40625
183 8.652820532180996 1.7083333333333333 1.1875 2.0 1.6041666666666667
184 7.622173775170443 2.5625 1.78125 3.0 2.40625
185 22.32470328079855 2.5625 1.78125 3.0 2.40625
186 1.5696894409937892 1.7083333333333333 1.1875 2.0 1.6041666666666667
187 0.8488054868453458 2.5625 1.78125 3.0 2.40625
188 35.30404534376956 2.5625 1.78125 3.0 2.40625
189 0.5952606281114962 1.7083333333333333 1.1875 2.0 1.6041666666666667
190 0.8536038961038961 1.7083333333333333 1.1875 2.0 1.6041666666666667
191 11.434090909090905 2.5625 1.78125 3.0 2.40625
192 20.47736603413295 1.7083333333333333 1.1875 2.0 1.6041666666666667
193 1.4597005742411824 2.5625 1.78125 3.0 2.40625
194 8.523646616541354 1.7083333333333333 1.1875 2.0 1.6041666666666667
195 31.527401718582166 2.5625 1.78125 3.0 2.40625
196 5.128023589065257 2.5625 1.78125 3.0 2.40625
197 6.098938722775934 2.5625 1.78125 3.0 2.40625
198 12.927182812102721 1.7083333333333333 1.1875 2.0 1.6041666666666667
199 4.575111193977932 1.7083333333333333 1.1875 2.0 1.6041666666666667
200 101.0 2.5625 1.78125 3.0 2.40625
201 3.254697654465097 1.7083333333333333 1.1875 2.0 1.6041666666666667
202 0.8055106319257261 1.7083333333333333 1.1875 2.0 1.6041666666666667
203 3.6884482758620694 1.7083333333333333 1.1875 2.0 1.6041666666666667
204 21.007117847472806 1.7083333333333333 1.1875 2.0 1.6041666666666667
205 0.43365777520320714 1.7083333333333333 1.1875 2.0 1.6041666666666667
206 15.483482206502076 2.5625 1.78125 3.0 2.40625
207 3.6849406561597116 2.5625 1.78125 3.0 2.40625
208 12.035929790522697 2.5625 1.78125 3.0 2.40625
209 73.0 2.5625 1.78125 3.0 2.40625
210 60.0 2.5625 1.78125 3.0 2.40625
211 1.1429460780714353 2.5625 1.78125 3.0 2.40625
212 0.2757844129554656 1.7083333333333333 1.1875 2.0 1.6041666666666667
213 7.782561158863373 1.7083333333333333 1.1875 2.0 1.6041666666666667
214 0.2805749805749806 2.5625 1.78125 3.0 2.40625
215 7.593916529335971 2.5625 1.78125 3.0 2.40625
216 98.0 2.5625 1.78125 3.0 2.40625
217 38.737111389811105 2.5625 1.78125 3.0 2.40625
218 8.07295548654244 1.7083333333333333 1.1875 2.0 1.6041666666666667
219 55.0 2.5625 1.78125 3.0 2.40625
220 20.22962272032282 2.5625 1.78125 3.0 2.40625
221 2.681681716397531 2.5625 1.78125 3.0 2.40625
222 2.336069725028058 2.5625 1.78125 3.0 2.40625
223 74.0 2.5625 1.78125 3.0 2.40625
224 88.0 2.5625 1.78125 3.0 2.40625
225 3.4138499438015546 1.7083333333333333 1.1875 2.0 1.6041666666666667
226 9.989920418716995 1.7083333333333333 1.1875 2.0 1.6041666666666667
227 16.856552795031057 2.5625 1.78125 3.0 2.40625
228 1.0246102519418676 1.7083333333333333 1.1875 2.0 1.6041666666666667
229 14.650013102725364 1.7083333333333333 1.1875 2.0 1.6041666666666667
230 4.33531943091394 2.5625 1.78125 3.0 2.40625
231 2.524720143484445 2.5625 1.78125 3.0 2.40625
232 41.0722626333275 1.7083333333333333 1.1875 2.0 1.6041666666666667
233 15.45974459959422 1.7083333333333333 1.1875 2.0 1.6041666666666667
234 2.4262016318652884 2.5625 1.78125 3.0 2.40625
235 27.629666036060023 1.7083333333333333 1.1875 2.0 1.6041666666666667
236 29.38389491917625 1.7083333333333333 1.1875 2.0 1.6041666666666667
237 6.38547619047619 1.7083333333333333 1.1875 2.0 1.6041666666666667
238 2.973447204968945 2.5625 1.78125 3.0 2.40625
239 77.0 1.7083333333333333 1.1875 2.0 1.6041666666666667
240 16.354526894833306 1.7083333333333333 1.1875 2.0 1.6041666666666667
241 89.0 1.7083333333333333 1.1875 2.0 1.6041666666666667
242 68.0 1.7083333333333333 1.1875 2.0 1.6041666666666667
243 22.228931223610193 1.7083333333333333 1.1875 2.0 1.6041666666666667
244 8.351483516483516 1.7083333333333333 1.1875 2.0 1.6041666666666667
245 17.625919116728696 1.7083333333333333 1.1875 2.0 1.6041666666666667
246 4.93235294117647 1.7083333333333333 1.1875 2.0 1.6041666666666667
247 5.078028864534218 2.5625 1.78125 3.0 2.40625
248 88.0 1.7083333333333333 1.1875 2.0 1.6041666666666667
249 28.165093159254724 1.7083333333333333 1.1875 2.0 1.6041666666666667
250 0.554627494791636 2.5625 1.78125 3.0 2.40625
251 6.62513488436705 2.5625 1.78125 3.0 2.40625
252 11.381773271985535 1.7083333333333333 1.1875 2.0 1.6041666666666667
253 96.0 2.5625 1.78125 3.0 2.40625
254 41.38757911298456 1.7083333333333333 1.1875 2.0 1.6041666666666667
255 1.5482030548068284 1.7083333333333333 1.1875 2.0 1.6041666666666667
256 5.399431818181819 1.7083333333333333 1.1875 2.0 1.6041666666666667
257 20.507579943336875 1.7083333333333333 1.1875 2.0 1.6041666666666667
258 41.0 1.7083333333333333 1.1875 2.0 1.6041666666666667
259 8.125155119695727 2.5625 1.78125 3.0 2.40625
260 4.650534376524942 2.5625 1.78125 3.0 2.40625
261 14.587754211109168 2.5625 1.78125 3.0 2.40625
262 0.7944444444444443 1.7083333333333333 1.1875 2.0 1.6041666666666667
263 1.0510233918128642 2.5625 1.78125 3.0 2.40625
264 7.594248120300752 1.7083333333333333 1.1875 2.0 1.6041666666666667
265 44.83596814239637 2.5625 1.78125 3.0 2.40625
266 14.116876017359491 1.7083333333333333 1.1875 2.0 1.6041666666666667
267 5.766415407749196 1.7083333333333333 1.1875 2.0 1.6041666666666667
268 1.9462517409161035 1.7083333333333333 1.1875 2.0 1.6041666666666667
269 7.1390886919872925 2.5625 1.78125 3.0 2.40625
270 4.870088610686459 2.5625 1.78125 3.0 2.40625
271 0.6253985507246375 2.5625 1.78125 3.0 2.40625
272 2.189964432119605 1.7083333333333333 1.1875 2.0 1.6041666666666667
273 79.0 2.5625 1.78125 3.0 2.40625
274 2.372067311988977 1.7083333333333333 1.1875 2.0 1.6041666666666667
275 66.0 2.5625 1.78125 3.0 2.40625
276 2.958958093478443 2.5625 1.78125 3.0 2.40625
277 2.4377226111520507 2.5625 1.78125 3.0 2.40625
278 36.0 1.7083333333333333 1.1875 2.0 1.6041666666666667
279 11.563400536573818 1.7083333333333333 1.1875 2.0 1.6041666666666667
280 10.432272056109268 2.5625 1.78125 3.0 2.40625
281 0.9136105545275162 2.5625 1.78125 3.0 2.40625
282 102.0 2.5625 1.78125 3.0 2.40625
283 9.859390262515266 1.7083333333333333 1.1875 2.0 1.6041666666666667
284 0.7482290394790394 1.7083333333333333 1.1875 2.0 1.6041666666666667
285 0.9078646578433784 1.7083333333333333 1.1875 2.0 1.6041666666666667
286 9.9507259334233 1.7083333333333333 1.1875 2.0 1.6041666666666667
287 46.6563535424184 2.5625 1.78125 3.0 2.40625
288 9.68897864910749 1.7083333333333333 1.1875 2.0 1.6041666666666667
289 23.413086883876357 2.5625 1.78125 3.0 2.40625
290 2.3349191475690723 1.7083333333333333 1.1875 2.0 1.6041666666666667
291 5.19457647027769 1.7083333333333333 1.1875 2.0 1.6041666666666667
292 23.220870152049763 2.5625 1.78125 3.0 2.40625
293 1.526471862705951 2.5625 1.78125 3.0 2.40625
294 35.482252022083706 2.5625 1.78125 3.0 2.40625
295 1.83884566692174 1.7083333333333333 1.1875 2.0 1.6041666666666667
296 34.92863655885261 1.7083333333333333 1.1875 2.0 1.6041666666666667
297 1.5345871736717656 1.7083333333333333 1.1875 2.0 1.6041666666666667
298 3.990570039228507 1.7083333333333333 1.1875 2.0 1.6041666666666667
299 60.0 2.5625 1.78125 3.0 2.40625
300 14.514404099166743 1.7083333333333333 1.1875 2.0 1.6041666666666667
301 35.24216857839178 2.5625 1.78125 3.0 2.40625
302 3.824777794725187 2.5625 1.78125 3.0 2.40625
303 10.08486252395695 1.7083333333333333 1.1875 2.0 1.6041666666666667
304 2.1352108291829315 2.5625 1.78125 3.0 2.40625
305 34.79620229890201 2.5625 1.78125 3.0 2.40625
306 11.35075421110917 1.7083333333333333 1.1875 2.0 1.6041666666666667
307 9.710711749388462 1.7083333333333333 1.1875 2.0 1.6041666666666667
308 60.0 1.7083333333333333 1.1875 2.0 1.6041666666666667
309 3.2766398306972184 2.5625 1.78125 3.0 2.40625
310 0.13226727982162764 2.5625 1.78125 3.0 2.40625
311 5.843498710593082 2.5625 1.78125 3.0 2.40625
312 14.874751396190096 1.7083333333333333 1.1875 2.0 1.6041666666666667
313 2.6599894957983192 2.5625 1.78125 3.0 2.40625
314 2.313511651919655 1.7083333333333333 1.1875 2.0 1.6041666666666667
315 10.404688508478554 2.5625 1.78125 3.0 2.40625
316 2.3829920038190724 1.7083333333333333 1.1875 2.0 1.6041666666666667
317 14.576831852358167 1.7083333333333333 1.1875 2.0 1.6041666666666667
318 4.94199776964658 2.5625 1.78125 3.0 2.40625
319 84.0 2.5625 1.78125 3.0 2.40625
320 33.0 2.5625 1.78125 3.0 2.40625
321 27.0 2.5625 1.78125 3.0 2.40625
322 24.328304308473477 2.5625 1.78125 3.0 2.40625
323 2.0762538403384325 2.5625 1.78125 3.0 2.40625
324 2.7352813674513046 1.7083333333333333 1.1875 2.0 1.6041666666666667
325 16.66332310551242 1.7083333333333333 1.1875 2.0 1.6041666666666667
326 21.869753494817257 2.5625 1.78125 3.0 2.40625
327 7.325553914548276 1.7083333333333333 1.1875 2.0 1.6041666666666667
328 1.5589078580150013 1.7083333333333333 1.1875 2.0 1.6041666666666667
329 3.185893569807263 2.5625 1.78125 3.0 2.40625
330 11.239969397700602 2.5625 1.78125 3.0 2.40625
331 4.996488095238095 1.7083333333333333 1.1875 2.0 1.6041666666666667
332 4.11996077883014 2.5625 1.78125 3.0 2.40625
333 33.0 2.5625 1.78125 3.0 2.40625
334 2.343050669742399 1.7083333333333333 1.1875 2.0 1.6041666666666667
335 12.779492740040984 2.5625 1.78125 3.0 2.40625
336 27.041246445595235 2.5625 1.78125 3.0 2.40625
337 53.0 1.7083333333333333 1.1875 2.0 1.6041666666666667
338 11.24088670397199 2.5625 1.78125 3.0 2.40625
339 4.723119830501123 1.7083333333333333 1.1875 2.0 1.6041666666666667
340 0.4205589639390831 2.5625 1.78125 3.0 2.40625
341 14.204214375177799 1.7083333333333333 1.1875 2.0 1.6041666666666667
342 0.9683010940225145 2.5625 1.78125 3.0 2.40625
343 6.059618088340843 1.7083333333333333 1.1875 2.0 1.6041666666666667
344 11.80730934479055 1.7083333333333333 1.1875 2.0 1.6041666666666667
345 2.79417857008798 2.5625 1.78125 3.0 2.40625
346 13.25662467497879 2.5625 1.78125 3.0 2.40625
347 1.8629727259066322 2.5625 1.78125 3.0 2.40625
348 3.653489043256486 1.7083333333333333 1.1875 2.0 1.6041666666666667
349 1.5293560606060606 1.7083333333333333 1.1875 2.0 1.6041666666666667
350 6.11063782337199 2.5625 1.78125 3.0 2.40625
351 8.95075421110917 1.7083333333333333 1.1875 2.0 1.6041666666666667
352 0.9454355798486948 1.7083333333333333 1.1875 2.0 1.6041666666666667
353 2.538128670271528 1.7083333333333333 1.1875 2.0 1.6041666666666667
354 1.5784155387774135 2.5625 1.78125 3.0 2.40625
355 5.876587301587303 2.5625 1.78125 3.0 2.40625
356 16.330612244897964 1.7083333333333333 1.1875 2.0 1.6041666666666667
357 1.9494143036069893 1.7083333333333333 1.1875 2.0 1.6041666666666667
358 34.20343097357995 2.5625 1.78125 3.0 2.40625
359 10.066652426678548 2.5625 1.78125 3.0 2.40625
360 71.0 1.7083333333333333 1.1875 2.0 1.6041666666666667
361 5.206057852965746 2.5625 1.78125 3.0 2.40625
362 2.621567505720824 2.5625 1.78125 3.0 2.40625
363 30.74342649258805 2.5625 1.78125 3.0 2.40625
364 5.061293547722119 1.7083333333333333 1.1875 2.0 1.6041666666666667
365 41.6399224275474 1.7083333333333333 1.1875 2.0 1.6041666666666667
366 10.36149958228906 2.5625 1.78125 3.0 2.40625
367 3.3282431690282213 1.7083333333333333 1.1875 2.0 1.6041666666666667
368 4.7976190476190474 1.7083333333333333 1.1875 2.0 1.6041666666666667
369 103.0 2.5625 1.78125 3.0 2.40625
370 1.8458757794244063 1.7083333333333333 1.1875 2.0 1.6041666666666667
371 0.9173264198632172 1.7083333333333333 1.1875 2.0 1.6041666666666667
372 31.545196412454658 1.7083333333333333 1.1875 2.0 1.6041666666666667
373 11.93427921545231 1.7083333333333333 1.1875 2.0 1.6041666666666667
374 17.61001446495526 1.7083333333333333 1.1875 2.0 1.6041666666666667
375 11.633017202358982 2.5625 1.78125 3.0 2.40625
376 3.715618270896467 1.7083333333333333 1.1875 2.0 1.6041666666666667
377 37.0 1.7083333333333333 1.1875 2.0 1.6041666666666667
378 57.0 1.7083333333333333 1.1875 2.0 1.6041666666666667
379 28.520488192710157 2.5625 1.78125 3.0 2.40625
380 19.78382749326145 1.7083333333333333 1.1875 2.0 1.6041666666666667
381 5.9318921764010515 2.5625 1.78125 3.0 2.40625
382 105.0 2.5625 1.78125 3.0 2.40625
383 8.488871150986213 1.7083333333333333 1.1875 2.0 1.6041666666666667
384 40.0 2.5625 1.78125 3.0 2.40625
385 30.372977555994126 2.5625 1.78125 3.0 2.40625
386 19.380080330004347 2.5625 1.78125 3.0 2.40625
387 12.347251585623676 1.7083333333333333 1.1875 2.0 1.6041666666666667
388 38.0 2.5625 1.78125 3.0 2.40625
389 17.410441114993088 2.5625 1.78125 3.0 2.40625
390 2.169938586964356 2.5625 1.78125 3.0 2.40625
391 28.0 2.5625 1.78125 3.0 2.40625
392 1.7191838469101155 2.5625 1.78125 3.0 2.40625
393 2.132211987095339 2.5625 1.78125 3.0 2.40625
394 0.36461568322981375 2.5625 1.78125 3.0 2.40625
395 0.369805900621118 1.7083333333333333 1.1875 2.0 1.6041666666666667
396 0.6669818923693509 2.5625 1.78125 3.0 2.40625
397 1.036524877149877 2.5625 1.78125 3.0 2.40625
398 0.42668372319688114 2.5625 1.78125 3.0 2.40625
399 27.031401389308368 1.7083333333333333 1.1875 2.0 1.6041666666666667
