100 8
TREE NETWORK (nID nID Weight):
74 0 38
12 74 35
89 74 38
87 0 42
61 12 30
71 74 45
27 0 48
15 61 46
48 15 43
7 27 54
42 61 36
23 7 31
63 0 43
39 42 44
76 7 54
36 61 37
90 12 48
4 48 56
33 0 53
88 42 35
3 0 34
94 27 52
92 76 53
66 3 34
22 88 51
60 33 55
80 4 39
67 15 33
16 80 43
38 61 45
84 39 34
6 89 40
83 22 43
93 23 39
81 63 45
34 92 30
97 66 50
51 81 52
55 51 43
25 6 38
45 12 44
17 67 35
77 3 31
59 66 30
28 12 48
86 81 31
50 80 46
2 92 44
8 66 55
46 94 59
13 17 47
78 88 58
98 77 37
58 81 36
65 33 42
19 51 48
14 4 31
1 28 36
30 36 39
43 84 53
52 33 35
53 25 38
68 45 56
5 87 49
18 53 58
57 5 30
9 39 44
40 66 32
54 89 43
35 93 56
26 80 43
72 28 38
37 46 31
56 6 36
41 65 55
44 2 39
99 65 35
29 36 44
20 87 47
24 3 49
70 26 52
85 26 38
95 56 49
31 33 35
49 93 40
21 12 48
79 38 52
69 89 59
73 6 30
10 69 43
96 24 42
11 36 38
62 59 43
32 87 58
91 1 57
64 95 40
75 83 53
47 18 44
82 29 35
PROGRAMS ASSIGNED TO NODES (nID pID1 pID2 ...):
0 1 2 3 4 5 6 7 8
1 5 6
2 4 5 7 8
3 1 3 7
4 3 4 5 6 7 8
5 2 5 7
6 1 6
7 3 4 5 7 8
9 3 4 5 7 8
10 1 2 3 5 6 7 8
11 5
12 7
13 2 3 5 6 8
14 1 2 3 4 5 7 8
15 1 3 4 7 8
16 2
17 1 3 4 5 6 7 8
18 1 8
19 1 4
22 1 4 5 6 8
24 1 2 3 4 5 6 7
25 1 4 5 6 7 8
26 1 4 6 7 8
28 1 2 4 5 7
29 3 5 8
30 1 2 6 7
31 2 6 7
33 2
35 1 2 4 5 7 8
36 2 5 6
37 1 5
39 5 8
40 3 7 8
41 1 2 3 5 6 7 8
42 1 2 3 4 6 7 8
43 2 3 4
44 1 2 3
46 1 3 5 8
47 3 4 5 8
48 1 2 4 5 7
49 1 2 4 5 6 7 8
50 1 2 3 4 6 8
51 1 6
52 4 5 7 8
53 1 2 3 4 5 7 8
54 1 3 7
55 1 5
56 3 5 6 8
57 1 2 3 5 6
58 4 5 6 8
59 5 6 7
60 1 2 3 4 6 7 8
61 2 4 7 8
62 2 4
63 1 2 5
64 2 3 4 5 6 7 8
65 1 2 3 4 6 8
66 1 2 3 4 5 7 8
67 7
69 1 2 4 5
70 2 5 6 8
72 3 6
73 2 3 4 6 8
74 1 6 7 8
75 1 3 4 7
76 8
77 2 4 6 7 8
78 1 3 4 5 6 7 8
79 5
80 5 7 8
81 2 3 4 7 8
82 1 2 4 5 6 7 8
83 1 2 4 5 6 7 8
84 3 4 5 6 7 8
85 2 6
87 1 2 4 5 6 7 8
88 1 2 3 5 6 7 8
90 2 3 4 5 6 7 8
91 1 2 5 7 8
92 5 7 8
93 6
94 2 3 4 5 8
95 1 3 5 8
97 1 3 4 5 8
98 4 7 8
99 1
SIZE OF PROGRAMS (pID SIZE):
1 66.0
2 42.0
3 71.0
4 88.0
5 96.0
6 81.0
7 60.0
8 57.0
COST TO INSTALL SERVERS AND PROGRAMS ON NODES (COST_TO_INSTALL_SERVER COST_TO_INSTALL_pID1 ...):
0 2753.125 2.0625 1.3125 2.21875 2.75 3.0 2.53125 1.875 1.78125
1 27.05979591836735 1.375 0.875 1.4791666666666667 1.8333333333333333 2.0 1.6875 1.25 1.1875
2 22.646083476272157 1.375 0.875 1.4791666666666667 1.8333333333333333 2.0 1.6875 1.25 1.1875
3 28.0 2.0625 1.3125 2.21875 2.75 3.0 2.53125 1.875 1.78125
4 31.661175116127026 1.375 0.875 1.4791666666666667 1.8333333333333333 2.0 1.6875 1.25 1.1875
5 4.392711370262387 2.0625 1.3125 2.21875 2.75 3.0 2.53125 1.875 1.78125
6 6.726805555555557 1.375 0.875 1.4791666666666667 1.8333333333333333 2.0 1.6875 1.25 1.1875
7 6.810493827160491 1.375 0.875 1.4791666666666667 1.8333333333333333 2.0 1.6875 1.25 1.1875
8 11.0 2.0625 1.3125 2.21875 2.75 3.0 2.53125 1.875 1.78125
9 31.386281613123714 1.375 0.875 1.4791666666666667 1.8333333333333333 2.0 1.6875 1.25 1.1875
10 28.402175094781448 2.0625 1.3125 2.21875 2.75 3.0 2.53125 1.875 1.78125
11 6.354049989839464 2.0625 1.3125 2.21875 2.75 3.0 2.53125 1.875 1.78125
12 11.6397540726817 2.0625 1.3125 2.21875 2.75 3.0 2.53125 1.875 1.78125
13 51.44969717256308 2.0625 1.3125 2.21875 2.75 3.0 2.53125 1.875 1.78125
14 52.92408469271617 2.0625 1.3125 2.21875 2.75 3.0 2.53125 1.875 1.78125
15 19.134323648795906 2.0625 1.3125 2.21875 2.75 3.0 2.53125 1.875 1.78125
16 4.514230851103024 1.375 0.875 1.4791666666666667 1.8333333333333333 2.0 1.6875 1.25 1.1875
17 7.718470292579275 2.0625 1.3125 2.21875 2.75 3.0 2.53125 1.875 1.78125
18 20.748743194192382 1.375 0.875 1.4791666666666667 1.8333333333333333 2.0 1.6875 1.25 1.1875
19 7.6399529583250505 1.375 0.875 1.4791666666666667 1.8333333333333333 2.0 1.6875 1.25 1.1875
20 17.0 1.375 0.875 1.4791666666666667 1.8333333333333333 2.0 1.6875 1.25 1.1875
21 27.0 1.375 0.875 1.4791666666666667 1.8333333333333333 2.0 1.6875 1.25 1.1875
22 40.60052022417155 2.0625 1.3125 2.21875 2.75 3.0 2.53125 1.875 1.78125
23 1.9776359020310637 2.0625 1.3125 2.21875 2.75 3.0 2.53125 1.875 1.78125
24 6.939390756302522 1.375 0.875 1.4791666666666667 1.8333333333333333 2.0 1.6875 1.25 1.1875
25 25.385796783625736 1.375 0.875 1.4791666666666667 1.8333333333333333 2.0 1.6875 1.25 1.1875
26 41.693937721993215 1.375 0.875 1.4791666666666667 1.8333333333333333 2.0 1.6875 1.25 1.1875
27 60.0 2.0625 1.3125 2.21875 2.75 3.0 2.53125 1.875 1.78125
28 2.494797932330828 2.0625 1.3125 2.21875 2.75 3.0 2.53125 1.875 1.78125
29 5.987264148547045 2.0625 1.3125 2.21875 2.75 3.0 2.53125 1.875 1.78125
30 14.946881203789097 1.375 0.875 1.4791666666666667 1.8333333333333333 2.0 1.6875 1.25 1.1875
31 0.4868901617250675 1.375 0.875 1.4791666666666667 1.8333333333333333 2.0 1.6875 1.25 1.1875
32 97.0 1.375 0.875 1.4791666666666667 1.8333333333333333 2.0 1.6875 1.25 1.1875
33 0.5757992662473805 1.375 0.875 1.4791666666666667 1.8333333333333333 2.0 1.6875 1.25 1.1875
34 33.0 1.375 0.875 1.4791666666666667 1.8333333333333333 2.0 1.6875 1.25 1.1875
35 20.380854499230082 1.375 0.875 1.4791666666666667 1.8333333333333333 2.0 1.6875 1.25 1.1875
36 36.127358472194 2.0625 1.3125 2.21875 2.75 3.0 2.53125 1.875 1.78125
37 1.1086953778861925 1.375 0.875 1.4791666666666667 1.8333333333333333 2.0 1.6875 1.25 1.1875
38 4.561503759398496 2.0625 1.3125 2.21875 2.75 3.0 2.53125 1.875 1.78125
39 38.57030662593986 2.0625 1.3125 2.21875 2.75 3.0 2.53125 1.875 1.78125
40 9.399999999999997 2.0625 1.3125 2.21875 2.75 3.0 2.53125 1.875 1.78125
41 4.259759939353097 1.375 0.875 1.4791666666666667 1.8333333333333333 2.0 1.6875 1.25 1.1875
42 52.79436751601225 1.375 0.875 1.4791666666666667 1.8333333333333333 2.0 1.6875 1.25 1.1875
43 11.69019723012885 1.375 0.875 1.4791666666666667 1.8333333333333333 2.0 1.6875 1.25 1.1875
44 5.88011556817571 2.0625 1.3125 2.21875 2.75 3.0 2.53125 1.875 1.78125
45 108.0 2.0625 1.3125 2.21875 2.75 3.0 2.53125 1.875 1.78125
46 3.7356719904389397 2.0625 1.3125 2.21875 2.75 3.0 2.53125 1.875 1.78125
47 13.008697409668377 2.0625 1.3125 2.21875 2.75 3.0 2.53125 1.875 1.78125
48 62.34587764596021 1.375 0.875 1.4791666666666667 1.8333333333333333 2.0 1.6875 1.25 1.1875
49 29.816776950647917 1.375 0.875 1.4791666666666667 1.8333333333333333 2.0 1.6875 1.25 1.1875
50 48.29980638725978 1.375 0.875 1.4791666666666667 1.8333333333333333 2.0 1.6875 1.25 1.1875
51 9.967378130590342 2.0625 1.3125 2.21875 2.75 3.0 2.53125 1.875 1.78125
52 4.004205974842767 1.375 0.875 1.4791666666666667 1.8333333333333333 2.0 1.6875 1.25 1.1875
53 16.634210526315794 2.0625 1.3125 2.21875 2.75 3.0 2.53125 1.875 1.78125
54 5.276139840881274 2.0625 1.3125 2.21875 2.75 3.0 2.53125 1.875 1.78125
55 8.337705724508051 1.375 0.875 1.4791666666666667 1.8333333333333333 2.0 1.6875 1.25 1.1875
56 41.14113913255362 2.0625 1.3125 2.21875 2.75 3.0 2.53125 1.875 1.78125
57 2.0191496598639453 1.375 0.875 1.4791666666666667 1.8333333333333333 2.0 1.6875 1.25 1.1875
58 11.816027131782949 1.375 0.875 1.4791666666666667 1.8333333333333333 2.0 1.6875 1.25 1.1875
59 2.2352818627450985 2.0625 1.3125 2.21875 2.75 3.0 2.53125 1.875 1.78125
60 0.7540630360205836 1.375 0.875 1.4791666666666667 1.8333333333333333 2.0 1.6875 1.25 1.1875
61 12.181362781954888 1.375 0.875 1.4791666666666667 1.8333333333333333 2.0 1.6875 1.25 1.1875
62 5.32796967624259 1.375 0.875 1.4791666666666667 1.8333333333333333 2.0 1.6875 1.25 1.1875
63 0.28690245478036214 1.375 0.875 1.4791666666666667 1.8333333333333333 2.0 1.6875 1.25 1.1875
64 14.476988788936628 1.375 0.875 1.4791666666666667 1.8333333333333333 2.0 1.6875 1.25 1.1875
65 1.3533907981431568 2.0625 1.3125 2.21875 2.75 3.0 2.53125 1.875 1.78125
66 8.421875000000004 2.0625 1.3125 2.21875 2.75 3.0 2.53125 1.875 1.78125
67 36.477713259598275 1.375 0.875 1.4791666666666667 1.8333333333333333 2.0 1.6875 1.25 1.1875
68 16.0 1.375 0.875 1.4791666666666667 1.8333333333333333 2.0 1.6875 1.25 1.1875
69 6.928918562295568 2.0625 1.3125 2.21875 2.75 3.0 2.53125 1.875 1.78125
70 36.31198780717447 2.0625 1.3125 2.21875 2.75 3.0 2.53125 1.875 1.78125
71 46.0 2.0625 1.3125 2.21875 2.75 3.0 2.53125 1.875 1.78125
72 9.462857142857144 1.375 0.875 1.4791666666666667 1.8333333333333333 2.0 1.6875 1.25 1.1875
73 2.7023355263157898 2.0625 1.3125 2.21875 2.75 3.0 2.53125 1.875 1.78125
74 1.6745248538011697 1.375 0.875 1.4791666666666667 1.8333333333333333 2.0 1.6875 1.25 1.1875
75 4.988963171380884 2.0625 1.3125 2.21875 2.75 3.0 2.53125 1.875 1.78125
76 4.472222222222222 2.0625 1.3125 2.21875 2.75 3.0 2.53125 1.875 1.78125
77 2.6607210626185953 2.0625 1.3125 2.21875 2.75 3.0 2.53125 1.875 1.78125
78 23.71643054295221 2.0625 1.3125 2.21875 2.75 3.0 2.53125 1.875 1.78125
79 5.669196067090804 2.0625 1.3125 2.21875 2.75 3.0 2.53125 1.875 1.78125
80 28.177967821393597 1.375 0.875 1.4791666666666667 1.8333333333333333 2.0 1.6875 1.25 1.1875
81 12.135873169681311 1.375 0.875 1.4791666666666667 1.8333333333333333 2.0 1.6875 1.25 1.1875
82 60.68944216345533 1.375 0.875 1.4791666666666667 1.8333333333333333 2.0 1.6875 1.25 1.1875
83 19.7310029838809 1.375 0.875 1.4791666666666667 1.8333333333333333 2.0 1.6875 1.25 1.1875
84 32.18564206932773 2.0625 1.3125 2.21875 2.75 3.0 2.53125 1.875 1.78125
85 18.391825743361082 2.0625 1.3125 2.21875 2.75 3.0 2.53125 1.875 1.78125
86 48.0 2.0625 1.3125 2.21875 2.75 3.0 2.53125 1.875 1.78125
87 1.6510912698412703 1.375 0.875 1.4791666666666667 1.8333333333333333 2.0 1.6875 1.25 1.1875
88 6.941613408521305 1.375 0.875 1.4791666666666667 1.8333333333333333 2.0 1.6875 1.25 1.1875
89 11.694334795321637 1.375 0.875 1.4791666666666667 1.8333333333333333 2.0 1.6875 1.25 1.1875
90 4.952907659774436 2.0625 1.3125 2.21875 2.75 3.0 2.53125 1.875 1.78125
91 17.293975563909783 2.0625 1.3125 2.21875 2.75 3.0 2.53125 1.875 1.78125
92 19.45492662473795 1.375 0.875 1.4791666666666667 1.8333333333333333 2.0 1.6875 1.25 1.1875
93 7.276603856492971 2.0625 1.3125 2.21875 2.75 3.0 2.53125 1.875 1.78125
94 0.8076923076923077 1.375 0.875 1.4791666666666667 1.8333333333333333 2.0 1.6875 1.25 1.1875
95 32.06567007797271 1.375 0.875 1.4791666666666667 1.8333333333333333 2.0 1.6875 1.25 1.1875
96 72.0 1.375 0.875 1.4791666666666667 1.8333333333333333 2.0 1.6875 1.25 1.1875
97 1.798279411764706 2.0625 1.3125 2.21875 2.75 3.0 2.53125 1.875 1.78125
98 7.065963318631724 2.0625 1.3125 2.21875 2.75 3.0 2.53125 1.875 1.78125
99 0.2639925876010782 2.0625 1.3125 2.21875 2.75 3.0 2.53125 1.875 1.78125
