400 7
TREE NETWORK (nID nID Weight):
234 0 42
205 0 52
45 0 38
304 205 40
22 205 53
374 304 55
69 374 39
55 374 46
125 55 58
151 69 58
162 22 43
227 234 31
141 55 58
238 304 43
293 304 39
274 205 59
168 227 58
222 151 47
355 0 45
209 22 52
261 125 35
91 293 51
237 162 38
105 234 39
323 125 35
110 304 47
325 237 55
267 205 30
334 22 39
344 323 45
32 45 57
360 141 48
138 293 47
273 151 43
367 238 49
176 205 56
177 367 35
81 360 56
276 151 30
101 274 36
224 344 49
384 168 39
71 367 45
89 374 36
188 101 30
349 205 57
74 89 46
395 273 55
66 395 44
379 293 59
288 237 32
392 379 48
351 209 41
136 237 30
265 237 34
23 344 45
27 234 55
117 136 37
215 168 39
232 125 58
310 293 57
129 238 56
83 227 41
212 334 59
356 117 55
8 232 54
330 265 44
150 384 53
340 356 32
382 261 30
211 138 35
133 66 36
19 267 47
257 360 30
198 334 55
26 344 35
283 351 31
305 237 33
51 66 39
301 168 42
35 293 34
378 379 36
381 89 40
130 395 31
208 378 36
322 392 46
61 334 52
79 334 32
191 79 42
3 209 56
298 349 43
388 191 34
115 209 38
154 381 30
225 367 36
353 293 45
218 69 54
84 110 53
64 27 47
143 129 50
29 115 40
278 227 33
203 212 33
387 8 53
380 382 48
321 360 54
260 265 37
244 356 41
98 105 41
148 89 51
127 64 39
140 288 32
290 110 36
43 288 43
207 267 58
285 274 52
327 227 43
155 176 51
82 234 30
184 267 44
195 344 47
279 207 52
128 98 58
240 387 50
165 128 59
256 22 56
109 43 36
4 218 32
12 8 59
386 125 53
135 386 48
318 0 32
236 64 58
266 260 41
365 19 58
80 105 59
131 191 54
262 128 49
272 0 33
193 310 45
270 129 56
174 298 37
282 367 36
303 340 45
309 80 55
114 27 44
86 84 54
229 244 55
268 3 31
294 304 45
144 227 52
120 232 30
156 8 44
119 321 38
25 218 35
231 267 55
201 117 52
339 294 50
70 203 55
95 339 36
2 353 54
315 83 37
5 193 36
312 279 48
333 330 50
296 267 36
311 298 34
347 136 57
287 201 43
223 365 56
239 327 53
226 69 34
44 304 33
247 84 32
199 84 57
33 367 43
219 392 53
1 29 52
145 26 48
172 256 43
10 395 59
107 381 37
118 66 38
17 45 43
38 195 34
28 211 49
192 141 46
123 211 57
269 288 49
302 23 36
370 236 38
394 223 59
104 274 54
180 219 34
397 148 52
6 119 56
258 193 43
124 305 31
11 226 44
75 138 31
320 109 47
250 374 36
252 387 41
59 252 46
316 250 36
187 237 41
300 110 44
146 184 32
42 215 47
99 320 40
94 274 55
41 360 59
284 276 54
166 268 57
93 123 50
7 201 53
31 355 33
13 278 53
85 144 59
329 128 32
281 119 37
20 81 32
30 110 35
171 288 33
102 7 39
113 232 34
16 256 58
306 119 45
18 356 32
53 211 58
159 55 36
78 201 51
366 302 32
24 22 32
373 290 55
189 104 36
324 258 35
317 366 49
181 64 46
15 301 44
328 28 36
132 356 47
204 298 51
14 123 42
50 2 37
255 353 41
47 22 31
196 261 36
173 105 59
359 382 31
65 229 45
160 252 45
106 4 48
67 132 42
157 324 50
363 11 32
88 151 52
175 107 41
362 189 57
68 395 34
116 81 36
111 86 33
291 127 49
361 165 30
97 379 33
341 347 33
170 287 44
217 323 35
245 327 33
46 17 34
249 395 50
73 101 38
357 306 34
40 165 45
153 172 56
126 267 59
58 232 50
375 66 46
399 329 35
338 95 33
9 333 32
346 240 54
77 1 40
297 124 46
197 97 42
87 155 45
112 388 51
348 46 39
63 138 55
369 88 45
202 320 51
259 317 44
383 91 51
358 70 53
76 105 34
60 245 58
108 324 52
391 205 57
54 31 33
389 69 34
371 17 45
36 375 58
332 23 46
139 89 56
167 374 38
178 32 43
34 387 30
253 28 56
264 309 48
243 60 36
158 276 33
364 320 58
313 260 37
186 259 52
194 324 32
100 382 48
216 323 54
161 310 56
200 114 59
251 17 44
235 99 56
314 105 41
185 310 54
275 124 46
62 223 33
164 247 50
326 98 57
308 1 40
169 89 54
206 344 42
228 75 39
37 267 58
354 387 48
368 168 31
152 158 42
163 203 30
213 338 53
350 272 54
72 82 43
343 366 56
52 231 57
49 112 53
286 167 40
248 333 45
319 65 58
147 76 42
254 371 48
149 91 49
56 112 53
122 111 35
345 338 45
277 249 37
221 105 43
182 374 53
372 91 33
271 369 56
299 370 39
292 87 59
210 130 33
352 394 39
398 317 35
57 386 37
263 104 35
385 305 55
295 274 40
183 63 36
220 1 59
241 374 53
246 345 37
190 46 48
121 130 31
96 105 38
233 327 32
307 334 30
336 228 32
396 308 36
280 41 54
21 86 59
39 147 37
142 273 54
335 69 38
103 9 50
137 178 56
377 363 31
376 44 38
331 319 31
289 163 34
90 104 31
48 176 40
214 50 32
390 170 54
92 273 38
230 153 58
342 46 45
242 391 32
393 57 58
337 231 44
179 101 54
134 287 48
PROGRAMS ASSIGNED TO NODES (nID pID1 pID2 ...):
0 1 2 3 4 5 6 7
1 1 3 5 6 7
2 5
3 1 3 4 5 6
5 1 2 3 5 6 7
6 3 5
7 1 2 4 5 6 7
9 1 2 3 4 5 7
13 2 3 4 5 6 7
14 2 4 6
15 2 3 5 7
16 5
17 1 2 5 6 7
18 6 7
19 1 5
20 2 3 4 6 7
21 4 6 7
23 1 2 4 5 6 7
24 7
25 2 3 4 5 6 7
26 3
27 7
28 1 2 3 4 5 6
30 1 2
31 2 5 6
32 2 3 4 6 7
33 1 2 4 5 7
34 2 3 5
35 1 3 7
37 4 6 7
38 1 2 3 4 5 6
39 2 7
40 1 2 3 4
41 7
42 1 4 5 6
43 1 3 4
44 3 5
45 1 2 3 4 5
46 1 4 5 6 7
47 1 2 3 4 5 6
48 6
49 7
51 1
52 1 3 4 5 7
53 4
54 2 4 5 6
55 1 2 4 5 6 7
56 2 3 5 6
57 3 4 5 6
61 1 2 3 4 7
63 1 5 6
64 1 2 3 4 5
65 1 4 6 7
66 2 6
67 1 2 3 4 5 6
68 2 4 5 6
69 1 2 4
72 1 5 6 7
73 2 3 6
74 1 5 6
75 4
76 7
77 1 3 4 5 7
78 2 3 4 5 7
79 1 2 3 4 6 7
80 3
81 3 6
83 2 4 5 6 7
84 6
85 2 3 6 7
88 1
89 1 5
90 1 2 3
91 1 2 3 5 6
93 4 7
94 2 5 6 7
95 3
96 1 3 4 5 6
97 1 3 4
98 1 2 3 7
101 1 4 5 6
102 1 2 4 5 6 7
103 1
105 1 2 4 5 6 7
106 1 2
107 1 4 7
108 1 2 3 5
109 2 3 4
110 4 7
111 1 3 4 5 7
112 2 3 5 6
113 6
114 3
115 6 7
116 2
117 1 2 3 6
118 4 5 6 7
119 6
121 1 2 3 4 5 6
122 1 2 4 6 7
123 4 6
124 1 2 3 4 5 7
125 2 4
126 2 3
127 1 2 3 5 6
128 2 4 5 6
129 7
130 1 2 3 4 5 6
131 5
132 2 4 7
134 1 2 5 6 7
135 1
136 2 3 5 6 7
137 4
138 1 2 4 5 6
139 2 3
140 1 2 3 6 7
141 1 2 3 6
143 1 2 3 5 7
144 1 4 5 6 7
145 1 7
146 3 5
147 7
148 1 3 5 7
150 2
151 3 5
152 1 2 3 4 5 6
153 1 4 5 6 7
155 5
156 3
157 3 5 6
158 1 2 3 6 7
159 3 4 5
160 5 6
161 1
162 6
164 1 3 5 6
165 2 3 4 7
166 3 4
167 3 6
168 1 2 3 4 5 6
169 2 3 4 5 6
170 1 3 5
171 3 4 6
172 1 2
173 1 3 4
174 1 7
175 4
176 2 3 5 6 7
177 1 2 3
180 1 2 4 5 7
182 2 3 4 6 7
183 1 4 7
185 3 5
186 2 3 4 5 6 7
187 2 3 4 5 7
188 4 6 7
190 3 4
191 1 4 5 6 7
192 2 3
193 1 2 3 4 6 7
194 1 2 3 4 5 7
195 5
196 1 2 3 5 6 7
198 2 4 5 6 7
199 1 2 4 6 7
201 1 2 3 4 5
202 2 4 5 6 7
203 2 4 7
204 4
206 2 4 6 7
207 4 6
208 1 2 4
210 2 3 7
211 4 5 6
212 5
213 2
214 2 5 6
215 1
216 3 6
217 1 3 4 7
219 1 2 3 5 6 7
220 3 4 5 7
221 1 3 4 5 6 7
223 1 2 3 4 6 7
224 6
225 5
226 1 2 4 5 6 7
228 1
229 1 2 3 4 6 7
230 1 2 3 4 6
231 1 2 3 4 5 7
233 1 6
234 4 5 7
236 1 2 5 6 7
237 1 5
238 1 3 4 5 6
239 1 3 4 5 6
240 2 4 5
242 2 3 5
243 2 5 7
244 1 3 4 5 6
245 1 3 5
247 2 3 5 6 7
248 1 4 5 6 7
250 2 4 6
251 1 2 3 4 6
253 1 2 3 4 5 6
255 2 4 5 6 7
256 5 7
257 5 7
258 2
260 1 2 3 6
263 5
265 1 6 7
266 2 3 4 7
268 1
269 1 5 6 7
270 4 5
271 1 3 6 7
272 1 2 3 4 6 7
273 2 4 7
274 1 2 3
276 1 3 4 5 6 7
277 2 5
279 2 7
280 5
281 1 6 7
282 5
283 3 5 6 7
284 1 5
285 1 7
286 1 2 5 6 7
287 1 5 6
288 6
289 1 7
290 2 3 4 5 7
291 2 3 5 6
292 1 2 3 4 7
293 7
294 1 3 5
296 1 4 5
297 1 4 5
298 5
299 3 4
300 2
301 2 4
302 1 3 4 5 6 7
304 1 2 4 5 7
306 1 2 7
308 3 5 6 7
309 4 7
310 1 3
311 1 3 4 6 7
312 4 6
313 2 3 4 5 7
315 3 4 6
317 1 2 3 4 5 6
318 2 3 4 5 6 7
319 3 6 7
320 5 6
321 1 2
322 1 2 3 5 6
323 1 2 3 4 5 6
324 2
325 2 6
326 1 2 4 5 7
327 2 4 5
328 2 5 6 7
329 1 2 3 6
331 2 4
332 1 2 5 7
335 1 2 3 4 6
336 1 4 5
337 2 3 5 6 7
338 7
340 2
342 1 4 6 7
343 1 5 6
344 7
346 2 3 6 7
347 1 2 3 4 6 7
348 1 2 3 6 7
349 1 2 3 4 5 6
351 1 4 5 6
353 1 2 5 6
354 2 4 5 7
355 2 3 4 5 6 7
356 2 5 6
357 2 4
358 1 3 4
359 1 3 6 7
361 3 4 5
362 1 2 3 4 7
363 2 5
366 1 2 3 4 5 6
367 1 3 4 5 6 7
368 1 5 6
369 2 4 5 6 7
370 1 4 5
371 1 2 6 7
372 3 4
373 1 3 4 5 6
375 4 5 6 7
376 1 2 4
377 5
378 1 2 3 4 6
379 2 3 5 6
381 1 2 3 5 6 7
382 1 2 3 4 6 7
383 2 5 6 7
385 1 7
386 1 3 4 5 6 7
387 2 5
388 2 3 5
389 1 2 3 4 5
390 1 2 3 4 5
391 2 6
392 1 4 5 6 7
393 4
394 1 2 5 6 7
395 3 6
396 1 2 3 4 5 7
398 3 7
399 1 2 3 5 6 7
SIZE OF PROGRAMS (pID SIZE):
1 66.0
2 67.0
3 43.0
4 55.0
5 65.0
6 46.0
7 88.0
COST TO INSTALL SERVERS AND PROGRAMS ON NODES (COST_TO_INSTALL_SERVER COST_TO_INSTALL_pID1 ...):
0 1977.2727272727275 1.5 1.5227272727272727 0.9772727272727273 1.25 1.4772727272727273 1.0454545454545454 2.0
1 10.173141462559286 1.5 1.5227272727272727 0.9772727272727273 1.25 1.4772727272727273 1.0454545454545454 2.0
2 1.5643576793576794 1.5 1.5227272727272727 0.9772727272727273 1.25 1.4772727272727273 1.0454545454545454 2.0
3 8.664342732738955 2.25 2.284090909090909 1.4659090909090908 1.875 2.215909090909091 1.5681818181818181 3.0
4 1.530761622636623 1.5 1.5227272727272727 0.9772727272727273 1.25 1.4772727272727273 1.0454545454545454 2.0
5 4.300814317261687 1.5 1.5227272727272727 0.9772727272727273 1.25 1.4772727272727273 1.0454545454545454 2.0
6 7.590520483094066 1.5 1.5227272727272727 0.9772727272727273 1.25 1.4772727272727273 1.0454545454545454 2.0
7 24.39126170093895 1.5 1.5227272727272727 0.9772727272727273 1.25 1.4772727272727273 1.0454545454545454 2.0
8 16.06537140520649 1.5 1.5227272727272727 0.9772727272727273 1.25 1.4772727272727273 1.0454545454545454 2.0
9 34.16659907661895 1.5 1.5227272727272727 0.9772727272727273 1.25 1.4772727272727273 1.0454545454545454 2.0
10 55.0 2.25 2.284090909090909 1.4659090909090908 1.875 2.215909090909091 1.5681818181818181 3.0
11 6.719019607843138 1.5 1.5227272727272727 0.9772727272727273 1.25 1.4772727272727273 1.0454545454545454 2.0
12 30.0 1.5 1.5227272727272727 0.9772727272727273 1.25 1.4772727272727273 1.0454545454545454 2.0
13 9.989127822877064 2.25 2.284090909090909 1.4659090909090908 1.875 2.215909090909091 1.5681818181818181 3.0
14 13.945269735863238 1.5 1.5227272727272727 0.9772727272727273 1.25 1.4772727272727273 1.0454545454545454 2.0
15 7.6626489750516456 1.5 1.5227272727272727 0.9772727272727273 1.25 1.4772727272727273 1.0454545454545454 2.0
16 0.2541909944317231 2.25 2.284090909090909 1.4659090909090908 1.875 2.215909090909091 1.5681818181818181 3.0
17 4.040071770334926 1.5 1.5227272727272727 0.9772727272727273 1.25 1.4772727272727273 1.0454545454545454 2.0
18 10.146290787600082 1.5 1.5227272727272727 0.9772727272727273 1.25 1.4772727272727273 1.0454545454545454 2.0
19 2.19787730000496 1.5 1.5227272727272727 0.9772727272727273 1.25 1.4772727272727273 1.0454545454545454 2.0
20 41.47106495994427 1.5 1.5227272727272727 0.9772727272727273 1.25 1.4772727272727273 1.0454545454545454 2.0
21 5.672498204987521 2.25 2.284090909090909 1.4659090909090908 1.875 2.215909090909091 1.5681818181818181 3.0
22 1.6802637221269308 2.25 2.284090909090909 1.4659090909090908 1.875 2.215909090909091 1.5681818181818181 3.0
23 58.828347108913086 2.25 2.284090909090909 1.4659090909090908 1.875 2.215909090909091 1.5681818181818181 3.0
24 0.4102685050798258 1.5 1.5227272727272727 0.9772727272727273 1.25 1.4772727272727273 1.0454545454545454 2.0
25 15.783246753246754 1.5 1.5227272727272727 0.9772727272727273 1.25 1.4772727272727273 1.0454545454545454 2.0
26 10.896230816701207 1.5 1.5227272727272727 0.9772727272727273 1.25 1.4772727272727273 1.0454545454545454 2.0
27 4.970129870129868 1.5 1.5227272727272727 0.9772727272727273 1.25 1.4772727272727273 1.0454545454545454 2.0
28 21.65807223425005 2.25 2.284090909090909 1.4659090909090908 1.875 2.215909090909091 1.5681818181818181 3.0
29 23.24231654641287 2.25 2.284090909090909 1.4659090909090908 1.875 2.215909090909091 1.5681818181818181 3.0
30 6.116764618360362 2.25 2.284090909090909 1.4659090909090908 1.875 2.215909090909091 1.5681818181818181 3.0
31 3.4714646464646464 1.5 1.5227272727272727 0.9772727272727273 1.25 1.4772727272727273 1.0454545454545454 2.0
32 0.29208532695374817 2.25 2.284090909090909 1.4659090909090908 1.875 2.215909090909091 1.5681818181818181 3.0
33 24.525518357611386 2.25 2.284090909090909 1.4659090909090908 1.875 2.215909090909091 1.5681818181818181 3.0
34 24.785763292989927 1.5 1.5227272727272727 0.9772727272727273 1.25 1.4772727272727273 1.0454545454545454 2.0
35 10.91650932400933 2.25 2.284090909090909 1.4659090909090908 1.875 2.215909090909091 1.5681818181818181 3.0
36 42.0 1.5 1.5227272727272727 0.9772727272727273 1.25 1.4772727272727273 1.0454545454545454 2.0
37 7.56311429949361 1.5 1.5227272727272727 0.9772727272727273 1.25 1.4772727272727273 1.0454545454545454 2.0
38 30.511360829737775 2.25 2.284090909090909 1.4659090909090908 1.875 2.215909090909091 1.5681818181818181 3.0
39 7.184925280513515 1.5 1.5227272727272727 0.9772727272727273 1.25 1.4772727272727273 1.0454545454545454 2.0
40 15.549498619096022 2.25 2.284090909090909 1.4659090909090908 1.875 2.215909090909091 1.5681818181818181 3.0
41 12.326432253456653 2.25 2.284090909090909 1.4659090909090908 1.875 2.215909090909091 1.5681818181818181 3.0
42 2.2619841380308094 1.5 1.5227272727272727 0.9772727272727273 1.25 1.4772727272727273 1.0454545454545454 2.0
43 5.136300051735751 1.5 1.5227272727272727 0.9772727272727273 1.25 1.4772727272727273 1.0454545454545454 2.0
44 11.173022533022532 2.25 2.284090909090909 1.4659090909090908 1.875 2.215909090909091 1.5681818181818181 3.0
45 1.1187200956937795 1.5 1.5227272727272727 0.9772727272727273 1.25 1.4772727272727273 1.0454545454545454 2.0
46 23.585367998874187 1.5 1.5227272727272727 0.9772727272727273 1.25 1.4772727272727273 1.0454545454545454 2.0
47 8.32767513983278 2.25 2.284090909090909 1.4659090909090908 1.875 2.215909090909091 1.5681818181818181 3.0
48 0.18105894105894105 1.5 1.5227272727272727 0.9772727272727273 1.25 1.4772727272727273 1.0454545454545454 2.0
49 1.4428436251133254 1.5 1.5227272727272727 0.9772727272727273 1.25 1.4772727272727273 1.0454545454545454 2.0
50 15.666911281911283 2.25 2.284090909090909 1.4659090909090908 1.875 2.215909090909091 1.5681818181818181 3.0
51 1.0626660909259145 2.25 2.284090909090909 1.4659090909090908 1.875 2.215909090909091 1.5681818181818181 3.0
52 9.006103136629454 1.5 1.5227272727272727 0.9772727272727273 1.25 1.4772727272727273 1.0454545454545454 2.0
53 3.769719550442221 1.5 1.5227272727272727 0.9772727272727273 1.25 1.4772727272727273 1.0454545454545454 2.0
54 10.220227272727271 2.25 2.284090909090909 1.4659090909090908 1.875 2.215909090909091 1.5681818181818181 3.0
55 20.987994071146247 2.25 2.284090909090909 1.4659090909090908 1.875 2.215909090909091 1.5681818181818181 3.0
56 16.861843247161644 2.25 2.284090909090909 1.4659090909090908 1.875 2.215909090909091 1.5681818181818181 3.0
57 2.6033202181026147 1.5 1.5227272727272727 0.9772727272727273 1.25 1.4772727272727273 1.0454545454545454 2.0
58 109.0 1.5 1.5227272727272727 0.9772727272727273 1.25 1.4772727272727273 1.0454545454545454 2.0
59 36.0 2.25 2.284090909090909 1.4659090909090908 1.875 2.215909090909091 1.5681818181818181 3.0
60 19.474280823900557 1.5 1.5227272727272727 0.9772727272727273 1.25 1.4772727272727273 1.0454545454545454 2.0
61 9.35555152394775 2.25 2.284090909090909 1.4659090909090908 1.875 2.215909090909091 1.5681818181818181 3.0
62 36.0 2.25 2.284090909090909 1.4659090909090908 1.875 2.215909090909091 1.5681818181818181 3.0
63 10.43318289275736 2.25 2.284090909090909 1.4659090909090908 1.875 2.215909090909091 1.5681818181818181 3.0
64 10.664203969789076 2.25 2.284090909090909 1.4659090909090908 1.875 2.215909090909091 1.5681818181818181 3.0
65 18.46248883919768 1.5 1.5227272727272727 0.9772727272727273 1.25 1.4772727272727273 1.0454545454545454 2.0
66 38.127424385958854 1.5 1.5227272727272727 0.9772727272727273 1.25 1.4772727272727273 1.0454545454545454 2.0
67 14.718364107409244 2.25 2.284090909090909 1.4659090909090908 1.875 2.215909090909091 1.5681818181818181 3.0
68 16.54923043330869 2.25 2.284090909090909 1.4659090909090908 1.875 2.215909090909091 1.5681818181818181 3.0
69 16.822872960372965 2.25 2.284090909090909 1.4659090909090908 1.875 2.215909090909091 1.5681818181818181 3.0
70 1.7457217422807443 1.5 1.5227272727272727 0.9772727272727273 1.25 1.4772727272727273 1.0454545454545454 2.0
71 36.0 2.25 2.284090909090909 1.4659090909090908 1.875 2.215909090909091 1.5681818181818181 3.0
72 1.528292056780429 1.5 1.5227272727272727 0.9772727272727273 1.25 1.4772727272727273 1.0454545454545454 2.0
73 7.449810099207957 2.25 2.284090909090909 1.4659090909090908 1.875 2.215909090909091 1.5681818181818181 3.0
74 1.5788793452923884 1.5 1.5227272727272727 0.9772727272727273 1.25 1.4772727272727273 1.0454545454545454 2.0
75 14.120787829192082 2.25 2.284090909090909 1.4659090909090908 1.875 2.215909090909091 1.5681818181818181 3.0
76 5.320335301952948 2.25 2.284090909090909 1.4659090909090908 1.875 2.215909090909091 1.5681818181818181 3.0
77 4.125715342254567 1.5 1.5227272727272727 0.9772727272727273 1.25 1.4772727272727273 1.0454545454545454 2.0
78 37.24736436882271 2.25 2.284090909090909 1.4659090909090908 1.875 2.215909090909091 1.5681818181818181 3.0
79 22.258515168008092 2.25 2.284090909090909 1.4659090909090908 1.875 2.215909090909091 1.5681818181818181 3.0
80 5.108020157808293 2.25 2.284090909090909 1.4659090909090908 1.875 2.215909090909091 1.5681818181818181 3.0
81 13.733116198935171 2.25 2.284090909090909 1.4659090909090908 1.875 2.215909090909091 1.5681818181818181 3.0
82 6.384090909090908 1.5 1.5227272727272727 0.9772727272727273 1.25 1.4772727272727273 1.0454545454545454 2.0
83 17.11133783604279 1.5 1.5227272727272727 0.9772727272727273 1.25 1.4772727272727273 1.0454545454545454 2.0
84 4.865013804942548 2.25 2.284090909090909 1.4659090909090908 1.875 2.215909090909091 1.5681818181818181 3.0
85 9.933147452146903 2.25 2.284090909090909 1.4659090909090908 1.875 2.215909090909091 1.5681818181818181 3.0
86 33.60981992242782 1.5 1.5227272727272727 0.9772727272727273 1.25 1.4772727272727273 1.0454545454545454 2.0
87 13.742373351049824 1.5 1.5227272727272727 0.9772727272727273 1.25 1.4772727272727273 1.0454545454545454 2.0
88 13.610445301824614 2.25 2.284090909090909 1.4659090909090908 1.875 2.215909090909091 1.5681818181818181 3.0
89 17.40547785547786 1.5 1.5227272727272727 0.9772727272727273 1.25 1.4772727272727273 1.0454545454545454 2.0
90 7.908693119245335 2.25 2.284090909090909 1.4659090909090908 1.875 2.215909090909091 1.5681818181818181 3.0
91 2.870351707116413 1.5 1.5227272727272727 0.9772727272727273 1.25 1.4772727272727273 1.0454545454545454 2.0
92 91.0 2.25 2.284090909090909 1.4659090909090908 1.875 2.215909090909091 1.5681818181818181 3.0
93 14.749674656499403 1.5 1.5227272727272727 0.9772727272727273 1.25 1.4772727272727273 1.0454545454545454 2.0
94 4.852836908853858 2.25 2.284090909090909 1.4659090909090908 1.875 2.215909090909091 1.5681818181818181 3.0
95 1.5867692307692314 2.25 2.284090909090909 1.4659090909090908 1.875 2.215909090909091 1.5681818181818181 3.0
96 11.182403123192595 1.5 1.5227272727272727 0.9772727272727273 1.25 1.4772727272727273 1.0454545454545454 2.0
97 11.574809766504682 2.25 2.284090909090909 1.4659090909090908 1.875 2.215909090909091 1.5681818181818181 3.0
98 15.934640055066883 1.5 1.5227272727272727 0.9772727272727273 1.25 1.4772727272727273 1.0454545454545454 2.0
99 52.0 2.25 2.284090909090909 1.4659090909090908 1.875 2.215909090909091 1.5681818181818181 3.0
100 101.0 1.5 1.5227272727272727 0.9772727272727273 1.25 1.4772727272727273 1.0454545454545454 2.0
101 7.705631938682788 2.25 2.284090909090909 1.4659090909090908 1.875 2.215909090909091 1.5681818181818181 3.0
102 7.315968133291868 1.5 1.5227272727272727 0.9772727272727273 1.25 1.4772727272727273 1.0454545454545454 2.0
103 7.00794965092819 2.25 2.284090909090909 1.4659090909090908 1.875 2.215909090909091 1.5681818181818181 3.0
104 8.243080460029613 1.5 1.5227272727272727 0.9772727272727273 1.25 1.4772727272727273 1.0454545454545454 2.0
105 1.149100899100899 1.5 1.5227272727272727 0.9772727272727273 1.25 1.4772727272727273 1.0454545454545454 2.0
106 1.807844955969956 1.5 1.5227272727272727 0.9772727272727273 1.25 1.4772727272727273 1.0454545454545454 2.0
107 19.208669727419725 2.25 2.284090909090909 1.4659090909090908 1.875 2.215909090909091 1.5681818181818181 3.0
108 34.263392760849925 1.5 1.5227272727272727 0.9772727272727273 1.25 1.4772727272727273 1.0454545454545454 2.0
109 35.98218499689394 1.5 1.5227272727272727 0.9772727272727273 1.25 1.4772727272727273 1.0454545454545454 2.0
110 3.039542106829341 2.25 2.284090909090909 1.4659090909090908 1.875 2.215909090909091 1.5681818181818181 3.0
111 30.896273438821616 2.25 2.284090909090909 1.4659090909090908 1.875 2.215909090909091 1.5681818181818181 3.0
112 11.019182417656335 2.25 2.284090909090909 1.4659090909090908 1.875 2.215909090909091 1.5681818181818181 3.0
113 0.576467254854679 1.5 1.5227272727272727 0.9772727272727273 1.25 1.4772727272727273 1.0454545454545454 2.0
114 0.13169913419913423 2.25 2.284090909090909 1.4659090909090908 1.875 2.215909090909091 1.5681818181818181 3.0
115 4.794382721300549 2.25 2.284090909090909 1.4659090909090908 1.875 2.215909090909091 1.5681818181818181 3.0
116 0.8962619616349002 2.25 2.284090909090909 1.4659090909090908 1.875 2.215909090909091 1.5681818181818181 3.0
117 45.79838715146559 1.5 1.5227272727272727 0.9772727272727273 1.25 1.4772727272727273 1.0454545454545454 2.0
118 4.395429714912896 1.5 1.5227272727272727 0.9772727272727273 1.25 1.4772727272727273 1.0454545454545454 2.0
119 44.99595794942619 1.5 1.5227272727272727 0.9772727272727273 1.25 1.4772727272727273 1.0454545454545454 2.0
120 30.0 2.25 2.284090909090909 1.4659090909090908 1.875 2.215909090909091 1.5681818181818181 3.0
121 6.05879827986898 2.25 2.284090909090909 1.4659090909090908 1.875 2.215909090909091 1.5681818181818181 3.0
122 41.78645344772737 1.5 1.5227272727272727 0.9772727272727273 1.25 1.4772727272727273 1.0454545454545454 2.0
123 8.796395989229138 1.5 1.5227272727272727 0.9772727272727273 1.25 1.4772727272727273 1.0454545454545454 2.0
124 29.944334794868375 2.25 2.284090909090909 1.4659090909090908 1.875 2.215909090909091 1.5681818181818181 3.0
125 16.067494639917808 1.5 1.5227272727272727 0.9772727272727273 1.25 1.4772727272727273 1.0454545454545454 2.0
126 1.6884651600753293 2.25 2.284090909090909 1.4659090909090908 1.875 2.215909090909091 1.5681818181818181 3.0
127 17.727868868719934 1.5 1.5227272727272727 0.9772727272727273 1.25 1.4772727272727273 1.0454545454545454 2.0
128 6.613336568813862 1.5 1.5227272727272727 0.9772727272727273 1.25 1.4772727272727273 1.0454545454545454 2.0
129 18.83760677860346 2.25 2.284090909090909 1.4659090909090908 1.875 2.215909090909091 1.5681818181818181 3.0
130 29.595780049575943 2.25 2.284090909090909 1.4659090909090908 1.875 2.215909090909091 1.5681818181818181 3.0
131 4.469029071033788 1.5 1.5227272727272727 0.9772727272727273 1.25 1.4772727272727273 1.0454545454545454 2.0
132 15.940704028659088 1.5 1.5227272727272727 0.9772727272727273 1.25 1.4772727272727273 1.0454545454545454 2.0
133 57.0 1.5 1.5227272727272727 0.9772727272727273 1.25 1.4772727272727273 1.0454545454545454 2.0
134 25.501757134156726 2.25 2.284090909090909 1.4659090909090908 1.875 2.215909090909091 1.5681818181818181 3.0
135 4.6873364587662625 1.5 1.5227272727272727 0.9772727272727273 1.25 1.4772727272727273 1.0454545454545454 2.0
136 17.75192335180542 2.25 2.284090909090909 1.4659090909090908 1.875 2.215909090909091 1.5681818181818181 3.0
137 0.2798493326339104 2.25 2.284090909090909 1.4659090909090908 1.875 2.215909090909091 1.5681818181818181 3.0
138 11.653990601596984 2.25 2.284090909090909 1.4659090909090908 1.875 2.215909090909091 1.5681818181818181 3.0
139 0.9385225885225884 1.5 1.5227272727272727 0.9772727272727273 1.25 1.4772727272727273 1.0454545454545454 2.0
140 27.58820123732452 2.25 2.284090909090909 1.4659090909090908 1.875 2.215909090909091 1.5681818181818181 3.0
141 7.610918513645277 1.5 1.5227272727272727 0.9772727272727273 1.25 1.4772727272727273 1.0454545454545454 2.0
142 106.0 2.25 2.284090909090909 1.4659090909090908 1.875 2.215909090909091 1.5681818181818181 3.0
143 25.368758930991493 1.5 1.5227272727272727 0.9772727272727273 1.25 1.4772727272727273 1.0454545454545454 2.0
144 10.737644076353755 1.5 1.5227272727272727 0.9772727272727273 1.25 1.4772727272727273 1.0454545454545454 2.0
145 11.936206757732247 1.5 1.5227272727272727 0.9772727272727273 1.25 1.4772727272727273 1.0454545454545454 2.0
146 3.390681818181818 2.25 2.284090909090909 1.4659090909090908 1.875 2.215909090909091 1.5681818181818181 3.0
147 1.0630043975632208 2.25 2.284090909090909 1.4659090909090908 1.875 2.215909090909091 1.5681818181818181 3.0
148 9.91765620000914 2.25 2.284090909090909 1.4659090909090908 1.875 2.215909090909091 1.5681818181818181 3.0
149 22.0 1.5 1.5227272727272727 0.9772727272727273 1.25 1.4772727272727273 1.0454545454545454 2.0
150 3.8226439321377086 1.5 1.5227272727272727 0.9772727272727273 1.25 1.4772727272727273 1.0454545454545454 2.0
151 6.888995056667472 2.25 2.284090909090909 1.4659090909090908 1.875 2.215909090909091 1.5681818181818181 3.0
152 47.346360806681 1.5 1.5227272727272727 0.9772727272727273 1.25 1.4772727272727273 1.0454545454545454 2.0
153 16.24829415867152 2.25 2.284090909090909 1.4659090909090908 1.875 2.215909090909091 1.5681818181818181 3.0
154 108.0 1.5 1.5227272727272727 0.9772727272727273 1.25 1.4772727272727273 1.0454545454545454 2.0
155 3.1678036249464823 1.5 1.5227272727272727 0.9772727272727273 1.25 1.4772727272727273 1.0454545454545454 2.0
156 3.5385472706537175 1.5 1.5227272727272727 0.9772727272727273 1.25 1.4772727272727273 1.0454545454545454 2.0
157 2.2695628367280754 2.25 2.284090909090909 1.4659090909090908 1.875 2.215909090909091 1.5681818181818181 3.0
158 20.29348725986657 2.25 2.284090909090909 1.4659090909090908 1.875 2.215909090909091 1.5681818181818181 3.0
159 5.0889868163237715 1.5 1.5227272727272727 0.9772727272727273 1.25 1.4772727272727273 1.0454545454545454 2.0
160 8.106893121989208 2.25 2.284090909090909 1.4659090909090908 1.875 2.215909090909091 1.5681818181818181 3.0
161 0.46980046269519965 2.25 2.284090909090909 1.4659090909090908 1.875 2.215909090909091 1.5681818181818181 3.0
162 16.194468267581478 1.5 1.5227272727272727 0.9772727272727273 1.25 1.4772727272727273 1.0454545454545454 2.0
163 1.6976086279140326 2.25 2.284090909090909 1.4659090909090908 1.875 2.215909090909091 1.5681818181818181 3.0
164 6.70126910724763 2.25 2.284090909090909 1.4659090909090908 1.875 2.215909090909091 1.5681818181818181 3.0
165 19.063951857712254 2.25 2.284090909090909 1.4659090909090908 1.875 2.215909090909091 1.5681818181818181 3.0
166 6.829441251888958 2.25 2.284090909090909 1.4659090909090908 1.875 2.215909090909091 1.5681818181818181 3.0
167 9.54658828014091 1.5 1.5227272727272727 0.9772727272727273 1.25 1.4772727272727273 1.0454545454545454 2.0
168 10.33131118510707 1.5 1.5227272727272727 0.9772727272727273 1.25 1.4772727272727273 1.0454545454545454 2.0
169 2.0594560994560993 2.25 2.284090909090909 1.4659090909090908 1.875 2.215909090909091 1.5681818181818181 3.0
170 31.817680135619206 2.25 2.284090909090909 1.4659090909090908 1.875 2.215909090909091 1.5681818181818181 3.0
171 14.09220801195986 2.25 2.284090909090909 1.4659090909090908 1.875 2.215909090909091 1.5681818181818181 3.0
172 16.49163101049894 2.25 2.284090909090909 1.4659090909090908 1.875 2.215909090909091 1.5681818181818181 3.0
173 4.297367039739921 1.5 1.5227272727272727 0.9772727272727273 1.25 1.4772727272727273 1.0454545454545454 2.0
174 0.9906850358502743 1.5 1.5227272727272727 0.9772727272727273 1.25 1.4772727272727273 1.0454545454545454 2.0
175 4.748051991954432 1.5 1.5227272727272727 0.9772727272727273 1.25 1.4772727272727273 1.0454545454545454 2.0
176 5.248813686313685 1.5 1.5227272727272727 0.9772727272727273 1.25 1.4772727272727273 1.0454545454545454 2.0
177 8.698828082216787 2.25 2.284090909090909 1.4659090909090908 1.875 2.215909090909091 1.5681818181818181 3.0
178 1.4648102815177477 1.5 1.5227272727272727 0.9772727272727273 1.25 1.4772727272727273 1.0454545454545454 2.0
179 84.0 2.25 2.284090909090909 1.4659090909090908 1.875 2.215909090909091 1.5681818181818181 3.0
180 19.683509630960366 1.5 1.5227272727272727 0.9772727272727273 1.25 1.4772727272727273 1.0454545454545454 2.0
181 84.0 2.25 2.284090909090909 1.4659090909090908 1.875 2.215909090909091 1.5681818181818181 3.0
182 13.42235420240137 1.5 1.5227272727272727 0.9772727272727273 1.25 1.4772727272727273 1.0454545454545454 2.0
183 12.918341516639387 2.25 2.284090909090909 1.4659090909090908 1.875 2.215909090909091 1.5681818181818181 3.0
184 0.444965034965035 2.25 2.284090909090909 1.4659090909090908 1.875 2.215909090909091 1.5681818181818181 3.0
185 0.7759072506440928 2.25 2.284090909090909 1.4659090909090908 1.875 2.215909090909091 1.5681818181818181 3.0
186 9.526318404650494 2.25 2.284090909090909 1.4659090909090908 1.875 2.215909090909091 1.5681818181818181 3.0
187 7.575461157047569 1.5 1.5227272727272727 0.9772727272727273 1.25 1.4772727272727273 1.0454545454545454 2.0
188 4.180688188929714 2.25 2.284090909090909 1.4659090909090908 1.875 2.215909090909091 1.5681818181818181 3.0
189 14.405919326540797 2.25 2.284090909090909 1.4659090909090908 1.875 2.215909090909091 1.5681818181818181 3.0
190 0.7554764016433324 1.5 1.5227272727272727 0.9772727272727273 1.25 1.4772727272727273 1.0454545454545454 2.0
191 14.458831557593346 1.5 1.5227272727272727 0.9772727272727273 1.25 1.4772727272727273 1.0454545454545454 2.0
192 8.467484526967285 1.5 1.5227272727272727 0.9772727272727273 1.25 1.4772727272727273 1.0454545454545454 2.0
193 3.2485196090459256 2.25 2.284090909090909 1.4659090909090908 1.875 2.215909090909091 1.5681818181818181 3.0
194 49.59952446224871 2.25 2.284090909090909 1.4659090909090908 1.875 2.215909090909091 1.5681818181818181 3.0
195 12.519707380177865 1.5 1.5227272727272727 0.9772727272727273 1.25 1.4772727272727273 1.0454545454545454 2.0
196 11.26110913431539 2.25 2.284090909090909 1.4659090909090908 1.875 2.215909090909091 1.5681818181818181 3.0
197 86.0 1.5 1.5227272727272727 0.9772727272727273 1.25 1.4772727272727273 1.0454545454545454 2.0
198 1.535363174561288 2.25 2.284090909090909 1.4659090909090908 1.875 2.215909090909091 1.5681818181818181 3.0
199 11.04990649058567 1.5 1.5227272727272727 0.9772727272727273 1.25 1.4772727272727273 1.0454545454545454 2.0
200 21.0 1.5 1.5227272727272727 0.9772727272727273 1.25 1.4772727272727273 1.0454545454545454 2.0
201 41.5159088887552 2.25 2.284090909090909 1.4659090909090908 1.875 2.215909090909091 1.5681818181818181 3.0
202 24.585565942357423 2.25 2.284090909090909 1.4659090909090908 1.875 2.215909090909091 1.5681818181818181 3.0
203 10.630280620402942 2.25 2.284090909090909 1.4659090909090908 1.875 2.215909090909091 1.5681818181818181 3.0
204 1.5030634370309652 2.25 2.284090909090909 1.4659090909090908 1.875 2.215909090909091 1.5681818181818181 3.0
205 39.0 2.25 2.284090909090909 1.4659090909090908 1.875 2.215909090909091 1.5681818181818181 3.0
206 25.429440990460485 2.25 2.284090909090909 1.4659090909090908 1.875 2.215909090909091 1.5681818181818181 3.0
207 6.026010770838357 1.5 1.5227272727272727 0.9772727272727273 1.25 1.4772727272727273 1.0454545454545454 2.0
208 7.125192077225974 2.25 2.284090909090909 1.4659090909090908 1.875 2.215909090909091 1.5681818181818181 3.0
209 5.995546905924264 2.25 2.284090909090909 1.4659090909090908 1.875 2.215909090909091 1.5681818181818181 3.0
210 20.814093855028748 2.25 2.284090909090909 1.4659090909090908 1.875 2.215909090909091 1.5681818181818181 3.0
211 9.384028870066107 1.5 1.5227272727272727 0.9772727272727273 1.25 1.4772727272727273 1.0454545454545454 2.0
212 5.405333138240078 1.5 1.5227272727272727 0.9772727272727273 1.25 1.4772727272727273 1.0454545454545454 2.0
213 0.8663824603069887 2.25 2.284090909090909 1.4659090909090908 1.875 2.215909090909091 1.5681818181818181 3.0
214 15.610132562632563 1.5 1.5227272727272727 0.9772727272727273 1.25 1.4772727272727273 1.0454545454545454 2.0
215 15.915304050787924 1.5 1.5227272727272727 0.9772727272727273 1.25 1.4772727272727273 1.0454545454545454 2.0
216 7.8053566888624335 2.25 2.284090909090909 1.4659090909090908 1.875 2.215909090909091 1.5681818181818181 3.0
217 17.11189387823571 1.5 1.5227272727272727 0.9772727272727273 1.25 1.4772727272727273 1.0454545454545454 2.0
218 3.116692566692567 2.25 2.284090909090909 1.4659090909090908 1.875 2.215909090909091 1.5681818181818181 3.0
219 38.75182092551677 2.25 2.284090909090909 1.4659090909090908 1.875 2.215909090909091 1.5681818181818181 3.0
220 3.0646573278857883 1.5 1.5227272727272727 0.9772727272727273 1.25 1.4772727272727273 1.0454545454545454 2.0
221 3.404228122375962 2.25 2.284090909090909 1.4659090909090908 1.875 2.215909090909091 1.5681818181818181 3.0
222 107.0 2.25 2.284090909090909 1.4659090909090908 1.875 2.215909090909091 1.5681818181818181 3.0
223 12.974898136224256 1.5 1.5227272727272727 0.9772727272727273 1.25 1.4772727272727273 1.0454545454545454 2.0
224 0.6371184097785083 2.25 2.284090909090909 1.4659090909090908 1.875 2.215909090909091 1.5681818181818181 3.0
225 0.604144134750447 1.5 1.5227272727272727 0.9772727272727273 1.25 1.4772727272727273 1.0454545454545454 2.0
226 3.226591937474291 2.25 2.284090909090909 1.4659090909090908 1.875 2.215909090909091 1.5681818181818181 3.0
227 5.66998324256389 2.25 2.284090909090909 1.4659090909090908 1.875 2.215909090909091 1.5681818181818181 3.0
228 7.483672816545155 2.25 2.284090909090909 1.4659090909090908 1.875 2.215909090909091 1.5681818181818181 3.0
229 61.030467005584185 2.25 2.284090909090909 1.4659090909090908 1.875 2.215909090909091 1.5681818181818181 3.0
230 2.222073603001982 2.25 2.284090909090909 1.4659090909090908 1.875 2.215909090909091 1.5681818181818181 3.0
231 7.486786130536132 2.25 2.284090909090909 1.4659090909090908 1.875 2.215909090909091 1.5681818181818181 3.0
232 18.45254599972742 1.5 1.5227272727272727 0.9772727272727273 1.25 1.4772727272727273 1.0454545454545454 2.0
233 7.543054324187108 1.5 1.5227272727272727 0.9772727272727273 1.25 1.4772727272727273 1.0454545454545454 2.0
234 0.4595508658008658 2.25 2.284090909090909 1.4659090909090908 1.875 2.215909090909091 1.5681818181818181 3.0
235 106.0 2.25 2.284090909090909 1.4659090909090908 1.875 2.215909090909091 1.5681818181818181 3.0
236 19.460917535326015 2.25 2.284090909090909 1.4659090909090908 1.875 2.215909090909091 1.5681818181818181 3.0
237 2.792550051735753 1.5 1.5227272727272727 0.9772727272727273 1.25 1.4772727272727273 1.0454545454545454 2.0
238 1.9246503496503493 1.5 1.5227272727272727 0.9772727272727273 1.25 1.4772727272727273 1.0454545454545454 2.0
239 13.514504735235924 2.25 2.284090909090909 1.4659090909090908 1.875 2.215909090909091 1.5681818181818181 3.0
240 21.522428008980068 1.5 1.5227272727272727 0.9772727272727273 1.25 1.4772727272727273 1.0454545454545454 2.0
241 100.0 2.25 2.284090909090909 1.4659090909090908 1.875 2.215909090909091 1.5681818181818181 3.0
242 4.756222396025027 1.5 1.5227272727272727 0.9772727272727273 1.25 1.4772727272727273 1.0454545454545454 2.0
243 22.543725268345003 2.25 2.284090909090909 1.4659090909090908 1.875 2.215909090909091 1.5681818181818181 3.0
244 40.38004711930766 2.25 2.284090909090909 1.4659090909090908 1.875 2.215909090909091 1.5681818181818181 3.0
245 17.153894155357026 1.5 1.5227272727272727 0.9772727272727273 1.25 1.4772727272727273 1.0454545454545454 2.0
246 12.0 1.5 1.5227272727272727 0.9772727272727273 1.25 1.4772727272727273 1.0454545454545454 2.0
247 24.897105447493104 2.25 2.284090909090909 1.4659090909090908 1.875 2.215909090909091 1.5681818181818181 3.0
248 28.404604368136678 2.25 2.284090909090909 1.4659090909090908 1.875 2.215909090909091 1.5681818181818181 3.0
249 1.9008706433902909 1.5 1.5227272727272727 0.9772727272727273 1.25 1.4772727272727273 1.0454545454545454 2.0
250 8.01100233100233 2.25 2.284090909090909 1.4659090909090908 1.875 2.215909090909091 1.5681818181818181 3.0
251 2.822295167093208 2.25 2.284090909090909 1.4659090909090908 1.875 2.215909090909091 1.5681818181818181 3.0
252 1.7502911866595143 1.5 1.5227272727272727 0.9772727272727273 1.25 1.4772727272727273 1.0454545454545454 2.0
253 44.27569191555297 1.5 1.5227272727272727 0.9772727272727273 1.25 1.4772727272727273 1.0454545454545454 2.0
254 32.0 1.5 1.5227272727272727 0.9772727272727273 1.25 1.4772727272727273 1.0454545454545454 2.0
255 2.644826596168059 2.25 2.284090909090909 1.4659090909090908 1.875 2.215909090909091 1.5681818181818181 3.0
256 6.816391156013797 2.25 2.284090909090909 1.4659090909090908 1.875 2.215909090909091 1.5681818181818181 3.0
257 15.58125120569086 1.5 1.5227272727272727 0.9772727272727273 1.25 1.4772727272727273 1.0454545454545454 2.0
258 46.18727073365232 1.5 1.5227272727272727 0.9772727272727273 1.25 1.4772727272727273 1.0454545454545454 2.0
259 34.04437098936617 2.25 2.284090909090909 1.4659090909090908 1.875 2.215909090909091 1.5681818181818181 3.0
260 40.21164472722317 2.25 2.284090909090909 1.4659090909090908 1.875 2.215909090909091 1.5681818181818181 3.0
261 33.431213623333186 1.5 1.5227272727272727 0.9772727272727273 1.25 1.4772727272727273 1.0454545454545454 2.0
262 23.0 1.5 1.5227272727272727 0.9772727272727273 1.25 1.4772727272727273 1.0454545454545454 2.0
263 0.3196632385191707 2.25 2.284090909090909 1.4659090909090908 1.875 2.215909090909091 1.5681818181818181 3.0
264 99.0 1.5 1.5227272727272727 0.9772727272727273 1.25 1.4772727272727273 1.0454545454545454 2.0
265 25.872491885779382 2.25 2.284090909090909 1.4659090909090908 1.875 2.215909090909091 1.5681818181818181 3.0
266 11.064099361158842 1.5 1.5227272727272727 0.9772727272727273 1.25 1.4772727272727273 1.0454545454545454 2.0
267 5.759018065268066 2.25 2.284090909090909 1.4659090909090908 1.875 2.215909090909091 1.5681818181818181 3.0
268 8.336191927366608 1.5 1.5227272727272727 0.9772727272727273 1.25 1.4772727272727273 1.0454545454545454 2.0
269 15.449657373466714 1.5 1.5227272727272727 0.9772727272727273 1.25 1.4772727272727273 1.0454545454545454 2.0
270 4.184627000906071 1.5 1.5227272727272727 0.9772727272727273 1.25 1.4772727272727273 1.0454545454545454 2.0
271 24.13342295635399 1.5 1.5227272727272727 0.9772727272727273 1.25 1.4772727272727273 1.0454545454545454 2.0
272 1.4615800865800868 1.5 1.5227272727272727 0.9772727272727273 1.25 1.4772727272727273 1.0454545454545454 2.0
273 34.52509243629933 2.25 2.284090909090909 1.4659090909090908 1.875 2.215909090909091 1.5681818181818181 3.0
274 0.7635341353561708 2.25 2.284090909090909 1.4659090909090908 1.875 2.215909090909091 1.5681818181818181 3.0
275 80.0 1.5 1.5227272727272727 0.9772727272727273 1.25 1.4772727272727273 1.0454545454545454 2.0
276 42.36183486054176 1.5 1.5227272727272727 0.9772727272727273 1.25 1.4772727272727273 1.0454545454545454 2.0
277 2.2576274001470478 1.5 1.5227272727272727 0.9772727272727273 1.25 1.4772727272727273 1.0454545454545454 2.0
278 5.626071777684682 1.5 1.5227272727272727 0.9772727272727273 1.25 1.4772727272727273 1.0454545454545454 2.0
279 9.84620528896391 2.25 2.284090909090909 1.4659090909090908 1.875 2.215909090909091 1.5681818181818181 3.0
280 0.8034207509966983 2.25 2.284090909090909 1.4659090909090908 1.875 2.215909090909091 1.5681818181818181 3.0
281 11.199779949355818 2.25 2.284090909090909 1.4659090909090908 1.875 2.215909090909091 1.5681818181818181 3.0
282 0.5302804983868107 2.25 2.284090909090909 1.4659090909090908 1.875 2.215909090909091 1.5681818181818181 3.0
283 2.2082620680834837 1.5 1.5227272727272727 0.9772727272727273 1.25 1.4772727272727273 1.0454545454545454 2.0
284 13.500205629832065 1.5 1.5227272727272727 0.9772727272727273 1.25 1.4772727272727273 1.0454545454545454 2.0
285 3.8588222511951327 1.5 1.5227272727272727 0.9772727272727273 1.25 1.4772727272727273 1.0454545454545454 2.0
286 24.67699668752301 2.25 2.284090909090909 1.4659090909090908 1.875 2.215909090909091 1.5681818181818181 3.0
287 52.308522525118846 1.5 1.5227272727272727 0.9772727272727273 1.25 1.4772727272727273 1.0454545454545454 2.0
288 29.98817537508419 1.5 1.5227272727272727 0.9772727272727273 1.25 1.4772727272727273 1.0454545454545454 2.0
289 9.319049152333358 2.25 2.284090909090909 1.4659090909090908 1.875 2.215909090909091 1.5681818181818181 3.0
290 24.817182462927153 2.25 2.284090909090909 1.4659090909090908 1.875 2.215909090909091 1.5681818181818181 3.0
291 1.9136357715233094 1.5 1.5227272727272727 0.9772727272727273 1.25 1.4772727272727273 1.0454545454545454 2.0
292 6.221763857795764 1.5 1.5227272727272727 0.9772727272727273 1.25 1.4772727272727273 1.0454545454545454 2.0
293 13.077913752913753 2.25 2.284090909090909 1.4659090909090908 1.875 2.215909090909091 1.5681818181818181 3.0
294 1.4385761460761466 1.5 1.5227272727272727 0.9772727272727273 1.25 1.4772727272727273 1.0454545454545454 2.0
295 48.0 1.5 1.5227272727272727 0.9772727272727273 1.25 1.4772727272727273 1.0454545454545454 2.0
296 6.429790209790208 1.5 1.5227272727272727 0.9772727272727273 1.25 1.4772727272727273 1.0454545454545454 2.0
297 21.798766870520616 2.25 2.284090909090909 1.4659090909090908 1.875 2.215909090909091 1.5681818181818181 3.0
298 11.026284180935342 1.5 1.5227272727272727 0.9772727272727273 1.25 1.4772727272727273 1.0454545454545454 2.0
299 8.245046305459866 1.5 1.5227272727272727 0.9772727272727273 1.25 1.4772727272727273 1.0454545454545454 2.0
300 2.633396072013093 1.5 1.5227272727272727 0.9772727272727273 1.25 1.4772727272727273 1.0454545454545454 2.0
301 2.0042771188766744 2.25 2.284090909090909 1.4659090909090908 1.875 2.215909090909091 1.5681818181818181 3.0
302 43.3687264259978 2.25 2.284090909090909 1.4659090909090908 1.875 2.215909090909091 1.5681818181818181 3.0
303 10.0 1.5 1.5227272727272727 0.9772727272727273 1.25 1.4772727272727273 1.0454545454545454 2.0
304 0.9246503496503498 1.5 1.5227272727272727 0.9772727272727273 1.25 1.4772727272727273 1.0454545454545454 2.0
305 26.228833912905866 2.25 2.284090909090909 1.4659090909090908 1.875 2.215909090909091 1.5681818181818181 3.0
306 29.983104371933766 2.25 2.284090909090909 1.4659090909090908 1.875 2.215909090909091 1.5681818181818181 3.0
307 63.0 1.5 1.5227272727272727 0.9772727272727273 1.25 1.4772727272727273 1.0454545454545454 2.0
308 24.26185924924132 2.25 2.284090909090909 1.4659090909090908 1.875 2.215909090909091 1.5681818181818181 3.0
309 5.535453995157384 2.25 2.284090909090909 1.4659090909090908 1.875 2.215909090909091 1.5681818181818181 3.0
310 23.643603545577232 1.5 1.5227272727272727 0.9772727272727273 1.25 1.4772727272727273 1.0454545454545454 2.0
311 1.6494686937609395 2.25 2.284090909090909 1.4659090909090908 1.875 2.215909090909091 1.5681818181818181 3.0
312 6.747719670176568 1.5 1.5227272727272727 0.9772727272727273 1.25 1.4772727272727273 1.0454545454545454 2.0
313 12.585069904963346 1.5 1.5227272727272727 0.9772727272727273 1.25 1.4772727272727273 1.0454545454545454 2.0
314 47.0 1.5 1.5227272727272727 0.9772727272727273 1.25 1.4772727272727273 1.0454545454545454 2.0
315 4.271782361003447 1.5 1.5227272727272727 0.9772727272727273 1.25 1.4772727272727273 1.0454545454545454 2.0
316 84.0 1.5 1.5227272727272727 0.9772727272727273 1.25 1.4772727272727273 1.0454545454545454 2.0
317 44.88475493418706 2.25 2.284090909090909 1.4659090909090908 1.875 2.215909090909091 1.5681818181818181 3.0
318 2.526136363636363 1.5 1.5227272727272727 0.9772727272727273 1.25 1.4772727272727273 1.0454545454545454 2.0
319 6.743073911877416 1.5 1.5227272727272727 0.9772727272727273 1.25 1.4772727272727273 1.0454545454545454 2.0
320 41.4686404571833 1.5 1.5227272727272727 0.9772727272727273 1.25 1.4772727272727273 1.0454545454545454 2.0
321 5.074760080138642 1.5 1.5227272727272727 0.9772727272727273 1.25 1.4772727272727273 1.0454545454545454 2.0
322 28.57230295414894 1.5 1.5227272727272727 0.9772727272727273 1.25 1.4772727272727273 1.0454545454545454 2.0
323 21.90320892563209 1.5 1.5227272727272727 0.9772727272727273 1.25 1.4772727272727273 1.0454545454545454 2.0
324 20.880045904388005 1.5 1.5227272727272727 0.9772727272727273 1.25 1.4772727272727273 1.0454545454545454 2.0
325 7.201382200780366 1.5 1.5227272727272727 0.9772727272727273 1.25 1.4772727272727273 1.0454545454545454 2.0
326 2.3412166673719947 1.5 1.5227272727272727 0.9772727272727273 1.25 1.4772727272727273 1.0454545454545454 2.0
327 18.963722769166324 2.25 2.284090909090909 1.4659090909090908 1.875 2.215909090909091 1.5681818181818181 3.0
328 32.03527536293495 2.25 2.284090909090909 1.4659090909090908 1.875 2.215909090909091 1.5681818181818181 3.0
329 3.3090473839659085 2.25 2.284090909090909 1.4659090909090908 1.875 2.215909090909091 1.5681818181818181 3.0
330 30.207171968168513 1.5 1.5227272727272727 0.9772727272727273 1.25 1.4772727272727273 1.0454545454545454 2.0
331 3.1449029598360547 1.5 1.5227272727272727 0.9772727272727273 1.25 1.4772727272727273 1.0454545454545454 2.0
332 41.713521096594555 2.25 2.284090909090909 1.4659090909090908 1.875 2.215909090909091 1.5681818181818181 3.0
333 20.630850314764967 1.5 1.5227272727272727 0.9772727272727273 1.25 1.4772727272727273 1.0454545454545454 2.0
334 1.2748988432950703 2.25 2.284090909090909 1.4659090909090908 1.875 2.215909090909091 1.5681818181818181 3.0
335 19.461733631865204 1.5 1.5227272727272727 0.9772727272727273 1.25 1.4772727272727273 1.0454545454545454 2.0
336 16.3166533997917 2.25 2.284090909090909 1.4659090909090908 1.875 2.215909090909091 1.5681818181818181 3.0
337 9.47287878787879 1.5 1.5227272727272727 0.9772727272727273 1.25 1.4772727272727273 1.0454545454545454 2.0
338 14.474675602175603 1.5 1.5227272727272727 0.9772727272727273 1.25 1.4772727272727273 1.0454545454545454 2.0
339 7.570615384615383 1.5 1.5227272727272727 0.9772727272727273 1.25 1.4772727272727273 1.0454545454545454 2.0
340 1.1707258601077015 1.5 1.5227272727272727 0.9772727272727273 1.25 1.4772727272727273 1.0454545454545454 2.0
341 55.0 1.5 1.5227272727272727 0.9772727272727273 1.25 1.4772727272727273 1.0454545454545454 2.0
342 8.557121861206927 2.25 2.284090909090909 1.4659090909090908 1.875 2.215909090909091 1.5681818181818181 3.0
343 24.273774840227233 1.5 1.5227272727272727 0.9772727272727273 1.25 1.4772727272727273 1.0454545454545454 2.0
344 24.121075087248247 2.25 2.284090909090909 1.4659090909090908 1.875 2.215909090909091 1.5681818181818181 3.0
345 21.0 2.25 2.284090909090909 1.4659090909090908 1.875 2.215909090909091 1.5681818181818181 3.0
346 37.72995150122525 1.5 1.5227272727272727 0.9772727272727273 1.25 1.4772727272727273 1.0454545454545454 2.0
347 20.152658963650907 2.25 2.284090909090909 1.4659090909090908 1.875 2.215909090909091 1.5681818181818181 3.0
348 13.119228151069894 2.25 2.284090909090909 1.4659090909090908 1.875 2.215909090909091 1.5681818181818181 3.0
349 1.1251495215310998 2.25 2.284090909090909 1.4659090909090908 1.875 2.215909090909091 1.5681818181818181 3.0
350 18.0 2.25 2.284090909090909 1.4659090909090908 1.875 2.215909090909091 1.5681818181818181 3.0
351 6.668712103589002 2.25 2.284090909090909 1.4659090909090908 1.875 2.215909090909091 1.5681818181818181 3.0
352 82.0 2.25 2.284090909090909 1.4659090909090908 1.875 2.215909090909091 1.5681818181818181 3.0
353 6.519483016983018 1.5 1.5227272727272727 0.9772727272727273 1.25 1.4772727272727273 1.0454545454545454 2.0
354 38.14642757993282 1.5 1.5227272727272727 0.9772727272727273 1.25 1.4772727272727273 1.0454545454545454 2.0
355 46.0 1.5 1.5227272727272727 0.9772727272727273 1.25 1.4772727272727273 1.0454545454545454 2.0
356 19.88429577894572 2.25 2.284090909090909 1.4659090909090908 1.875 2.215909090909091 1.5681818181818181 3.0
357 9.7593884228076 2.25 2.284090909090909 1.4659090909090908 1.875 2.215909090909091 1.5681818181818181 3.0
358 6.540772238634404 2.25 2.284090909090909 1.4659090909090908 1.875 2.215909090909091 1.5681818181818181 3.0
359 3.923599852051031 2.25 2.284090909090909 1.4659090909090908 1.875 2.215909090909091 1.5681818181818181 3.0
360 8.527111695463459 2.25 2.284090909090909 1.4659090909090908 1.875 2.215909090909091 1.5681818181818181 3.0
361 1.933789388731799 1.5 1.5227272727272727 0.9772727272727273 1.25 1.4772727272727273 1.0454545454545454 2.0
362 2.4656404792221034 1.5 1.5227272727272727 0.9772727272727273 1.25 1.4772727272727273 1.0454545454545454 2.0
363 15.049996229260937 1.5 1.5227272727272727 0.9772727272727273 1.25 1.4772727272727273 1.0454545454545454 2.0
364 80.0 1.5 1.5227272727272727 0.9772727272727273 1.25 1.4772727272727273 1.0454545454545454 2.0
365 28.65775195091043 1.5 1.5227272727272727 0.9772727272727273 1.25 1.4772727272727273 1.0454545454545454 2.0
366 8.571871070999638 2.25 2.284090909090909 1.4659090909090908 1.875 2.215909090909091 1.5681818181818181 3.0
367 13.310456507777937 1.5 1.5227272727272727 0.9772727272727273 1.25 1.4772727272727273 1.0454545454545454 2.0
368 12.46324180546928 1.5 1.5227272727272727 0.9772727272727273 1.25 1.4772727272727273 1.0454545454545454 2.0
369 51.99568312434692 1.5 1.5227272727272727 0.9772727272727273 1.25 1.4772727272727273 1.0454545454545454 2.0
370 14.990518090146326 2.25 2.284090909090909 1.4659090909090908 1.875 2.215909090909091 1.5681818181818181 3.0
371 7.04667510478098 2.25 2.284090909090909 1.4659090909090908 1.875 2.215909090909091 1.5681818181818181 3.0
372 3.639043374925728 2.25 2.284090909090909 1.4659090909090908 1.875 2.215909090909091 1.5681818181818181 3.0
373 6.5075771352367076 1.5 1.5227272727272727 0.9772727272727273 1.25 1.4772727272727273 1.0454545454545454 2.0
374 10.238811188811187 1.5 1.5227272727272727 0.9772727272727273 1.25 1.4772727272727273 1.0454545454545454 2.0
375 38.51264317792315 1.5 1.5227272727272727 0.9772727272727273 1.25 1.4772727272727273 1.0454545454545454 2.0
376 1.2550631824316036 2.25 2.284090909090909 1.4659090909090908 1.875 2.215909090909091 1.5681818181818181 3.0
377 1.176327374791559 1.5 1.5227272727272727 0.9772727272727273 1.25 1.4772727272727273 1.0454545454545454 2.0
378 17.097176545990102 2.25 2.284090909090909 1.4659090909090908 1.875 2.215909090909091 1.5681818181818181 3.0
379 5.101631207775276 2.25 2.284090909090909 1.4659090909090908 1.875 2.215909090909091 1.5681818181818181 3.0
380 41.0 1.5 1.5227272727272727 0.9772727272727273 1.25 1.4772727272727273 1.0454545454545454 2.0
381 23.85547785547786 1.5 1.5227272727272727 0.9772727272727273 1.25 1.4772727272727273 1.0454545454545454 2.0
382 12.460578402999158 1.5 1.5227272727272727 0.9772727272727273 1.25 1.4772727272727273 1.0454545454545454 2.0
383 11.485907719731248 1.5 1.5227272727272727 0.9772727272727273 1.25 1.4772727272727273 1.0454545454545454 2.0
384 0.4345558640469652 2.25 2.284090909090909 1.4659090909090908 1.875 2.215909090909091 1.5681818181818181 3.0
385 13.39205086556695 1.5 1.5227272727272727 0.9772727272727273 1.25 1.4772727272727273 1.0454545454545454 2.0
386 12.065046764923572 2.25 2.284090909090909 1.4659090909090908 1.875 2.215909090909091 1.5681818181818181 3.0
387 4.438252379432545 2.25 2.284090909090909 1.4659090909090908 1.875 2.215909090909091 1.5681818181818181 3.0
388 9.40349614314653 2.25 2.284090909090909 1.4659090909090908 1.875 2.215909090909091 1.5681818181818181 3.0
389 18.920446089857855 2.25 2.284090909090909 1.4659090909090908 1.875 2.215909090909091 1.5681818181818181 3.0
390 5.851094837418015 2.25 2.284090909090909 1.4659090909090908 1.875 2.215909090909091 1.5681818181818181 3.0
391 0.31044657097288675 1.5 1.5227272727272727 0.9772727272727273 1.25 1.4772727272727273 1.0454545454545454 2.0
392 12.781514707044371 1.5 1.5227272727272727 0.9772727272727273 1.25 1.4772727272727273 1.0454545454545454 2.0
393 0.7174118541286374 2.25 2.284090909090909 1.4659090909090908 1.875 2.215909090909091 1.5681818181818181 3.0
394 28.444974155740788 2.25 2.284090909090909 1.4659090909090908 1.875 2.215909090909091 1.5681818181818181 3.0
395 47.22503918495298 2.25 2.284090909090909 1.4659090909090908 1.875 2.215909090909091 1.5681818181818181 3.0
396 23.391174704143918 1.5 1.5227272727272727 0.9772727272727273 1.25 1.4772727272727273 1.0454545454545454 2.0
397 57.0 2.25 2.284090909090909 1.4659090909090908 1.875 2.215909090909091 1.5681818181818181 3.0
398 14.096606949243897 2.25 2.284090909090909 1.4659090909090908 1.875 2.215909090909091 1.5681818181818181 3.0
399 46.00614648215235 1.5 1.5227272727272727 0.9772727272727273 1.25 1.4772727272727273 1.0454545454545454 2.0
