300 7
TREE NETWORK (nID nID Weight):
242 0 52
35 0 51
248 35 46
202 242 40
53 248 39
167 202 47
31 248 30
234 53 58
198 234 36
149 167 30
199 234 31
262 198 46
172 234 44
222 199 46
164 172 54
244 199 32
135 31 30
106 172 37
42 106 52
290 172 46
288 198 46
184 262 37
60 42 37
54 60 47
294 60 54
27 248 38
275 35 42
204 222 39
178 172 30
4 294 40
82 42 30
69 248 30
102 248 46
154 60 56
75 82 50
296 69 42
280 294 55
201 82 37
293 27 42
99 149 46
185 293 40
299 31 50
233 53 30
124 42 31
76 102 54
133 202 53
50 290 46
223 133 44
137 82 44
109 60 59
264 82 38
266 178 33
270 185 45
128 109 30
173 128 36
265 234 41
157 270 43
153 294 40
30 135 42
93 42 38
100 153 46
111 296 52
267 185 57
209 164 53
120 154 47
12 167 30
235 270 51
47 102 33
239 266 50
88 293 37
236 35 40
10 270 33
278 102 31
238 42 33
72 47 43
94 238 42
206 69 40
211 288 40
260 12 54
129 154 39
292 233 52
1 50 39
17 157 32
57 27 41
134 47 41
78 133 42
152 293 37
145 223 41
67 12 36
208 280 55
140 242 30
8 100 58
295 88 43
119 296 55
240 184 31
277 173 40
37 124 39
62 172 33
187 82 49
252 278 50
25 72 51
117 50 42
257 154 48
86 280 31
22 178 59
121 257 58
170 27 54
158 129 42
2 234 49
182 223 43
165 293 59
298 88 57
256 170 54
174 134 52
168 240 56
200 94 59
161 293 59
28 93 43
139 94 56
73 106 52
150 62 51
95 100 32
118 154 48
261 238 34
127 204 30
218 100 56
271 236 59
155 240 39
52 236 46
142 134 36
279 294 41
89 99 53
40 265 47
101 69 30
189 75 46
253 134 46
181 290 40
23 173 56
85 233 53
228 0 30
268 253 47
191 150 50
34 202 53
9 270 45
122 184 50
6 150 53
193 60 39
227 140 39
224 133 59
221 157 49
284 89 44
71 199 38
219 298 43
43 1 56
125 208 48
220 173 35
97 164 42
188 280 40
65 8 56
289 120 53
177 34 52
190 97 48
243 284 53
194 284 30
251 190 36
249 8 49
64 69 34
166 109 37
232 161 48
63 173 42
108 125 59
213 184 51
171 204 54
68 50 38
18 298 30
179 261 49
51 257 34
229 295 36
225 57 34
104 253 38
113 150 44
276 220 55
115 63 42
44 139 42
230 178 30
263 63 44
58 35 59
15 134 51
5 65 44
282 117 59
107 299 57
186 124 43
92 124 57
159 271 52
136 145 43
269 223 35
281 232 42
46 9 56
98 88 40
80 293 33
183 290 50
203 266 30
197 15 58
148 229 56
103 185 31
259 42 47
285 185 34
226 78 51
16 145 42
207 240 40
74 22 49
105 53 35
231 224 31
59 22 53
255 238 45
163 92 30
55 248 58
38 288 57
11 58 53
116 121 33
13 109 31
110 209 41
175 80 58
61 277 51
162 264 35
132 31 52
287 271 48
90 194 57
19 200 48
156 155 49
70 261 30
160 51 40
84 62 58
36 72 34
212 163 58
246 252 54
216 200 49
192 225 51
273 75 53
48 289 33
20 89 50
215 299 46
49 128 32
146 284 49
96 49 39
297 203 51
214 122 41
241 178 42
286 149 45
33 248 41
123 208 53
274 223 44
56 198 31
151 118 32
41 197 45
144 19 41
291 177 54
91 160 35
32 220 45
26 94 56
112 189 43
258 184 56
210 70 32
77 225 42
176 152 43
29 275 56
205 157 52
79 80 35
126 206 57
283 32 55
138 53 43
217 239 47
147 199 56
87 104 32
141 234 55
81 287 33
45 153 53
245 95 51
7 79 48
39 0 40
272 31 59
3 70 59
14 178 55
195 232 37
131 241 49
196 61 51
66 153 30
83 59 52
143 252 37
169 82 56
130 256 58
254 46 35
247 279 30
250 187 48
180 94 44
21 12 35
24 257 41
237 15 35
114 24 38
PROGRAMS ASSIGNED TO NODES (nID pID1 pID2 ...):
0 1 2 3 4 5 6 7
1 1 3 4 5 6 7
3 1 2 3 5 6
4 1 2 3 4 5 6
5 4 5 6
7 1 2 4 5 6 7
8 1 2 3 7
9 1 2 5 6
10 3 4 5
11 3 7
13 1 3 5 6 7
14 6
16 4 5
18 2 6
19 7
20 1 2 4 5 7
21 1 2 3 4
22 2 3 4 6 7
23 1 2 3 4 5 7
24 2
25 3 5 6
26 3
27 3
28 2
29 2 3 4 5 6 7
30 1 2 4 5 6
31 3 7
32 2 3 5 6 7
33 1 3 4 5 7
34 1 2 3 4 7
35 1 2 4 5 6 7
36 2 6 7
38 4 5 6
40 1 2 3 4 6 7
41 1 4
44 3 4 5 6 7
45 1 3 4
46 1 2 3 5 6 7
47 2 6 7
48 2
49 2 3 4 5 6 7
50 5 7
51 3
52 5
53 3
54 2 3 4 7
55 3 6 7
56 5
59 1 3 4 5 6 7
61 3 4 5 7
63 1 4 5
64 1
65 6
66 2 3 5 6
67 3 6
68 2 5 7
69 1 2 3 4 6 7
70 2 3 5 6
71 3 6 7
72 6
74 2 6 7
75 1 7
76 1 3 4 6 7
78 3 4 5 7
79 1 2 3 5 6 7
80 1 3 4 7
81 5 7
82 2 4 5 7
83 1 3 4 5 6
86 1 2 3 4 5 6
87 1 4 6 7
89 5 6
90 1 2 3 4 5 6
91 1 2 6 7
92 1 2 3 4 5 6
94 5
95 3 6
96 1 3 7
97 1 3 4 6 7
98 1 2
99 4 7
100 3 4 5 7
101 5
102 3
103 1 4
105 2 3 4 5 6 7
106 4
107 2 3 5 6 7
108 1
109 1 2
110 2 3 4 5 6
111 2 3 4 5 6 7
112 6 7
114 1 5
115 2 3 4 7
117 1 2 3 7
118 2 3
119 1 3 6
120 4 7
121 2 3 4 5 6 7
122 1 2 3 4 6 7
123 7
124 1 3 4
125 1 4 5 6
126 1 3 4 7
127 1 6
128 1 2 3 6
129 1 2 3 4 6 7
130 2 3 4 5 6
132 1 2 3 4 6
133 2 3
134 2 3 4 5 6 7
135 3 4 7
136 3 5 7
137 2 4 6
138 2 3 4 5 6 7
140 1 2 3 5 7
141 1 2 3 6 7
142 4 5 6
143 3 5 6 7
146 3 4 5 7
147 5
148 2 3 4
150 1 6
151 1 5
152 1 2 4 6
153 4 5 6 7
155 1 3 4 5 7
156 3 4 6
157 2 4 6
159 2 6 7
160 1 3 5 7
161 4 5 6 7
162 1 2 3 4 5 7
163 3 5
164 2 3 4 5 6
165 1 3 4 5 6 7
167 2 3 6 7
168 3 4 5
169 1 2 3 5
170 1 2 7
171 4 5
172 2 3
173 3 4 5
174 1 4 7
175 1 2 4 6
176 3 4 6 7
177 6
178 1 2 3 4 7
180 2
182 3 4 5 6
183 3 5
184 2 3 4 5 7
185 1 3 5 6 7
186 3 4 5 7
187 1 3 5 6
188 3 4
189 1 2 3 4 5 6
190 4
191 1 4 5 6
193 7
194 4 7
195 3 7
196 2 4
197 4
198 4
199 1 3 4 5 6 7
200 1 2 4
201 1 2 5 7
202 1 3 4 5 6 7
203 1 2 3 4 6 7
204 2 5 6 7
205 7
206 5 6
207 1 2 7
209 4
211 1 2 7
212 2 3 5 7
213 1 2 6
214 3 7
215 4 5 7
216 4 5
217 1 2 3 4 5 7
218 1 2 3 4 6 7
220 1 3 4 5 7
221 4 7
222 3 7
223 1 5 6 7
224 1 2 3 5 6 7
225 4 7
227 2 4 5
228 1 2 3 4 5 6
229 3 5
230 2 3 5 6 7
231 6
232 1 3 4 6 7
233 6
234 1 4 5 7
235 2
236 1 2 7
237 1 3 4 6
239 5
240 2 3 7
241 4 6 7
242 5 7
243 2 3 4 7
244 2 3 6
245 1 2 5 6 7
246 1 3 4 5 6 7
248 6
249 1 2 3 4 7
250 1
251 1 3 4 5 6 7
252 1 2 3 6
253 1
254 1 2
259 1 2 4 5 6 7
260 1 2 3 4 5 6
261 1 3 5 7
262 5
263 1 3 4 5 6 7
264 1 2 3 4 6 7
265 2
267 5 7
268 1 2 3 5 6
269 1 3 5 6
273 1 2 3 4 5 6
274 5 6
275 2 3
276 1 2 5 6 7
277 1 3 4 5 6 7
278 1 4 5 7
279 2 3 4
280 1 2 4 6 7
281 3
282 1 2 3 4 5 7
283 2 7
284 1 4 5 6 7
285 3 6
286 1 2 4 5 6 7
287 2 6
288 3 4 5 6 7
289 1 4 7
290 1 2 3 6 7
291 1 5 6 7
292 2 3 4 5 6 7
295 1 2 3 5 6 7
296 2
297 5
298 4 5 6 7
299 1 2 3 4 5 7
SIZE OF PROGRAMS (pID SIZE):
1 66.0
2 61.0
3 88.0
4 83.0
5 73.0
6 57.0
7 87.0
COST TO INSTALL SERVERS AND PROGRAMS ON NODES (COST_TO_INSTALL_SERVER COST_TO_INSTALL_pID1 ...):
0 2755.681818181818 2.25 2.0795454545454546 3.0 2.8295454545454546 2.4886363636363638 1.9431818181818181 2.965909090909091
1 46.745054492792384 1.5 1.3863636363636365 2.0 1.8863636363636365 1.6590909090909092 1.2954545454545454 1.9772727272727273
2 68.0 1.5 1.3863636363636365 2.0 1.8863636363636365 1.6590909090909092 1.2954545454545454 1.9772727272727273
3 35.95242612204056 1.5 1.3863636363636365 2.0 1.8863636363636365 1.6590909090909092 1.2954545454545454 1.9772727272727273
4 8.117836793621256 2.25 2.0795454545454546 3.0 2.8295454545454546 2.4886363636363638 1.9431818181818181 2.965909090909091
5 34.408106387601485 2.25 2.0795454545454546 3.0 2.8295454545454546 2.4886363636363638 1.9431818181818181 2.965909090909091
6 69.0 1.5 1.3863636363636365 2.0 1.8863636363636365 1.6590909090909092 1.2954545454545454 1.9772727272727273
7 60.672661949427166 1.5 1.3863636363636365 2.0 1.8863636363636365 1.6590909090909092 1.2954545454545454 1.9772727272727273
8 85.37204205081446 2.25 2.0795454545454546 3.0 2.8295454545454546 2.4886363636363638 1.9431818181818181 2.965909090909091
9 23.026312068409638 1.5 1.3863636363636365 2.0 1.8863636363636365 1.6590909090909092 1.2954545454545454 1.9772727272727273
10 12.49148077218544 1.5 1.3863636363636365 2.0 1.8863636363636365 1.6590909090909092 1.2954545454545454 1.9772727272727273
11 0.5722088309114965 1.5 1.3863636363636365 2.0 1.8863636363636365 1.6590909090909092 1.2954545454545454 1.9772727272727273
12 22.566226539418018 2.25 2.0795454545454546 3.0 2.8295454545454546 2.4886363636363638 1.9431818181818181 2.965909090909091
13 20.451639039882142 1.5 1.3863636363636365 2.0 1.8863636363636365 1.6590909090909092 1.2954545454545454 1.9772727272727273
14 0.7089710939470619 2.25 2.0795454545454546 3.0 2.8295454545454546 2.4886363636363638 1.9431818181818181 2.965909090909091
15 3.3710024894947868 1.5 1.3863636363636365 2.0 1.8863636363636365 1.6590909090909092 1.2954545454545454 1.9772727272727273
16 1.7362559989481292 1.5 1.3863636363636365 2.0 1.8863636363636365 1.6590909090909092 1.2954545454545454 1.9772727272727273
17 57.0 1.5 1.3863636363636365 2.0 1.8863636363636365 1.6590909090909092 1.2954545454545454 1.9772727272727273
18 1.7304609628219803 1.5 1.3863636363636365 2.0 1.8863636363636365 1.6590909090909092 1.2954545454545454 1.9772727272727273
19 11.015169792784231 2.25 2.0795454545454546 3.0 2.8295454545454546 2.4886363636363638 1.9431818181818181 2.965909090909091
20 43.28989685715778 2.25 2.0795454545454546 3.0 2.8295454545454546 2.4886363636363638 1.9431818181818181 2.965909090909091
21 25.02875061109103 2.25 2.0795454545454546 3.0 2.8295454545454546 2.4886363636363638 1.9431818181818181 2.965909090909091
22 45.980469642746534 2.25 2.0795454545454546 3.0 2.8295454545454546 2.4886363636363638 1.9431818181818181 2.965909090909091
23 44.7705038353 1.5 1.3863636363636365 2.0 1.8863636363636365 1.6590909090909092 1.2954545454545454 1.9772727272727273
24 14.646189987625705 2.25 2.0795454545454546 3.0 2.8295454545454546 2.4886363636363638 1.9431818181818181 2.965909090909091
25 13.362774206106748 2.25 2.0795454545454546 3.0 2.8295454545454546 2.4886363636363638 1.9431818181818181 2.965909090909091
26 1.681620471407931 2.25 2.0795454545454546 3.0 2.8295454545454546 2.4886363636363638 1.9431818181818181 2.965909090909091
27 14.696079068719227 2.25 2.0795454545454546 3.0 2.8295454545454546 2.4886363636363638 1.9431818181818181 2.965909090909091
28 6.59015128242659 1.5 1.3863636363636365 2.0 1.8863636363636365 1.6590909090909092 1.2954545454545454 1.9772727272727273
29 8.195078940667177 2.25 2.0795454545454546 3.0 2.8295454545454546 2.4886363636363638 1.9431818181818181 2.965909090909091
30 3.3228966685488417 2.25 2.0795454545454546 3.0 2.8295454545454546 2.4886363636363638 1.9431818181818181 2.965909090909091
31 26.086917286677508 1.5 1.3863636363636365 2.0 1.8863636363636365 1.6590909090909092 1.2954545454545454 1.9772727272727273
32 10.065163964037309 2.25 2.0795454545454546 3.0 2.8295454545454546 2.4886363636363638 1.9431818181818181 2.965909090909091
33 4.553319483903977 1.5 1.3863636363636365 2.0 1.8863636363636365 1.6590909090909092 1.2954545454545454 1.9772727272727273
34 5.228653186436206 2.25 2.0795454545454546 3.0 2.8295454545454546 2.4886363636363638 1.9431818181818181 2.965909090909091
35 14.0 2.25 2.0795454545454546 3.0 2.8295454545454546 2.4886363636363638 1.9431818181818181 2.965909090909091
36 19.51004132579587 2.25 2.0795454545454546 3.0 2.8295454545454546 2.4886363636363638 1.9431818181818181 2.965909090909091
37 68.0 1.5 1.3863636363636365 2.0 1.8863636363636365 1.6590909090909092 1.2954545454545454 1.9772727272727273
38 8.737203140281274 2.25 2.0795454545454546 3.0 2.8295454545454546 2.4886363636363638 1.9431818181818181 2.965909090909091
39 94.0 2.25 2.0795454545454546 3.0 2.8295454545454546 2.4886363636363638 1.9431818181818181 2.965909090909091
40 45.33858786223652 1.5 1.3863636363636365 2.0 1.8863636363636365 1.6590909090909092 1.2954545454545454 1.9772727272727273
41 2.296440897307096 1.5 1.3863636363636365 2.0 1.8863636363636365 1.6590909090909092 1.2954545454545454 1.9772727272727273
42 29.14059558539754 2.25 2.0795454545454546 3.0 2.8295454545454546 2.4886363636363638 1.9431818181818181 2.965909090909091
43 70.0 1.5 1.3863636363636365 2.0 1.8863636363636365 1.6590909090909092 1.2954545454545454 1.9772727272727273
44 67.3067104660411 1.5 1.3863636363636365 2.0 1.8863636363636365 1.6590909090909092 1.2954545454545454 1.9772727272727273
45 4.942327101246542 2.25 2.0795454545454546 3.0 2.8295454545454546 2.4886363636363638 1.9431818181818181 2.965909090909091
46 33.03732162305322 2.25 2.0795454545454546 3.0 2.8295454545454546 2.4886363636363638 1.9431818181818181 2.965909090909091
47 18.32315159265287 2.25 2.0795454545454546 3.0 2.8295454545454546 2.4886363636363638 1.9431818181818181 2.965909090909091
48 8.581062474925679 2.25 2.0795454545454546 3.0 2.8295454545454546 2.4886363636363638 1.9431818181818181 2.965909090909091
49 12.310904415722785 1.5 1.3863636363636365 2.0 1.8863636363636365 1.6590909090909092 1.2954545454545454 1.9772727272727273
50 35.95029693606508 2.25 2.0795454545454546 3.0 2.8295454545454546 2.4886363636363638 1.9431818181818181 2.965909090909091
51 48.92309795076859 2.25 2.0795454545454546 3.0 2.8295454545454546 2.4886363636363638 1.9431818181818181 2.965909090909091
52 1.4128156242734247 2.25 2.0795454545454546 3.0 2.8295454545454546 2.4886363636363638 1.9431818181818181 2.965909090909091
53 16.518451377586604 2.25 2.0795454545454546 3.0 2.8295454545454546 2.4886363636363638 1.9431818181818181 2.965909090909091
54 5.340926441937896 2.25 2.0795454545454546 3.0 2.8295454545454546 2.4886363636363638 1.9431818181818181 2.965909090909091
55 1.9891924358676265 2.25 2.0795454545454546 3.0 2.8295454545454546 2.4886363636363638 1.9431818181818181 2.965909090909091
56 4.82563485361657 2.25 2.0795454545454546 3.0 2.8295454545454546 2.4886363636363638 1.9431818181818181 2.965909090909091
57 0.9853556635732782 2.25 2.0795454545454546 3.0 2.8295454545454546 2.4886363636363638 1.9431818181818181 2.965909090909091
58 0.2420201516662135 1.5 1.3863636363636365 2.0 1.8863636363636365 1.6590909090909092 1.2954545454545454 1.9772727272727273
59 61.71210469550074 2.25 2.0795454545454546 3.0 2.8295454545454546 2.4886363636363638 1.9431818181818181 2.965909090909091
60 38.53191161733858 1.5 1.3863636363636365 2.0 1.8863636363636365 1.6590909090909092 1.2954545454545454 1.9772727272727273
61 65.89887898247778 1.5 1.3863636363636365 2.0 1.8863636363636365 1.6590909090909092 1.2954545454545454 1.9772727272727273
62 8.635226255136521 2.25 2.0795454545454546 3.0 2.8295454545454546 2.4886363636363638 1.9431818181818181 2.965909090909091
63 46.75396406614083 1.5 1.3863636363636365 2.0 1.8863636363636365 1.6590909090909092 1.2954545454545454 1.9772727272727273
64 3.2220460358056267 1.5 1.3863636363636365 2.0 1.8863636363636365 1.6590909090909092 1.2954545454545454 1.9772727272727273
65 32.95583366032876 1.5 1.3863636363636365 2.0 1.8863636363636365 1.6590909090909092 1.2954545454545454 1.9772727272727273
66 45.77169027981424 1.5 1.3863636363636365 2.0 1.8863636363636365 1.6590909090909092 1.2954545454545454 1.9772727272727273
67 11.549238773440903 1.5 1.3863636363636365 2.0 1.8863636363636365 1.6590909090909092 1.2954545454545454 1.9772727272727273
68 26.798642021692494 2.25 2.0795454545454546 3.0 2.8295454545454546 2.4886363636363638 1.9431818181818181 2.965909090909091
69 12.542123924668674 2.25 2.0795454545454546 3.0 2.8295454545454546 2.4886363636363638 1.9431818181818181 2.965909090909091
70 31.719664180592183 2.25 2.0795454545454546 3.0 2.8295454545454546 2.4886363636363638 1.9431818181818181 2.965909090909091
71 8.827440661891744 2.25 2.0795454545454546 3.0 2.8295454545454546 2.4886363636363638 1.9431818181818181 2.965909090909091
72 8.057274223229138 2.25 2.0795454545454546 3.0 2.8295454545454546 2.4886363636363638 1.9431818181818181 2.965909090909091
73 29.0 2.25 2.0795454545454546 3.0 2.8295454545454546 2.4886363636363638 1.9431818181818181 2.965909090909091
74 25.0147011841616 2.25 2.0795454545454546 3.0 2.8295454545454546 2.4886363636363638 1.9431818181818181 2.965909090909091
75 75.492995608957 2.25 2.0795454545454546 3.0 2.8295454545454546 2.4886363636363638 1.9431818181818181 2.965909090909091
76 13.878755694196872 2.25 2.0795454545454546 3.0 2.8295454545454546 2.4886363636363638 1.9431818181818181 2.965909090909091
77 70.0 1.5 1.3863636363636365 2.0 1.8863636363636365 1.6590909090909092 1.2954545454545454 1.9772727272727273
78 12.237770374279807 2.25 2.0795454545454546 3.0 2.8295454545454546 2.4886363636363638 1.9431818181818181 2.965909090909091
79 31.21891358321985 1.5 1.3863636363636365 2.0 1.8863636363636365 1.6590909090909092 1.2954545454545454 1.9772727272727273
80 5.10097428819666 1.5 1.3863636363636365 2.0 1.8863636363636365 1.6590909090909092 1.2954545454545454 1.9772727272727273
81 1.257639203601317 2.25 2.0795454545454546 3.0 2.8295454545454546 2.4886363636363638 1.9431818181818181 2.965909090909091
82 17.665940014135682 2.25 2.0795454545454546 3.0 2.8295454545454546 2.4886363636363638 1.9431818181818181 2.965909090909091
83 16.8928199584144 1.5 1.3863636363636365 2.0 1.8863636363636365 1.6590909090909092 1.2954545454545454 1.9772727272727273
84 60.0 2.25 2.0795454545454546 3.0 2.8295454545454546 2.4886363636363638 1.9431818181818181 2.965909090909091
85 109.0 2.25 2.0795454545454546 3.0 2.8295454545454546 2.4886363636363638 1.9431818181818181 2.965909090909091
86 48.66379422920795 2.25 2.0795454545454546 3.0 2.8295454545454546 2.4886363636363638 1.9431818181818181 2.965909090909091
87 15.325982532087199 1.5 1.3863636363636365 2.0 1.8863636363636365 1.6590909090909092 1.2954545454545454 1.9772727272727273
88 36.94977919741935 2.25 2.0795454545454546 3.0 2.8295454545454546 2.4886363636363638 1.9431818181818181 2.965909090909091
89 52.90230538436393 2.25 2.0795454545454546 3.0 2.8295454545454546 2.4886363636363638 1.9431818181818181 2.965909090909091
90 51.42836728230105 2.25 2.0795454545454546 3.0 2.8295454545454546 2.4886363636363638 1.9431818181818181 2.965909090909091
91 36.29018383062777 2.25 2.0795454545454546 3.0 2.8295454545454546 2.4886363636363638 1.9431818181818181 2.965909090909091
92 19.574237976784236 2.25 2.0795454545454546 3.0 2.8295454545454546 2.4886363636363638 1.9431818181818181 2.965909090909091
93 5.738988491728917 1.5 1.3863636363636365 2.0 1.8863636363636365 1.6590909090909092 1.2954545454545454 1.9772727272727273
94 53.5299525918077 2.25 2.0795454545454546 3.0 2.8295454545454546 2.4886363636363638 1.9431818181818181 2.965909090909091
95 26.650521028467065 1.5 1.3863636363636365 2.0 1.8863636363636365 1.6590909090909092 1.2954545454545454 1.9772727272727273
96 38.27384334678966 1.5 1.3863636363636365 2.0 1.8863636363636365 1.6590909090909092 1.2954545454545454 1.9772727272727273
97 35.114356762871054 2.25 2.0795454545454546 3.0 2.8295454545454546 2.4886363636363638 1.9431818181818181 2.965909090909091
98 6.021109210351368 2.25 2.0795454545454546 3.0 2.8295454545454546 2.4886363636363638 1.9431818181818181 2.965909090909091
99 32.29280037531077 2.25 2.0795454545454546 3.0 2.8295454545454546 2.4886363636363638 1.9431818181818181 2.965909090909091
100 111.85931556363448 1.5 1.3863636363636365 2.0 1.8863636363636365 1.6590909090909092 1.2954545454545454 1.9772727272727273
101 0.6225904828334495 1.5 1.3863636363636365 2.0 1.8863636363636365 1.6590909090909092 1.2954545454545454 1.9772727272727273
102 9.872779101759278 1.5 1.3863636363636365 2.0 1.8863636363636365 1.6590909090909092 1.2954545454545454 1.9772727272727273
103 1.8774458717971176 1.5 1.3863636363636365 2.0 1.8863636363636365 1.6590909090909092 1.2954545454545454 1.9772727272727273
104 29.351250908203465 1.5 1.3863636363636365 2.0 1.8863636363636365 1.6590909090909092 1.2954545454545454 1.9772727272727273
105 18.531002142723906 2.25 2.0795454545454546 3.0 2.8295454545454546 2.4886363636363638 1.9431818181818181 2.965909090909091
106 20.053967100465915 1.5 1.3863636363636365 2.0 1.8863636363636365 1.6590909090909092 1.2954545454545454 1.9772727272727273
107 19.65351788445771 1.5 1.3863636363636365 2.0 1.8863636363636365 1.6590909090909092 1.2954545454545454 1.9772727272727273
108 1.6511803609362095 1.5 1.3863636363636365 2.0 1.8863636363636365 1.6590909090909092 1.2954545454545454 1.9772727272727273
109 39.89826851256199 2.25 2.0795454545454546 3.0 2.8295454545454546 2.4886363636363638 1.9431818181818181 2.965909090909091
110 12.997482489991796 2.25 2.0795454545454546 3.0 2.8295454545454546 2.4886363636363638 1.9431818181818181 2.965909090909091
111 30.576209686367697 2.25 2.0795454545454546 3.0 2.8295454545454546 2.4886363636363638 1.9431818181818181 2.965909090909091
112 14.278084236175252 1.5 1.3863636363636365 2.0 1.8863636363636365 1.6590909090909092 1.2954545454545454 1.9772727272727273
113 17.0 2.25 2.0795454545454546 3.0 2.8295454545454546 2.4886363636363638 1.9431818181818181 2.965909090909091
114 14.872255181810639 1.5 1.3863636363636365 2.0 1.8863636363636365 1.6590909090909092 1.2954545454545454 1.9772727272727273
115 27.101619201829017 1.5 1.3863636363636365 2.0 1.8863636363636365 1.6590909090909092 1.2954545454545454 1.9772727272727273
116 28.0 2.25 2.0795454545454546 3.0 2.8295454545454546 2.4886363636363638 1.9431818181818181 2.965909090909091
117 33.9291666544476 2.25 2.0795454545454546 3.0 2.8295454545454546 2.4886363636363638 1.9431818181818181 2.965909090909091
118 47.91079799181042 2.25 2.0795454545454546 3.0 2.8295454545454546 2.4886363636363638 1.9431818181818181 2.965909090909091
119 1.9822263371751867 1.5 1.3863636363636365 2.0 1.8863636363636365 1.6590909090909092 1.2954545454545454 1.9772727272727273
120 52.563994471607685 1.5 1.3863636363636365 2.0 1.8863636363636365 1.6590909090909092 1.2954545454545454 1.9772727272727273
121 73.88421998937186 2.25 2.0795454545454546 3.0 2.8295454545454546 2.4886363636363638 1.9431818181818181 2.965909090909091
122 46.903549378230046 1.5 1.3863636363636365 2.0 1.8863636363636365 1.6590909090909092 1.2954545454545454 1.9772727272727273
123 12.071995479615513 1.5 1.3863636363636365 2.0 1.8863636363636365 1.6590909090909092 1.2954545454545454 1.9772727272727273
124 29.334829383344324 1.5 1.3863636363636365 2.0 1.8863636363636365 1.6590909090909092 1.2954545454545454 1.9772727272727273
125 45.54975846163242 1.5 1.3863636363636365 2.0 1.8863636363636365 1.6590909090909092 1.2954545454545454 1.9772727272727273
126 24.24165787638125 2.25 2.0795454545454546 3.0 2.8295454545454546 2.4886363636363638 1.9431818181818181 2.965909090909091
127 9.299446063150931 1.5 1.3863636363636365 2.0 1.8863636363636365 1.6590909090909092 1.2954545454545454 1.9772727272727273
128 37.45535295502974 1.5 1.3863636363636365 2.0 1.8863636363636365 1.6590909090909092 1.2954545454545454 1.9772727272727273
129 56.28232569895666 2.25 2.0795454545454546 3.0 2.8295454545454546 2.4886363636363638 1.9431818181818181 2.965909090909091
130 19.08107870963664 2.25 2.0795454545454546 3.0 2.8295454545454546 2.4886363636363638 1.9431818181818181 2.965909090909091
131 25.0 2.25 2.0795454545454546 3.0 2.8295454545454546 2.4886363636363638 1.9431818181818181 2.965909090909091
132 12.7416955806342 2.25 2.0795454545454546 3.0 2.8295454545454546 2.4886363636363638 1.9431818181818181 2.965909090909091
133 5.228653186436206 2.25 2.0795454545454546 3.0 2.8295454545454546 2.4886363636363638 1.9431818181818181 2.965909090909091
134 15.084846559128804 2.25 2.0795454545454546 3.0 2.8295454545454546 2.4886363636363638 1.9431818181818181 2.965909090909091
135 18.083348107029366 2.25 2.0795454545454546 3.0 2.8295454545454546 2.4886363636363638 1.9431818181818181 2.965909090909091
136 9.612644440181871 1.5 1.3863636363636365 2.0 1.8863636363636365 1.6590909090909092 1.2954545454545454 1.9772727272727273
137 12.324204564039535 2.25 2.0795454545454546 3.0 2.8295454545454546 2.4886363636363638 1.9431818181818181 2.965909090909091
138 11.692900282076808 1.5 1.3863636363636365 2.0 1.8863636363636365 1.6590909090909092 1.2954545454545454 1.9772727272727273
139 69.20123030824152 2.25 2.0795454545454546 3.0 2.8295454545454546 2.4886363636363638 1.9431818181818181 2.965909090909091
140 0.8460722610722613 2.25 2.0795454545454546 3.0 2.8295454545454546 2.4886363636363638 1.9431818181818181 2.965909090909091
141 10.628359409867256 2.25 2.0795454545454546 3.0 2.8295454545454546 2.4886363636363638 1.9431818181818181 2.965909090909091
142 8.309808706332237 2.25 2.0795454545454546 3.0 2.8295454545454546 2.4886363636363638 1.9431818181818181 2.965909090909091
143 10.947418938277368 1.5 1.3863636363636365 2.0 1.8863636363636365 1.6590909090909092 1.2954545454545454 1.9772727272727273
144 76.0 1.5 1.3863636363636365 2.0 1.8863636363636365 1.6590909090909092 1.2954545454545454 1.9772727272727273
145 7.559242418878867 2.25 2.0795454545454546 3.0 2.8295454545454546 2.4886363636363638 1.9431818181818181 2.965909090909091
146 14.745283421232292 2.25 2.0795454545454546 3.0 2.8295454545454546 2.4886363636363638 1.9431818181818181 2.965909090909091
147 0.8148063861366723 1.5 1.3863636363636365 2.0 1.8863636363636365 1.6590909090909092 1.2954545454545454 1.9772727272727273
148 3.8201763972470846 1.5 1.3863636363636365 2.0 1.8863636363636365 1.6590909090909092 1.2954545454545454 1.9772727272727273
149 15.839417187422502 2.25 2.0795454545454546 3.0 2.8295454545454546 2.4886363636363638 1.9431818181818181 2.965909090909091
150 33.68261726808335 1.5 1.3863636363636365 2.0 1.8863636363636365 1.6590909090909092 1.2954545454545454 1.9772727272727273
151 3.003665478727488 2.25 2.0795454545454546 3.0 2.8295454545454546 2.4886363636363638 1.9431818181818181 2.965909090909091
152 19.720215027970823 2.25 2.0795454545454546 3.0 2.8295454545454546 2.4886363636363638 1.9431818181818181 2.965909090909091
153 95.23758878497836 2.25 2.0795454545454546 3.0 2.8295454545454546 2.4886363636363638 1.9431818181818181 2.965909090909091
154 31.610684875933686 1.5 1.3863636363636365 2.0 1.8863636363636365 1.6590909090909092 1.2954545454545454 1.9772727272727273
155 59.729674419908825 1.5 1.3863636363636365 2.0 1.8863636363636365 1.6590909090909092 1.2954545454545454 1.9772727272727273
156 39.726995738723225 2.25 2.0795454545454546 3.0 2.8295454545454546 2.4886363636363638 1.9431818181818181 2.965909090909091
157 25.776457850313477 2.25 2.0795454545454546 3.0 2.8295454545454546 2.4886363636363638 1.9431818181818181 2.965909090909091
158 27.0 1.5 1.3863636363636365 2.0 1.8863636363636365 1.6590909090909092 1.2954545454545454 1.9772727272727273
159 5.743713265797014 2.25 2.0795454545454546 3.0 2.8295454545454546 2.4886363636363638 1.9431818181818181 2.965909090909091
160 103.62631882345214 1.5 1.3863636363636365 2.0 1.8863636363636365 1.6590909090909092 1.2954545454545454 1.9772727272727273
161 13.016337721423467 2.25 2.0795454545454546 3.0 2.8295454545454546 2.4886363636363638 1.9431818181818181 2.965909090909091
162 90.89372484972122 2.25 2.0795454545454546 3.0 2.8295454545454546 2.4886363636363638 1.9431818181818181 2.965909090909091
163 33.00466578722747 1.5 1.3863636363636365 2.0 1.8863636363636365 1.6590909090909092 1.2954545454545454 1.9772727272727273
164 16.472012987261795 2.25 2.0795454545454546 3.0 2.8295454545454546 2.4886363636363638 1.9431818181818181 2.965909090909091
165 26.12203040588337 1.5 1.3863636363636365 2.0 1.8863636363636365 1.6590909090909092 1.2954545454545454 1.9772727272727273
166 57.0 2.25 2.0795454545454546 3.0 2.8295454545454546 2.4886363636363638 1.9431818181818181 2.965909090909091
167 1.617947478053861 2.25 2.0795454545454546 3.0 2.8295454545454546 2.4886363636363638 1.9431818181818181 2.965909090909091
168 4.313861733906739 2.25 2.0795454545454546 3.0 2.8295454545454546 2.4886363636363638 1.9431818181818181 2.965909090909091
169 36.626214435890766 1.5 1.3863636363636365 2.0 1.8863636363636365 1.6590909090909092 1.2954545454545454 1.9772727272727273
170 22.802560550200702 2.25 2.0795454545454546 3.0 2.8295454545454546 2.4886363636363638 1.9431818181818181 2.965909090909091
171 10.024756097503735 2.25 2.0795454545454546 3.0 2.8295454545454546 2.4886363636363638 1.9431818181818181 2.965909090909091
172 26.02687796373306 1.5 1.3863636363636365 2.0 1.8863636363636365 1.6590909090909092 1.2954545454545454 1.9772727272727273
173 12.132084971278342 1.5 1.3863636363636365 2.0 1.8863636363636365 1.6590909090909092 1.2954545454545454 1.9772727272727273
174 2.6970758432925486 1.5 1.3863636363636365 2.0 1.8863636363636365 1.6590909090909092 1.2954545454545454 1.9772727272727273
175 2.8015185229848982 2.25 2.0795454545454546 3.0 2.8295454545454546 2.4886363636363638 1.9431818181818181 2.965909090909091
176 30.522806014165486 2.25 2.0795454545454546 3.0 2.8295454545454546 2.4886363636363638 1.9431818181818181 2.965909090909091
177 8.43370992215332 1.5 1.3863636363636365 2.0 1.8863636363636365 1.6590909090909092 1.2954545454545454 1.9772727272727273
178 32.81551432736943 2.25 2.0795454545454546 3.0 2.8295454545454546 2.4886363636363638 1.9431818181818181 2.965909090909091
179 92.0 2.25 2.0795454545454546 3.0 2.8295454545454546 2.4886363636363638 1.9431818181818181 2.965909090909091
180 1.2646947098882895 1.5 1.3863636363636365 2.0 1.8863636363636365 1.6590909090909092 1.2954545454545454 1.9772727272727273
181 78.0 1.5 1.3863636363636365 2.0 1.8863636363636365 1.6590909090909092 1.2954545454545454 1.9772727272727273
182 2.5992706821480405 1.5 1.3863636363636365 2.0 1.8863636363636365 1.6590909090909092 1.2954545454545454 1.9772727272727273
183 1.8451384487723232 2.25 2.0795454545454546 3.0 2.8295454545454546 2.4886363636363638 1.9431818181818181 2.965909090909091
184 30.98968324290911 2.25 2.0795454545454546 3.0 2.8295454545454546 2.4886363636363638 1.9431818181818181 2.965909090909091
185 9.545942148442483 2.25 2.0795454545454546 3.0 2.8295454545454546 2.4886363636363638 1.9431818181818181 2.965909090909091
186 18.46990458780659 1.5 1.3863636363636365 2.0 1.8863636363636365 1.6590909090909092 1.2954545454545454 1.9772727272727273
187 34.36556896122201 2.25 2.0795454545454546 3.0 2.8295454545454546 2.4886363636363638 1.9431818181818181 2.965909090909091
188 28.73902599847326 1.5 1.3863636363636365 2.0 1.8863636363636365 1.6590909090909092 1.2954545454545454 1.9772727272727273
189 10.586321385289992 1.5 1.3863636363636365 2.0 1.8863636363636365 1.6590909090909092 1.2954545454545454 1.9772727272727273
190 64.0475994398964 1.5 1.3863636363636365 2.0 1.8863636363636365 1.6590909090909092 1.2954545454545454 1.9772727272727273
191 11.950402725724755 2.25 2.0795454545454546 3.0 2.8295454545454546 2.4886363636363638 1.9431818181818181 2.965909090909091
192 20.0 1.5 1.3863636363636365 2.0 1.8863636363636365 1.6590909090909092 1.2954545454545454 1.9772727272727273
193 1.5934504788085353 1.5 1.3863636363636365 2.0 1.8863636363636365 1.6590909090909092 1.2954545454545454 1.9772727272727273
194 39.48674376534281 2.25 2.0795454545454546 3.0 2.8295454545454546 2.4886363636363638 1.9431818181818181 2.965909090909091
195 9.266142542252785 2.25 2.0795454545454546 3.0 2.8295454545454546 2.4886363636363638 1.9431818181818181 2.965909090909091
196 33.09683275167924 1.5 1.3863636363636365 2.0 1.8863636363636365 1.6590909090909092 1.2954545454545454 1.9772727272727273
197 1.7960116043778038 2.25 2.0795454545454546 3.0 2.8295454545454546 2.4886363636363638 1.9431818181818181 2.965909090909091
198 10.345306509127171 1.5 1.3863636363636365 2.0 1.8863636363636365 1.6590909090909092 1.2954545454545454 1.9772727272727273
199 4.243421498354337 2.25 2.0795454545454546 3.0 2.8295454545454546 2.4886363636363638 1.9431818181818181 2.965909090909091
200 65.67730463170156 2.25 2.0795454545454546 3.0 2.8295454545454546 2.4886363636363638 1.9431818181818181 2.965909090909091
201 25.755939474632697 2.25 2.0795454545454546 3.0 2.8295454545454546 2.4886363636363638 1.9431818181818181 2.965909090909091
202 1.1074300699300703 1.5 1.3863636363636365 2.0 1.8863636363636365 1.6590909090909092 1.2954545454545454 1.9772727272727273
203 20.996442872763538 1.5 1.3863636363636365 2.0 1.8863636363636365 1.6590909090909092 1.2954545454545454 1.9772727272727273
204 29.29059893851525 2.25 2.0795454545454546 3.0 2.8295454545454546 2.4886363636363638 1.9431818181818181 2.965909090909091
205 1.2796845935861016 2.25 2.0795454545454546 3.0 2.8295454545454546 2.4886363636363638 1.9431818181818181 2.965909090909091
206 28.44843740658318 1.5 1.3863636363636365 2.0 1.8863636363636365 1.6590909090909092 1.2954545454545454 1.9772727272727273
207 23.617956243766844 2.25 2.0795454545454546 3.0 2.8295454545454546 2.4886363636363638 1.9431818181818181 2.965909090909091
208 20.729884412981693 1.5 1.3863636363636365 2.0 1.8863636363636365 1.6590909090909092 1.2954545454545454 1.9772727272727273
209 37.25053830846721 2.25 2.0795454545454546 3.0 2.8295454545454546 2.4886363636363638 1.9431818181818181 2.965909090909091
210 57.0 1.5 1.3863636363636365 2.0 1.8863636363636365 1.6590909090909092 1.2954545454545454 1.9772727272727273
211 16.00575048962561 2.25 2.0795454545454546 3.0 2.8295454545454546 2.4886363636363638 1.9431818181818181 2.965909090909091
212 20.347666243496352 2.25 2.0795454545454546 3.0 2.8295454545454546 2.4886363636363638 1.9431818181818181 2.965909090909091
213 17.404988812696725 1.5 1.3863636363636365 2.0 1.8863636363636365 1.6590909090909092 1.2954545454545454 1.9772727272727273
214 13.834751607810594 1.5 1.3863636363636365 2.0 1.8863636363636365 1.6590909090909092 1.2954545454545454 1.9772727272727273
215 7.968518600325504 1.5 1.3863636363636365 2.0 1.8863636363636365 1.6590909090909092 1.2954545454545454 1.9772727272727273
216 15.004296221817164 1.5 1.3863636363636365 2.0 1.8863636363636365 1.6590909090909092 1.2954545454545454 1.9772727272727273
217 8.662719076023922 1.5 1.3863636363636365 2.0 1.8863636363636365 1.6590909090909092 1.2954545454545454 1.9772727272727273
218 101.79981452890644 1.5 1.3863636363636365 2.0 1.8863636363636365 1.6590909090909092 1.2954545454545454 1.9772727272727273
219 107.0 2.25 2.0795454545454546 3.0 2.8295454545454546 2.4886363636363638 1.9431818181818181 2.965909090909091
220 126.92829113230147 2.25 2.0795454545454546 3.0 2.8295454545454546 2.4886363636363638 1.9431818181818181 2.965909090909091
221 2.520548812491005 2.25 2.0795454545454546 3.0 2.8295454545454546 2.4886363636363638 1.9431818181818181 2.965909090909091
222 35.6892839308375 1.5 1.3863636363636365 2.0 1.8863636363636365 1.6590909090909092 1.2954545454545454 1.9772727272727273
223 9.059547622189129 2.25 2.0795454545454546 3.0 2.8295454545454546 2.4886363636363638 1.9431818181818181 2.965909090909091
224 7.657738794623987 2.25 2.0795454545454546 3.0 2.8295454545454546 2.4886363636363638 1.9431818181818181 2.965909090909091
225 12.868787360122406 1.5 1.3863636363636365 2.0 1.8863636363636365 1.6590909090909092 1.2954545454545454 1.9772727272727273
226 66.0 1.5 1.3863636363636365 2.0 1.8863636363636365 1.6590909090909092 1.2954545454545454 1.9772727272727273
227 3.350474941724941 2.25 2.0795454545454546 3.0 2.8295454545454546 2.4886363636363638 1.9431818181818181 2.965909090909091
228 0.4539393939393939 1.5 1.3863636363636365 2.0 1.8863636363636365 1.6590909090909092 1.2954545454545454 1.9772727272727273
229 4.130980893940203 2.25 2.0795454545454546 3.0 2.8295454545454546 2.4886363636363638 1.9431818181818181 2.965909090909091
230 39.15279391669858 2.25 2.0795454545454546 3.0 2.8295454545454546 2.4886363636363638 1.9431818181818181 2.965909090909091
231 0.5105982371147118 1.5 1.3863636363636365 2.0 1.8863636363636365 1.6590909090909092 1.2954545454545454 1.9772727272727273
232 33.84026991039917 2.25 2.0795454545454546 3.0 2.8295454545454546 2.4886363636363638 1.9431818181818181 2.965909090909091
233 24.214788964232692 2.25 2.0795454545454546 3.0 2.8295454545454546 2.4886363636363638 1.9431818181818181 2.965909090909091
234 15.49278705464215 2.25 2.0795454545454546 3.0 2.8295454545454546 2.4886363636363638 1.9431818181818181 2.965909090909091
235 0.8270079848734446 1.5 1.3863636363636365 2.0 1.8863636363636365 1.6590909090909092 1.2954545454545454 1.9772727272727273
236 0.9647534165181222 2.25 2.0795454545454546 3.0 2.8295454545454546 2.4886363636363638 1.9431818181818181 2.965909090909091
237 12.633007468484356 1.5 1.3863636363636365 2.0 1.8863636363636365 1.6590909090909092 1.2954545454545454 1.9772727272727273
238 28.982434466433283 1.5 1.3863636363636365 2.0 1.8863636363636365 1.6590909090909092 1.2954545454545454 1.9772727272727273
239 7.167796445462994 2.25 2.0795454545454546 3.0 2.8295454545454546 2.4886363636363638 1.9431818181818181 2.965909090909091
240 38.88081227516719 2.25 2.0795454545454546 3.0 2.8295454545454546 2.4886363636363638 1.9431818181818181 2.965909090909091
241 19.254898497745305 1.5 1.3863636363636365 2.0 1.8863636363636365 1.6590909090909092 1.2954545454545454 1.9772727272727273
242 43.0 1.5 1.3863636363636365 2.0 1.8863636363636365 1.6590909090909092 1.2954545454545454 1.9772727272727273
243 15.150810365476254 1.5 1.3863636363636365 2.0 1.8863636363636365 1.6590909090909092 1.2954545454545454 1.9772727272727273
244 8.193915097696072 2.25 2.0795454545454546 3.0 2.8295454545454546 2.4886363636363638 1.9431818181818181 2.965909090909091
245 54.131714275255156 2.25 2.0795454545454546 3.0 2.8295454545454546 2.4886363636363638 1.9431818181818181 2.965909090909091
246 43.35511345285842 2.25 2.0795454545454546 3.0 2.8295454545454546 2.4886363636363638 1.9431818181818181 2.965909090909091
247 23.0 2.25 2.0795454545454546 3.0 2.8295454545454546 2.4886363636363638 1.9431818181818181 2.965909090909091
248 2.157557835387119 1.5 1.3863636363636365 2.0 1.8863636363636365 1.6590909090909092 1.2954545454545454 1.9772727272727273
249 93.57808733916121 1.5 1.3863636363636365 2.0 1.8863636363636365 1.6590909090909092 1.2954545454545454 1.9772727272727273
250 1.3534092311069683 1.5 1.3863636363636365 2.0 1.8863636363636365 1.6590909090909092 1.2954545454545454 1.9772727272727273
251 64.7573038589595 1.5 1.3863636363636365 2.0 1.8863636363636365 1.6590909090909092 1.2954545454545454 1.9772727272727273
252 19.876578588562793 2.25 2.0795454545454546 3.0 2.8295454545454546 2.4886363636363638 1.9431818181818181 2.965909090909091
253 32.57712826285435 2.25 2.0795454545454546 3.0 2.8295454545454546 2.4886363636363638 1.9431818181818181 2.965909090909091
254 16.869202793823536 2.25 2.0795454545454546 3.0 2.8295454545454546 2.4886363636363638 1.9431818181818181 2.965909090909091
255 12.0 1.5 1.3863636363636365 2.0 1.8863636363636365 1.6590909090909092 1.2954545454545454 1.9772727272727273
256 11.076181366921478 2.25 2.0795454545454546 3.0 2.8295454545454546 2.4886363636363638 1.9431818181818181 2.965909090909091
257 10.104540916933438 1.5 1.3863636363636365 2.0 1.8863636363636365 1.6590909090909092 1.2954545454545454 1.9772727272727273
258 50.0 1.5 1.3863636363636365 2.0 1.8863636363636365 1.6590909090909092 1.2954545454545454 1.9772727272727273
259 15.737903003534287 1.5 1.3863636363636365 2.0 1.8863636363636365 1.6590909090909092 1.2954545454545454 1.9772727272727273
260 18.837670304478813 2.25 2.0795454545454546 3.0 2.8295454545454546 2.4886363636363638 1.9431818181818181 2.965909090909091
261 73.94709603851507 2.25 2.0795454545454546 3.0 2.8295454545454546 2.4886363636363638 1.9431818181818181 2.965909090909091
262 50.0394565000254 2.25 2.0795454545454546 3.0 2.8295454545454546 2.4886363636363638 1.9431818181818181 2.965909090909091
263 49.40171213682512 1.5 1.3863636363636365 2.0 1.8863636363636365 1.6590909090909092 1.2954545454545454 1.9772727272727273
264 70.99214011200232 1.5 1.3863636363636365 2.0 1.8863636363636365 1.6590909090909092 1.2954545454545454 1.9772727272727273
265 3.7964418566769824 1.5 1.3863636363636365 2.0 1.8863636363636365 1.6590909090909092 1.2954545454545454 1.9772727272727273
266 36.17165717583413 1.5 1.3863636363636365 2.0 1.8863636363636365 1.6590909090909092 1.2954545454545454 1.9772727272727273
267 6.92814979399984 2.25 2.0795454545454546 3.0 2.8295454545454546 2.4886363636363638 1.9431818181818181 2.965909090909091
268 28.580041154547395 1.5 1.3863636363636365 2.0 1.8863636363636365 1.6590909090909092 1.2954545454545454 1.9772727272727273
269 23.43088326767572 1.5 1.3863636363636365 2.0 1.8863636363636365 1.6590909090909092 1.2954545454545454 1.9772727272727273
270 52.52408264325076 2.25 2.0795454545454546 3.0 2.8295454545454546 2.4886363636363638 1.9431818181818181 2.965909090909091
271 2.290671621499139 2.25 2.0795454545454546 3.0 2.8295454545454546 2.4886363636363638 1.9431818181818181 2.965909090909091
272 23.0 1.5 1.3863636363636365 2.0 1.8863636363636365 1.6590909090909092 1.2954545454545454 1.9772727272727273
273 66.67942471467771 2.25 2.0795454545454546 3.0 2.8295454545454546 2.4886363636363638 1.9431818181818181 2.965909090909091
274 1.1157375643224698 1.5 1.3863636363636365 2.0 1.8863636363636365 1.6590909090909092 1.2954545454545454 1.9772727272727273
275 3.5832287460438716 1.5 1.3863636363636365 2.0 1.8863636363636365 1.6590909090909092 1.2954545454545454 1.9772727272727273
276 9.321164209285604 2.25 2.0795454545454546 3.0 2.8295454545454546 2.4886363636363638 1.9431818181818181 2.965909090909091
277 80.51750982767 1.5 1.3863636363636365 2.0 1.8863636363636365 1.6590909090909092 1.2954545454545454 1.9772727272727273
278 36.462758801404014 1.5 1.3863636363636365 2.0 1.8863636363636365 1.6590909090909092 1.2954545454545454 1.9772727272727273
279 39.52340854599602 1.5 1.3863636363636365 2.0 1.8863636363636365 1.6590909090909092 1.2954545454545454 1.9772727272727273
280 97.5199751486147 1.5 1.3863636363636365 2.0 1.8863636363636365 1.6590909090909092 1.2954545454545454 1.9772727272727273
281 1.0469658095561847 2.25 2.0795454545454546 3.0 2.8295454545454546 2.4886363636363638 1.9431818181818181 2.965909090909091
282 58.59032211323546 2.25 2.0795454545454546 3.0 2.8295454545454546 2.4886363636363638 1.9431818181818181 2.965909090909091
283 4.507339029670326 1.5 1.3863636363636365 2.0 1.8863636363636365 1.6590909090909092 1.2954545454545454 1.9772727272727273
284 25.135457527254186 1.5 1.3863636363636365 2.0 1.8863636363636365 1.6590909090909092 1.2954545454545454 1.9772727272727273
285 7.024335785212083 2.25 2.0795454545454546 3.0 2.8295454545454546 2.4886363636363638 1.9431818181818181 2.965909090909091
286 10.1974066772471 1.5 1.3863636363636365 2.0 1.8863636363636365 1.6590909090909092 1.2954545454545454 1.9772727272727273
287 4.02817162149914 2.25 2.0795454545454546 3.0 2.8295454545454546 2.4886363636363638 1.9431818181818181 2.965909090909091
288 48.59857338230653 1.5 1.3863636363636365 2.0 1.8863636363636365 1.6590909090909092 1.2954545454545454 1.9772727272727273
289 42.44324832068438 2.25 2.0795454545454546 3.0 2.8295454545454546 2.4886363636363638 1.9431818181818181 2.965909090909091
290 35.32309430499167 2.25 2.0795454545454546 3.0 2.8295454545454546 2.4886363636363638 1.9431818181818181 2.965909090909091
291 13.2245760458968 2.25 2.0795454545454546 3.0 2.8295454545454546 2.4886363636363638 1.9431818181818181 2.965909090909091
292 35.40054071248444 1.5 1.3863636363636365 2.0 1.8863636363636365 1.6590909090909092 1.2954545454545454 1.9772727272727273
293 14.036919535600799 2.25 2.0795454545454546 3.0 2.8295454545454546 2.4886363636363638 1.9431818181818181 2.965909090909091
294 9.065685096827616 1.5 1.3863636363636365 2.0 1.8863636363636365 1.6590909090909092 1.2954545454545454 1.9772727272727273
295 33.268243592159216 2.25 2.0795454545454546 3.0 2.8295454545454546 2.4886363636363638 1.9431818181818181 2.965909090909091
296 18.533415747722007 1.5 1.3863636363636365 2.0 1.8863636363636365 1.6590909090909092 1.2954545454545454 1.9772727272727273
297 1.3829359605470815 2.25 2.0795454545454546 3.0 2.8295454545454546 2.4886363636363638 1.9431818181818181 2.965909090909091
298 9.814604656804143 2.25 2.0795454545454546 3.0 2.8295454545454546 2.4886363636363638 1.9431818181818181 2.965909090909091
299 10.921238956056726 2.25 2.0795454545454546 3.0 2.8295454545454546 2.4886363636363638 1.9431818181818181 2.965909090909091
