400 3
TREE NETWORK (nID nID Weight):
394 0 31
341 394 47
119 341 47
265 341 47
22 0 44
371 394 53
385 119 39
3 371 57
120 385 39
333 22 38
210 265 34
113 120 59
344 22 53
69 341 35
353 0 43
30 341 46
301 385 32
144 394 53
170 3 49
361 385 59
167 385 52
96 344 37
192 144 35
260 361 56
9 394 44
79 0 48
285 260 54
175 260 42
236 285 34
281 9 53
80 22 52
376 30 50
383 301 45
156 281 59
158 281 47
42 353 39
279 385 34
171 158 51
13 371 47
259 119 58
50 265 50
4 119 40
203 96 35
12 9 46
231 144 45
369 210 42
187 50 43
115 3 31
6 69 58
312 260 50
223 170 52
396 210 41
151 144 55
1 383 55
112 301 36
195 333 39
11 394 38
222 9 58
19 231 59
45 195 47
256 312 51
18 112 36
367 119 30
293 42 56
326 187 59
365 326 32
363 371 38
239 344 50
54 367 57
130 236 57
289 333 57
388 187 30
350 256 41
60 281 43
164 4 49
196 259 43
186 265 30
261 371 48
146 293 54
211 289 48
161 79 40
91 158 41
271 195 34
76 341 52
63 69 30
47 223 38
207 394 55
275 195 41
92 156 47
8 54 57
117 210 52
295 11 56
300 279 48
97 151 49
51 60 41
364 385 52
280 92 39
103 293 30
190 385 41
131 117 56
381 231 40
342 196 51
311 196 37
366 120 44
35 195 42
241 261 46
75 115 44
32 130 47
368 364 54
229 376 38
10 275 38
95 367 39
283 130 30
303 158 38
248 95 36
53 144 45
37 350 34
356 35 34
282 164 52
360 364 31
246 396 54
169 130 55
216 169 51
177 164 33
244 368 56
351 282 52
206 259 47
72 45 52
25 30 56
278 271 54
247 97 40
238 37 34
267 25 57
153 170 59
94 92 32
332 238 46
252 241 37
237 144 37
329 283 53
7 75 59
116 383 36
160 11 38
208 256 32
254 32 31
334 376 30
380 369 43
306 3 39
242 22 47
309 207 34
88 281 31
219 170 49
102 383 41
67 102 43
78 334 52
199 19 55
250 1 53
370 120 40
358 369 33
378 130 47
86 329 39
114 119 57
288 361 35
48 86 53
100 75 39
395 100 47
382 47 36
93 35 37
339 300 34
310 244 47
181 351 57
15 196 44
166 199 34
56 326 56
39 301 42
176 156 33
125 120 32
274 344 46
317 236 39
215 317 48
291 301 41
398 242 59
106 293 44
128 256 48
33 186 33
137 223 33
287 51 37
73 8 35
362 130 57
389 86 41
372 210 31
347 144 44
105 92 41
68 169 36
384 169 50
84 100 36
188 395 40
174 271 40
81 146 54
197 18 42
338 219 54
379 54 42
255 95 59
133 288 34
220 169 35
16 372 32
136 220 53
70 37 35
325 144 34
357 158 51
179 303 41
294 347 32
399 100 48
276 380 54
65 120 57
172 231 36
111 366 45
124 367 32
90 371 41
257 196 53
157 294 50
354 279 59
27 365 58
5 274 58
313 350 42
193 382 45
104 94 34
82 368 41
152 75 38
150 242 59
343 379 43
66 174 50
258 385 30
145 333 31
118 65 55
49 65 43
212 332 30
122 379 55
277 248 39
387 113 34
110 76 33
165 110 46
83 288 54
346 165 34
201 395 30
391 364 34
99 313 49
297 161 36
194 70 59
77 83 47
324 164 53
397 364 31
134 267 51
331 347 46
273 48 42
245 334 56
233 267 42
359 104 54
71 0 55
198 199 52
348 16 38
148 211 51
234 241 58
284 153 43
202 105 39
228 201 35
55 153 51
180 394 43
296 391 40
52 382 54
204 279 45
337 105 33
302 117 59
249 119 49
352 331 46
109 389 38
299 109 34
205 9 35
163 367 42
17 351 33
314 39 54
24 146 50
268 252 31
14 352 30
23 238 36
292 55 41
235 398 48
305 252 39
21 114 58
154 6 40
20 4 45
41 244 31
308 53 49
319 357 57
304 303 57
38 228 49
74 5 59
345 9 32
373 27 56
168 236 35
209 16 56
253 265 42
85 201 51
34 216 45
349 103 47
147 38 37
107 219 54
101 373 44
327 7 49
108 116 40
44 398 50
139 108 55
191 364 30
28 63 57
374 255 34
320 206 34
226 212 54
185 124 52
225 362 34
335 260 35
272 193 44
87 256 43
386 41 41
323 359 39
263 60 45
264 47 58
57 91 42
132 167 58
316 337 48
321 73 59
142 226 38
140 181 58
58 272 32
64 303 52
143 268 35
214 146 34
2 22 57
224 74 39
298 382 43
336 252 58
40 170 57
322 192 43
266 151 42
392 396 56
213 147 55
217 212 40
178 131 37
61 1 47
159 252 30
31 58 42
129 217 54
162 21 30
121 271 39
270 1 40
184 76 46
89 99 44
141 121 31
390 382 33
189 363 50
29 202 40
36 52 38
138 16 45
62 30 33
375 121 40
127 369 57
126 49 37
340 30 30
43 194 31
227 249 57
330 364 51
183 368 47
182 79 36
98 86 41
123 152 35
318 289 48
269 10 55
200 192 45
232 1 43
315 299 42
149 69 53
286 119 57
355 66 43
328 351 41
393 302 31
307 152 37
46 0 35
290 25 45
26 93 54
230 222 52
243 101 47
240 253 55
59 61 59
218 286 35
221 292 40
155 142 37
377 308 45
135 149 33
262 276 38
251 201 40
173 24 30
PROGRAMS ASSIGNED TO NODES (nID pID1 pID2 ...):
0 1 2 3
2 1
3 2
4 2
5 1 3
10 1
12 1
13 3
14 1 3
16 1 2
17 2
18 1 2
19 2 3
20 3
22 1
24 2 3
27 1 3
29 1 2
31 3
32 1 2
35 2 3
37 1 2
38 2 3
39 1 2
40 1 3
41 1 3
45 1
47 3
50 1
53 1 2
54 2 3
55 1 2
57 1
59 2 3
60 1 2
62 1 3
64 3
65 1
67 1
68 1
69 2
72 2 3
73 1
74 2 3
75 1 2
76 1 3
80 1 2
81 2 3
82 1 3
86 1
87 1 3
88 1
89 2 3
91 1 3
92 2
93 2
94 1 3
96 1 3
97 3
98 1
100 1 3
101 1 2
102 1 2
103 1 2
106 1
107 2
110 1 2
111 2
112 1 3
113 1
114 3
115 1 2
116 1 2
117 1
118 1 2
119 1 2
122 1 3
123 2 3
124 1 2
125 2
126 1
128 2 3
129 2
135 2
138 2 3
139 1
140 3
141 3
142 1
143 1 2
144 2 3
145 1 2
146 2
147 1 3
148 1
149 2 3
151 1
152 1
153 1 2
155 2
156 2
157 1 3
158 1 2
159 1 3
160 1
162 2
164 1 3
166 3
167 1 2
168 2
170 1 2
171 1 3
172 2
173 1 3
175 1 2
176 1 2
177 2
179 1 3
180 2
181 2
182 1 3
183 1 2
184 1 2
185 1 3
186 3
187 1
188 3
189 3
190 1 3
195 1 2
196 1 3
197 1 2
200 3
201 1 2
204 1 2
206 2 3
208 2
211 2 3
212 1
213 1 2
214 2 3
215 3
216 2 3
219 2
220 1 3
221 1 3
222 1 3
224 2 3
225 1 2
226 1 3
229 3
230 2 3
231 2
232 2
233 2
236 1
237 1 2
238 3
240 1
242 1 3
243 3
244 2 3
245 2
247 1
248 3
249 1
251 1 2
252 1 2
253 2
256 1 2
259 1 2
266 3
267 1 3
269 1
270 2
271 3
272 1 2
275 3
276 1 3
277 1 2
278 2 3
279 1 3
280 1 2
282 1 2
283 3
284 2 3
285 3
286 1 2
287 1 2
288 2 3
289 1 3
291 2
292 1 3
293 1 3
296 1 2
297 2
298 1
301 1
303 2
304 2
306 1
307 2 3
309 1
310 3
311 2 3
313 1 3
315 2 3
316 1 2
317 1 2
318 1 2
319 1 3
320 1
321 3
322 1 2
323 2
325 1 3
326 1 3
327 1 2
328 3
330 3
331 1 2
332 2
333 3
334 3
335 2
336 1 3
338 1 2
339 3
340 1 2
342 2 3
343 2 3
344 2
345 1
346 3
347 1 3
348 2 3
351 2
352 1 2
353 1 2
354 1
358 1
364 2
365 2 3
367 2
369 2 3
370 2
372 1 2
373 1 3
379 2
380 3
381 1 2
382 2
383 3
385 2 3
386 1 2
387 2 3
388 1 2
390 1 3
392 2 3
395 2 3
396 3
397 1 3
398 2
SIZE OF PROGRAMS (pID SIZE):
1 95.0
2 61.0
3 75.0
COST TO INSTALL SERVERS AND PROGRAMS ON NODES (COST_TO_INSTALL_SERVER COST_TO_INSTALL_pID1 ...):
0 1486.3157894736842 2.0 1.2842105263157895 1.5789473684210527
1 14.652320933524015 3.0 1.9263157894736842 2.3684210526315788
2 0.08257575757575762 3.0 1.9263157894736842 2.3684210526315788
3 3.8498520037159234 2.0 1.2842105263157895 1.5789473684210527
4 1.5761663295163097 3.0 1.9263157894736842 2.3684210526315788
5 3.9613880162699187 3.0 1.9263157894736842 2.3684210526315788
6 107.0 3.0 1.9263157894736842 2.3684210526315788
7 14.298384145285565 2.0 1.2842105263157895 1.5789473684210527
8 15.924084576575273 2.0 1.2842105263157895 1.5789473684210527
9 0.5406876061120544 3.0 1.9263157894736842 2.3684210526315788
10 5.347236909432031 3.0 1.9263157894736842 2.3684210526315788
11 2.138709677419355 2.0 1.2842105263157895 1.5789473684210527
12 3.1732946576565086 2.0 1.2842105263157895 1.5789473684210527
13 2.310747894457398 2.0 1.2842105263157895 1.5789473684210527
14 2.024460446305079 3.0 1.9263157894736842 2.3684210526315788
15 30.0 2.0 1.2842105263157895 1.5789473684210527
16 3.388272279281615 2.0 1.2842105263157895 1.5789473684210527
17 0.9601707480683619 3.0 1.9263157894736842 2.3684210526315788
18 10.523892952754801 3.0 1.9263157894736842 2.3684210526315788
19 6.122373554207078 3.0 1.9263157894736842 2.3684210526315788
20 4.544138099194451 2.0 1.2842105263157895 1.5789473684210527
21 0.47590704033887765 3.0 1.9263157894736842 2.3684210526315788
22 69.0 3.0 1.9263157894736842 2.3684210526315788
23 18.0 3.0 1.9263157894736842 2.3684210526315788
24 6.809176440280785 2.0 1.2842105263157895 1.5789473684210527
25 1.4218508808576602 3.0 1.9263157894736842 2.3684210526315788
26 80.0 3.0 1.9263157894736842 2.3684210526315788
27 12.283431711738844 3.0 1.9263157894736842 2.3684210526315788
28 74.0 3.0 1.9263157894736842 2.3684210526315788
29 2.426288782847296 3.0 1.9263157894736842 2.3684210526315788
30 7.515052653567013 2.0 1.2842105263157895 1.5789473684210527
31 1.7312431487376658 3.0 1.9263157894736842 2.3684210526315788
32 3.1349242717305126 2.0 1.2842105263157895 1.5789473684210527
33 57.0 3.0 1.9263157894736842 2.3684210526315788
34 84.0 3.0 1.9263157894736842 2.3684210526315788
35 6.976968995916364 3.0 1.9263157894736842 2.3684210526315788
36 18.0 3.0 1.9263157894736842 2.3684210526315788
37 28.77554949367482 2.0 1.2842105263157895 1.5789473684210527
38 18.743706208879324 2.0 1.2842105263157895 1.5789473684210527
39 8.377861206723052 3.0 1.9263157894736842 2.3684210526315788
40 6.303600682138932 2.0 1.2842105263157895 1.5789473684210527
41 13.523306138621901 2.0 1.2842105263157895 1.5789473684210527
42 3.4003681385933535 3.0 1.9263157894736842 2.3684210526315788
43 30.0 2.0 1.2842105263157895 1.5789473684210527
44 35.0 2.0 1.2842105263157895 1.5789473684210527
45 5.205263373244896 3.0 1.9263157894736842 2.3684210526315788
46 75.0 2.0 1.2842105263157895 1.5789473684210527
47 15.741070757093116 2.0 1.2842105263157895 1.5789473684210527
48 67.0 2.0 1.2842105263157895 1.5789473684210527
49 7.712899910738732 3.0 1.9263157894736842 2.3684210526315788
50 5.96338478488603 2.0 1.2842105263157895 1.5789473684210527
51 6.790196112091017 2.0 1.2842105263157895 1.5789473684210527
52 98.0 3.0 1.9263157894736842 2.3684210526315788
53 0.8158110431282101 2.0 1.2842105263157895 1.5789473684210527
54 8.459805837517608 2.0 1.2842105263157895 1.5789473684210527
55 20.534749539290733 2.0 1.2842105263157895 1.5789473684210527
56 26.0 2.0 1.2842105263157895 1.5789473684210527
57 6.369788638015798 3.0 1.9263157894736842 2.3684210526315788
58 1.63161908858729 2.0 1.2842105263157895 1.5789473684210527
59 18.63799228825415 3.0 1.9263157894736842 2.3684210526315788
60 9.09635071989086 2.0 1.2842105263157895 1.5789473684210527
61 17.96830450948519 2.0 1.2842105263157895 1.5789473684210527
62 9.64438952980296 3.0 1.9263157894736842 2.3684210526315788
63 105.0 3.0 1.9263157894736842 2.3684210526315788
64 0.8182310163931268 3.0 1.9263157894736842 2.3684210526315788
65 1.912318751580392 2.0 1.2842105263157895 1.5789473684210527
66 64.0 3.0 1.9263157894736842 2.3684210526315788
67 1.6149203363843272 3.0 1.9263157894736842 2.3684210526315788
68 12.861462005111647 2.0 1.2842105263157895 1.5789473684210527
69 0.6871691239079167 3.0 1.9263157894736842 2.3684210526315788
70 51.0 2.0 1.2842105263157895 1.5789473684210527
71 85.0 3.0 1.9263157894736842 2.3684210526315788
72 4.927563654461751 3.0 1.9263157894736842 2.3684210526315788
73 11.10533144804358 2.0 1.2842105263157895 1.5789473684210527
74 7.973504302393033 2.0 1.2842105263157895 1.5789473684210527
75 2.126961110933145 3.0 1.9263157894736842 2.3684210526315788
76 3.3299270796573293 3.0 1.9263157894736842 2.3684210526315788
77 66.0 3.0 1.9263157894736842 2.3684210526315788
78 85.0 2.0 1.2842105263157895 1.5789473684210527
79 57.0 2.0 1.2842105263157895 1.5789473684210527
80 1.2413397129186603 3.0 1.9263157894736842 2.3684210526315788
81 8.626855912722904 2.0 1.2842105263157895 1.5789473684210527
82 9.651281123496894 3.0 1.9263157894736842 2.3684210526315788
83 108.0 3.0 1.9263157894736842 2.3684210526315788
84 93.0 3.0 1.9263157894736842 2.3684210526315788
85 79.0 3.0 1.9263157894736842 2.3684210526315788
86 19.96963113194937 3.0 1.9263157894736842 2.3684210526315788
87 3.010183243483077 2.0 1.2842105263157895 1.5789473684210527
88 0.8080575997344106 2.0 1.2842105263157895 1.5789473684210527
89 24.463324405090237 3.0 1.9263157894736842 2.3684210526315788
90 33.0 3.0 1.9263157894736842 2.3684210526315788
91 1.4949996188568422 3.0 1.9263157894736842 2.3684210526315788
92 6.50843006851369 3.0 1.9263157894736842 2.3684210526315788
93 0.5730443169916855 3.0 1.9263157894736842 2.3684210526315788
94 15.488558688880614 3.0 1.9263157894736842 2.3684210526315788
95 22.13512129076717 2.0 1.2842105263157895 1.5789473684210527
96 0.8086830759621226 2.0 1.2842105263157895 1.5789473684210527
97 7.577192013715153 3.0 1.9263157894736842 2.3684210526315788
98 16.06901909750537 2.0 1.2842105263157895 1.5789473684210527
99 23.191171295042388 2.0 1.2842105263157895 1.5789473684210527
100 9.517440811342933 3.0 1.9263157894736842 2.3684210526315788
101 39.866783405200344 2.0 1.2842105263157895 1.5789473684210527
102 2.453289012598792 2.0 1.2842105263157895 1.5789473684210527
103 1.0687305472984787 3.0 1.9263157894736842 2.3684210526315788
104 0.861087147116934 3.0 1.9263157894736842 2.3684210526315788
105 7.090584725671615 3.0 1.9263157894736842 2.3684210526315788
106 3.3004315451989865 3.0 1.9263157894736842 2.3684210526315788
107 3.9144454751927786 2.0 1.2842105263157895 1.5789473684210527
108 10.582030053851433 2.0 1.2842105263157895 1.5789473684210527
109 18.164927347596198 2.0 1.2842105263157895 1.5789473684210527
110 1.6514077370449514 3.0 1.9263157894736842 2.3684210526315788
111 0.850729514698557 3.0 1.9263157894736842 2.3684210526315788
112 19.18604149936506 2.0 1.2842105263157895 1.5789473684210527
113 9.862877614090724 2.0 1.2842105263157895 1.5789473684210527
114 0.9697137834290601 2.0 1.2842105263157895 1.5789473684210527
115 11.070714034019923 2.0 1.2842105263157895 1.5789473684210527
116 2.341924014738287 3.0 1.9263157894736842 2.3684210526315788
117 0.9728110044503521 2.0 1.2842105263157895 1.5789473684210527
118 15.576708514907406 3.0 1.9263157894736842 2.3684210526315788
119 0.9986663295163094 3.0 1.9263157894736842 2.3684210526315788
120 7.641485999460928 3.0 1.9263157894736842 2.3684210526315788
121 0.8151318495745742 2.0 1.2842105263157895 1.5789473684210527
122 19.110406441844507 2.0 1.2842105263157895 1.5789473684210527
123 15.323389742916282 3.0 1.9263157894736842 2.3684210526315788
124 2.4905413295163097 3.0 1.9263157894736842 2.3684210526315788
125 0.8313731218224274 2.0 1.2842105263157895 1.5789473684210527
126 1.5422400752132122 3.0 1.9263157894736842 2.3684210526315788
127 10.0 2.0 1.2842105263157895 1.5789473684210527
128 18.20987324736803 2.0 1.2842105263157895 1.5789473684210527
129 1.9830625933357955 3.0 1.9263157894736842 2.3684210526315788
130 4.150610040668055 2.0 1.2842105263157895 1.5789473684210527
131 85.0 2.0 1.2842105263157895 1.5789473684210527
132 100.0 2.0 1.2842105263157895 1.5789473684210527
133 95.0 2.0 1.2842105263157895 1.5789473684210527
134 77.0 3.0 1.9263157894736842 2.3684210526315788
135 4.034213482297212 2.0 1.2842105263157895 1.5789473684210527
136 50.0 2.0 1.2842105263157895 1.5789473684210527
137 102.0 2.0 1.2842105263157895 1.5789473684210527
138 16.513166611143888 3.0 1.9263157894736842 2.3684210526315788
139 11.018393690215069 3.0 1.9263157894736842 2.3684210526315788
140 1.293101738346417 2.0 1.2842105263157895 1.5789473684210527
141 5.868719790146935 3.0 1.9263157894736842 2.3684210526315788
142 22.776760956691078 2.0 1.2842105263157895 1.5789473684210527
143 2.5038365250316725 2.0 1.2842105263157895 1.5789473684210527
144 5.904903738347696 2.0 1.2842105263157895 1.5789473684210527
145 0.9398765241549623 2.0 1.2842105263157895 1.5789473684210527
146 1.4834789829373676 2.0 1.2842105263157895 1.5789473684210527
147 48.760344015914804 3.0 1.9263157894736842 2.3684210526315788
148 0.7167669340463458 3.0 1.9263157894736842 2.3684210526315788
149 7.235592214111637 3.0 1.9263157894736842 2.3684210526315788
150 14.0 3.0 1.9263157894736842 2.3684210526315788
151 0.8203379860041295 2.0 1.2842105263157895 1.5789473684210527
152 2.978013742512093 2.0 1.2842105263157895 1.5789473684210527
153 10.318522894607698 3.0 1.9263157894736842 2.3684210526315788
154 88.0 2.0 1.2842105263157895 1.5789473684210527
155 13.32098580183554 2.0 1.2842105263157895 1.5789473684210527
156 4.788217302556246 3.0 1.9263157894736842 2.3684210526315788
157 7.665063090866379 2.0 1.2842105263157895 1.5789473684210527
158 14.545063312815781 2.0 1.2842105263157895 1.5789473684210527
159 17.33513900107943 2.0 1.2842105263157895 1.5789473684210527
160 3.0387096774193547 3.0 1.9263157894736842 2.3684210526315788
161 0.5217105263157895 3.0 1.9263157894736842 2.3684210526315788
162 4.075442242033266 3.0 1.9263157894736842 2.3684210526315788
163 87.0 3.0 1.9263157894736842 2.3684210526315788
164 17.40455665803149 3.0 1.9263157894736842 2.3684210526315788
165 0.6992148214572824 3.0 1.9263157894736842 2.3684210526315788
166 0.876287363383344 2.0 1.2842105263157895 1.5789473684210527
167 6.667416344567664 2.0 1.2842105263157895 1.5789473684210527
168 6.97990025582266 2.0 1.2842105263157895 1.5789473684210527
169 36.783343240415306 3.0 1.9263157894736842 2.3684210526315788
170 1.3282283920391365 3.0 1.9263157894736842 2.3684210526315788
171 10.838357511506791 3.0 1.9263157894736842 2.3684210526315788
172 2.930684883236698 2.0 1.2842105263157895 1.5789473684210527
173 1.998404446317543 2.0 1.2842105263157895 1.5789473684210527
174 57.0 2.0 1.2842105263157895 1.5789473684210527
175 15.247702757061331 3.0 1.9263157894736842 2.3684210526315788
176 11.96631643936387 2.0 1.2842105263157895 1.5789473684210527
177 0.7255553634529773 3.0 1.9263157894736842 2.3684210526315788
178 38.0 2.0 1.2842105263157895 1.5789473684210527
179 16.263418130534035 2.0 1.2842105263157895 1.5789473684210527
180 0.8760184783037864 3.0 1.9263157894736842 2.3684210526315788
181 15.081742713359331 3.0 1.9263157894736842 2.3684210526315788
182 0.28954678362573105 3.0 1.9263157894736842 2.3684210526315788
183 1.9952277972441976 3.0 1.9263157894736842 2.3684210526315788
184 4.25377140891679 3.0 1.9263157894736842 2.3684210526315788
185 17.930312084447515 2.0 1.2842105263157895 1.5789473684210527
186 3.4454538886681365 3.0 1.9263157894736842 2.3684210526315788
187 2.2410335265787333 2.0 1.2842105263157895 1.5789473684210527
188 1.3089013180778597 2.0 1.2842105263157895 1.5789473684210527
189 3.4375116122625493 2.0 1.2842105263157895 1.5789473684210527
190 1.7644281974901368 2.0 1.2842105263157895 1.5789473684210527
191 55.0 2.0 1.2842105263157895 1.5789473684210527
192 1.3546945574526699 2.0 1.2842105263157895 1.5789473684210527
193 32.11735023921525 2.0 1.2842105263157895 1.5789473684210527
194 11.0 2.0 1.2842105263157895 1.5789473684210527
195 0.9957287449392713 3.0 1.9263157894736842 2.3684210526315788
196 11.604908963465137 3.0 1.9263157894736842 2.3684210526315788
197 12.133416762278609 3.0 1.9263157894736842 2.3684210526315788
198 34.0 2.0 1.2842105263157895 1.5789473684210527
199 0.5767517596681737 3.0 1.9263157894736842 2.3684210526315788
200 3.16533116113473 3.0 1.9263157894736842 2.3684210526315788
201 3.9807581649429657 3.0 1.9263157894736842 2.3684210526315788
202 9.535497006373369 2.0 1.2842105263157895 1.5789473684210527
203 105.0 3.0 1.9263157894736842 2.3684210526315788
204 15.671622984682557 2.0 1.2842105263157895 1.5789473684210527
205 66.0 2.0 1.2842105263157895 1.5789473684210527
206 2.1315894480242448 2.0 1.2842105263157895 1.5789473684210527
207 0.2791788856304986 2.0 1.2842105263157895 1.5789473684210527
208 6.388071505024094 3.0 1.9263157894736842 2.3684210526315788
209 64.0 3.0 1.9263157894736842 2.3684210526315788
210 10.06846856533315 3.0 1.9263157894736842 2.3684210526315788
211 4.514769736842105 3.0 1.9263157894736842 2.3684210526315788
212 22.765234445187453 3.0 1.9263157894736842 2.3684210526315788
213 31.87526938784524 3.0 1.9263157894736842 2.3684210526315788
214 8.665114522209585 3.0 1.9263157894736842 2.3684210526315788
215 1.4856320390727817 3.0 1.9263157894736842 2.3684210526315788
216 2.9575885953716687 2.0 1.2842105263157895 1.5789473684210527
217 11.60586094013173 2.0 1.2842105263157895 1.5789473684210527
218 30.0 2.0 1.2842105263157895 1.5789473684210527
219 1.3795632808654101 2.0 1.2842105263157895 1.5789473684210527
220 3.849366696595538 2.0 1.2842105263157895 1.5789473684210527
221 11.342649670532476 2.0 1.2842105263157895 1.5789473684210527
222 5.63378080908612 3.0 1.9263157894736842 2.3684210526315788
223 1.7724591612699052 3.0 1.9263157894736842 2.3684210526315788
224 5.397523535270713 3.0 1.9263157894736842 2.3684210526315788
225 25.846683869974335 3.0 1.9263157894736842 2.3684210526315788
226 60.98995115468666 2.0 1.2842105263157895 1.5789473684210527
227 56.0 2.0 1.2842105263157895 1.5789473684210527
228 16.24265357730038 3.0 1.9263157894736842 2.3684210526315788
229 0.75402711442747 2.0 1.2842105263157895 1.5789473684210527
230 0.814348122458889 3.0 1.9263157894736842 2.3684210526315788
231 1.2080278907860034 2.0 1.2842105263157895 1.5789473684210527
232 5.994464704063841 3.0 1.9263157894736842 2.3684210526315788
233 4.1515996868271055 2.0 1.2842105263157895 1.5789473684210527
234 76.0 2.0 1.2842105263157895 1.5789473684210527
235 68.0 3.0 1.9263157894736842 2.3684210526315788
236 12.257661458127663 3.0 1.9263157894736842 2.3684210526315788
237 6.829205985304264 2.0 1.2842105263157895 1.5789473684210527
238 5.23217878558151 3.0 1.9263157894736842 2.3684210526315788
239 49.0 2.0 1.2842105263157895 1.5789473684210527
240 0.8096246809699109 3.0 1.9263157894736842 2.3684210526315788
241 5.0223620151575705 3.0 1.9263157894736842 2.3684210526315788
242 1.7220940649496077 3.0 1.9263157894736842 2.3684210526315788
243 1.6823698617138445 2.0 1.2842105263157895 1.5789473684210527
244 24.441601835076668 3.0 1.9263157894736842 2.3684210526315788
245 0.7008004490576507 3.0 1.9263157894736842 2.3684210526315788
246 41.0 2.0 1.2842105263157895 1.5789473684210527
247 5.338810318018648 2.0 1.2842105263157895 1.5789473684210527
248 19.474791499365057 2.0 1.2842105263157895 1.5789473684210527
249 4.227506898435421 2.0 1.2842105263157895 1.5789473684210527
250 19.0 2.0 1.2842105263157895 1.5789473684210527
251 3.2425147416019486 2.0 1.2842105263157895 1.5789473684210527
252 7.207497150292705 3.0 1.9263157894736842 2.3684210526315788
253 1.2100631124826482 2.0 1.2842105263157895 1.5789473684210527
254 96.0 3.0 1.9263157894736842 2.3684210526315788
255 21.0 3.0 1.9263157894736842 2.3684210526315788
256 3.309940622023403 3.0 1.9263157894736842 2.3684210526315788
257 105.0 2.0 1.2842105263157895 1.5789473684210527
258 11.0 3.0 1.9263157894736842 2.3684210526315788
259 5.74035030212741 2.0 1.2842105263157895 1.5789473684210527
260 14.369996673316889 3.0 1.9263157894736842 2.3684210526315788
261 7.05566734471602 2.0 1.2842105263157895 1.5789473684210527
262 108.0 3.0 1.9263157894736842 2.3684210526315788
263 81.0 3.0 1.9263157894736842 2.3684210526315788
264 90.0 3.0 1.9263157894736842 2.3684210526315788
265 0.9986663295163094 3.0 1.9263157894736842 2.3684210526315788
266 0.461537877505139 3.0 1.9263157894736842 2.3684210526315788
267 17.597311434658533 2.0 1.2842105263157895 1.5789473684210527
268 8.918529703708677 2.0 1.2842105263157895 1.5789473684210527
269 6.983600545795668 2.0 1.2842105263157895 1.5789473684210527
270 1.0739275118768175 2.0 1.2842105263157895 1.5789473684210527
271 4.273662945241893 3.0 1.9263157894736842 2.3684210526315788
272 24.362123388672064 3.0 1.9263157894736842 2.3684210526315788
273 105.0 3.0 1.9263157894736842 2.3684210526315788
274 0.9767071801735678 2.0 1.2842105263157895 1.5789473684210527
275 1.1474215343920093 3.0 1.9263157894736842 2.3684210526315788
276 2.528822172037259 2.0 1.2842105263157895 1.5789473684210527
277 19.871753703636806 2.0 1.2842105263157895 1.5789473684210527
278 1.2380817622922888 3.0 1.9263157894736842 2.3684210526315788
279 2.513543681266726 2.0 1.2842105263157895 1.5789473684210527
280 7.17513757120007 3.0 1.9263157894736842 2.3684210526315788
281 7.318167344716019 2.0 1.2842105263157895 1.5789473684210527
282 2.4918256701756505 3.0 1.9263157894736842 2.3684210526315788
283 41.82518534567846 2.0 1.2842105263157895 1.5789473684210527
284 1.3287748227736806 3.0 1.9263157894736842 2.3684210526315788
285 2.8227772233305934 3.0 1.9263157894736842 2.3684210526315788
286 4.820047923515034 2.0 1.2842105263157895 1.5789473684210527
287 7.905644191749624 3.0 1.9263157894736842 2.3684210526315788
288 11.92747224486177 3.0 1.9263157894736842 2.3684210526315788
289 4.852105263157893 3.0 1.9263157894736842 2.3684210526315788
290 42.0 3.0 1.9263157894736842 2.3684210526315788
291 0.7595328269012597 3.0 1.9263157894736842 2.3684210526315788
292 2.013587170932595 3.0 1.9263157894736842 2.3684210526315788
293 6.9066181385933545 3.0 1.9263157894736842 2.3684210526315788
294 9.582668977227831 3.0 1.9263157894736842 2.3684210526315788
295 42.0 3.0 1.9263157894736842 2.3684210526315788
296 9.634072691316891 3.0 1.9263157894736842 2.3684210526315788
297 1.5383771929824557 3.0 1.9263157894736842 2.3684210526315788
298 8.782515256491026 3.0 1.9263157894736842 2.3684210526315788
299 4.448748416246896 3.0 1.9263157894736842 2.3684210526315788
300 5.360329454278996 3.0 1.9263157894736842 2.3684210526315788
301 21.726058790767173 2.0 1.2842105263157895 1.5789473684210527
302 33.0 2.0 1.2842105263157895 1.5789473684210527
303 17.645326470710515 3.0 1.9263157894736842 2.3684210526315788
304 3.931226469310199 3.0 1.9263157894736842 2.3684210526315788
305 23.0 2.0 1.2842105263157895 1.5789473684210527
306 0.595953306178504 3.0 1.9263157894736842 2.3684210526315788
307 8.570029645414213 3.0 1.9263157894736842 2.3684210526315788
308 44.0 2.0 1.2842105263157895 1.5789473684210527
309 0.4585906503363809 3.0 1.9263157894736842 2.3684210526315788
310 1.093172704719051 3.0 1.9263157894736842 2.3684210526315788
311 1.5062887934198468 3.0 1.9263157894736842 2.3684210526315788
312 18.600944041737943 2.0 1.2842105263157895 1.5789473684210527
313 39.66536178270599 2.0 1.2842105263157895 1.5789473684210527
314 47.0 3.0 1.9263157894736842 2.3684210526315788
315 21.30143528410413 2.0 1.2842105263157895 1.5789473684210527
316 10.547402907489797 3.0 1.9263157894736842 2.3684210526315788
317 24.56698008206501 3.0 1.9263157894736842 2.3684210526315788
318 7.9375677830940985 2.0 1.2842105263157895 1.5789473684210527
319 13.12490721910913 3.0 1.9263157894736842 2.3684210526315788
320 6.93623675868473 2.0 1.2842105263157895 1.5789473684210527
321 1.2577519362894283 2.0 1.2842105263157895 1.5789473684210527
322 1.277649359850248 2.0 1.2842105263157895 1.5789473684210527
323 1.1304603664901536 3.0 1.9263157894736842 2.3684210526315788
324 72.0 2.0 1.2842105263157895 1.5789473684210527
325 3.606632070132727 3.0 1.9263157894736842 2.3684210526315788
326 22.37675107761414 2.0 1.2842105263157895 1.5789473684210527
327 9.461287223200449 2.0 1.2842105263157895 1.5789473684210527
328 6.817151441985899 3.0 1.9263157894736842 2.3684210526315788
329 30.679807215209916 3.0 1.9263157894736842 2.3684210526315788
330 5.320721809601691 2.0 1.2842105263157895 1.5789473684210527
331 5.175487015157571 3.0 1.9263157894736842 2.3684210526315788
332 50.80884004357555 2.0 1.2842105263157895 1.5789473684210527
333 2.420526315789474 3.0 1.9263157894736842 2.3684210526315788
334 1.4627410973197068 2.0 1.2842105263157895 1.5789473684210527
335 4.840388731914851 3.0 1.9263157894736842 2.3684210526315788
336 13.865891168855192 3.0 1.9263157894736842 2.3684210526315788
337 9.850648521524883 2.0 1.2842105263157895 1.5789473684210527
338 12.791466634782958 2.0 1.2842105263157895 1.5789473684210527
339 1.1929238460950031 2.0 1.2842105263157895 1.5789473684210527
340 1.3658500822196638 2.0 1.2842105263157895 1.5789473684210527
341 4.502009175306145 2.0 1.2842105263157895 1.5789473684210527
342 1.405387892518946 3.0 1.9263157894736842 2.3684210526315788
343 14.719829919619295 3.0 1.9263157894736842 2.3684210526315788
344 2.847199602780536 2.0 1.2842105263157895 1.5789473684210527
345 0.5192357038123167 3.0 1.9263157894736842 2.3684210526315788
346 0.9987504251724526 2.0 1.2842105263157895 1.5789473684210527
347 3.4178783195053977 3.0 1.9263157894736842 2.3684210526315788
348 2.3527217064624497 2.0 1.2842105263157895 1.5789473684210527
349 95.0 3.0 1.9263157894736842 2.3684210526315788
350 13.556743396594108 3.0 1.9263157894736842 2.3684210526315788
351 1.728587340949234 3.0 1.9263157894736842 2.3684210526315788
352 1.9808844888027843 3.0 1.9263157894736842 2.3684210526315788
353 2.493782129742962 3.0 1.9263157894736842 2.3684210526315788
354 1.0947253895003302 3.0 1.9263157894736842 2.3684210526315788
355 42.0 3.0 1.9263157894736842 2.3684210526315788
356 56.0 2.0 1.2842105263157895 1.5789473684210527
357 10.838357511506791 3.0 1.9263157894736842 2.3684210526315788
358 1.3041879608273084 2.0 1.2842105263157895 1.5789473684210527
359 5.844300660479381 3.0 1.9263157894736842 2.3684210526315788
360 61.0 3.0 1.9263157894736842 2.3684210526315788
361 7.789800691013801 2.0 1.2842105263157895 1.5789473684210527
362 22.329036811150797 3.0 1.9263157894736842 2.3684210526315788
363 0.4229186020437581 2.0 1.2842105263157895 1.5789473684210527
364 17.299240723965553 3.0 1.9263157894736842 2.3684210526315788
365 11.74051882607641 2.0 1.2842105263157895 1.5789473684210527
366 0.7151739591430015 3.0 1.9263157894736842 2.3684210526315788
367 1.7686663295163094 3.0 1.9263157894736842 2.3684210526315788
368 16.236842781416346 2.0 1.2842105263157895 1.5789473684210527
369 8.649325961356618 2.0 1.2842105263157895 1.5789473684210527
370 4.759488730934565 2.0 1.2842105263157895 1.5789473684210527
371 4.168167344716021 2.0 1.2842105263157895 1.5789473684210527
372 22.664376873893723 2.0 1.2842105263157895 1.5789473684210527
373 3.92205191763967 3.0 1.9263157894736842 2.3684210526315788
374 83.0 3.0 1.9263157894736842 2.3684210526315788
375 25.0 3.0 1.9263157894736842 2.3684210526315788
376 7.738792857228865 2.0 1.2842105263157895 1.5789473684210527
377 52.0 2.0 1.2842105263157895 1.5789473684210527
378 47.0 2.0 1.2842105263157895 1.5789473684210527
379 25.220242748257046 2.0 1.2842105263157895 1.5789473684210527
380 2.035059988801391 3.0 1.9263157894736842 2.3684210526315788
381 1.041600516812421 3.0 1.9263157894736842 2.3684210526315788
382 25.687174800618756 3.0 1.9263157894736842 2.3684210526315788
383 26.089392124100506 2.0 1.2842105263157895 1.5789473684210527
384 57.0 3.0 1.9263157894736842 2.3684210526315788
385 5.568409076384006 3.0 1.9263157894736842 2.3684210526315788
386 12.955836702657574 2.0 1.2842105263157895 1.5789473684210527
387 1.9159037694763161 3.0 1.9263157894736842 2.3684210526315788
388 2.0334252387284955 2.0 1.2842105263157895 1.5789473684210527
389 3.834011574141634 2.0 1.2842105263157895 1.5789473684210527
390 2.7391493333869064 3.0 1.9263157894736842 2.3684210526315788
391 8.655651638685313 2.0 1.2842105263157895 1.5789473684210527
392 11.979349573357533 3.0 1.9263157894736842 2.3684210526315788
393 69.0 2.0 1.2842105263157895 1.5789473684210527
394 0.05490662139219 3.0 1.9263157894736842 2.3684210526315788
395 11.237653577300376 3.0 1.9263157894736842 2.3684210526315788
396 6.3389066401880285 2.0 1.2842105263157895 1.5789473684210527
397 17.059132390485566 2.0 1.2842105263157895 1.5789473684210527
398 0.2433923755558125 2.0 1.2842105263157895 1.5789473684210527
399 88.0 3.0 1.9263157894736842 2.3684210526315788
