100 3
TREE NETWORK (nID nID Weight):
39 0 49
52 39 49
48 0 37
95 0 32
71 0 31
62 52 40
93 95 41
34 62 40
42 48 42
6 71 55
84 0 51
26 0 39
50 93 31
41 84 36
20 42 41
45 50 39
58 34 38
18 52 31
35 20 33
94 35 52
44 71 40
1 44 53
70 1 32
49 18 39
13 6 39
8 52 44
55 49 33
56 6 43
9 93 42
5 62 52
40 93 49
21 0 31
78 39 37
17 62 38
96 44 53
76 6 56
12 9 30
67 41 50
73 8 31
16 34 41
69 96 35
30 26 57
22 21 32
4 1 53
2 71 38
60 84 53
66 21 50
36 84 44
37 8 41
98 21 48
72 39 42
19 6 50
74 18 37
51 45 32
89 60 44
3 41 42
28 35 56
77 5 42
53 19 35
61 55 53
75 0 36
14 16 42
27 35 57
46 72 47
86 94 58
82 26 43
23 50 59
10 2 48
38 44 56
63 4 57
47 6 37
90 78 30
92 22 45
79 72 48
15 82 38
80 6 43
88 78 53
31 44 40
97 13 35
57 71 59
83 38 50
85 71 30
91 19 50
43 88 58
65 20 51
33 17 39
24 35 52
29 36 45
81 88 54
99 95 54
54 70 55
32 21 53
68 51 35
64 41 43
59 99 56
11 34 42
87 34 50
7 20 43
25 80 55
PROGRAMS ASSIGNED TO NODES (nID pID1 pID2 ...):
0 1 2 3
1 2
2 1 3
3 2 3
4 1 2
5 2
6 2 3
7 3
8 1
11 2
13 1 3
14 1
17 2
18 1 2
19 1 2
21 3
24 1 3
25 1
26 1
27 2 3
30 1 3
31 2 3
32 1 3
35 3
36 1 2
37 1 2
38 1 3
39 1
41 2
42 2 3
43 1 3
45 2 3
46 1
47 3
48 2 3
49 1
50 1 3
51 2
52 2
54 3
55 1 3
61 3
62 1 3
63 2 3
64 2
65 2
66 1 3
67 2 3
68 1 3
69 1 3
70 3
71 3
72 1 3
73 3
74 2
75 3
76 1 2
77 1 2
78 2
80 1 3
85 3
87 1 2
88 3
89 1 2
90 1 3
91 1 2
92 2 3
94 1 3
97 3
98 1 3
SIZE OF PROGRAMS (pID SIZE):
1 49.0
2 45.0
3 43.0
COST TO INSTALL SERVERS AND PROGRAMS ON NODES (COST_TO_INSTALL_SERVER COST_TO_INSTALL_pID1 ...):
0 1838.7755102040817 3.0 2.7551020408163267 2.63265306122449
1 0.4837423764393159 2.0 1.836734693877551 1.7551020408163265
2 67.0 3.0 2.7551020408163267 2.63265306122449
3 1.1584456004624073 2.0 1.836734693877551 1.7551020408163265
4 3.932449398810038 3.0 2.7551020408163267 2.63265306122449
5 3.1875641025641026 2.0 1.836734693877551 1.7551020408163265
6 0.13184271949248913 2.0 1.836734693877551 1.7551020408163265
7 1.4877900797761427 2.0 1.836734693877551 1.7551020408163265
8 1.0897727272727273 2.0 1.836734693877551 1.7551020408163265
9 108.0 2.0 1.836734693877551 1.7551020408163265
10 64.0 2.0 1.836734693877551 1.7551020408163265
11 1.4418367346938772 3.0 2.7551020408163267 2.63265306122449
12 36.0 3.0 2.7551020408163267 2.63265306122449
13 1.40588132809331 2.0 1.836734693877551 1.7551020408163265
14 0.48117886178861796 2.0 1.836734693877551 1.7551020408163265
15 13.0 3.0 2.7551020408163267 2.63265306122449
16 0.2645121951219512 3.0 2.7551020408163267 2.63265306122449
17 1.3855263157894735 2.0 1.836734693877551 1.7551020408163265
18 3.756451612903227 2.0 1.836734693877551 1.7551020408163265
19 0.2784614279729487 2.0 1.836734693877551 1.7551020408163265
20 0.19183157772007942 3.0 2.7551020408163267 2.63265306122449
21 77.0 3.0 2.7551020408163267 2.63265306122449
22 0.8653116085143732 2.0 1.836734693877551 1.7551020408163265
23 25.0 3.0 2.7551020408163267 2.63265306122449
24 4.481413235768636 3.0 2.7551020408163267 2.63265306122449
25 0.2501998226829434 2.0 1.836734693877551 1.7551020408163265
26 39.0 2.0 1.836734693877551 1.7551020408163265
27 5.549629763897138 2.0 1.836734693877551 1.7551020408163265
28 42.0 2.0 1.836734693877551 1.7551020408163265
29 82.0 2.0 1.836734693877551 1.7551020408163265
30 1.158372120778136 3.0 2.7551020408163267 2.63265306122449
31 0.18509545753785375 3.0 2.7551020408163267 2.63265306122449
32 0.0948488951271318 2.0 1.836734693877551 1.7551020408163265
33 53.0 2.0 1.836734693877551 1.7551020408163265
34 3.603333333333334 2.0 1.836734693877551 1.7551020408163265
35 3.1030122536220093 2.0 1.836734693877551 1.7551020408163265
36 15.0 3.0 2.7551020408163267 2.63265306122449
37 1.0879609937101227 3.0 2.7551020408163267 2.63265306122449
38 0.5537766074171602 3.0 2.7551020408163267 2.63265306122449
39 106.0 3.0 2.7551020408163267 2.63265306122449
40 19.0 2.0 1.836734693877551 1.7551020408163265
41 2.658174380863456 3.0 2.7551020408163267 2.63265306122449
42 75.0 3.0 2.7551020408163267 2.63265306122449
43 1.5743043057663377 3.0 2.7551020408163267 2.63265306122449
44 0.7883813364055299 2.0 1.836734693877551 1.7551020408163265
45 0.9963052031470458 2.0 1.836734693877551 1.7551020408163265
46 0.020921985815602853 3.0 2.7551020408163267 2.63265306122449
47 0.15759750773575662 2.0 1.836734693877551 1.7551020408163265
48 2.588113623827909 2.0 1.836734693877551 1.7551020408163265
49 1.4946382854216949 3.0 2.7551020408163267 2.63265306122449
50 1.2790096029560525 3.0 2.7551020408163267 2.63265306122449
51 1.1448383664123518 3.0 2.7551020408163267 2.63265306122449
52 5.329070518200751E-16 2.0 1.836734693877551 1.7551020408163265
53 12.0 2.0 1.836734693877551 1.7551020408163265
54 2.1863302019474307 2.0 1.836734693877551 1.7551020408163265
55 3.5163245356793733 2.0 1.836734693877551 1.7551020408163265
56 106.0 3.0 2.7551020408163267 2.63265306122449
57 59.0 2.0 1.836734693877551 1.7551020408163265
58 104.0 3.0 2.7551020408163267 2.63265306122449
59 106.0 3.0 2.7551020408163267 2.63265306122449
60 1.110235289084187 2.0 1.836734693877551 1.7551020408163265
61 2.2358765484580636 3.0 2.7551020408163267 2.63265306122449
62 2.0549999999999997 2.0 1.836734693877551 1.7551020408163265
63 0.4515568941482478 3.0 2.7551020408163267 2.63265306122449
64 0.2542575169602724 3.0 2.7551020408163267 2.63265306122449
65 0.9074739981688125 3.0 2.7551020408163267 2.63265306122449
66 0.8070239192451175 2.0 1.836734693877551 1.7551020408163265
67 1.792541727802232 2.0 1.836734693877551 1.7551020408163265
68 7.909345110635994 3.0 2.7551020408163267 2.63265306122449
69 4.505746291212772 2.0 1.836734693877551 1.7551020408163265
70 1.717239292856522 2.0 1.836734693877551 1.7551020408163265
71 3.1972679394338384 2.0 1.836734693877551 1.7551020408163265
72 0.0312925170068028 2.0 1.836734693877551 1.7551020408163265
73 0.23643695014662758 2.0 1.836734693877551 1.7551020408163265
74 0.17494617725032469 3.0 2.7551020408163267 2.63265306122449
75 77.0 2.0 1.836734693877551 1.7551020408163265
76 1.9804423763640349 2.0 1.836734693877551 1.7551020408163265
77 1.940215419501134 3.0 2.7551020408163267 2.63265306122449
78 109.0 3.0 2.7551020408163267 2.63265306122449
79 48.0 3.0 2.7551020408163267 2.63265306122449
80 0.11473510307075846 3.0 2.7551020408163267 2.63265306122449
81 11.0 3.0 2.7551020408163267 2.63265306122449
82 109.0 3.0 2.7551020408163267 2.63265306122449
83 38.0 3.0 2.7551020408163267 2.63265306122449
84 92.0 2.0 1.836734693877551 1.7551020408163265
85 0.01877770463023918 3.0 2.7551020408163267 2.63265306122449
86 82.0 3.0 2.7551020408163267 2.63265306122449
87 2.020040816326531 3.0 2.7551020408163267 2.63265306122449
88 1.0160732931622423 2.0 1.836734693877551 1.7551020408163265
89 109.0 3.0 2.7551020408163267 2.63265306122449
90 0.1798051112336827 3.0 2.7551020408163267 2.63265306122449
91 1.190040337542641 3.0 2.7551020408163267 2.63265306122449
92 0.21565101309340928 3.0 2.7551020408163267 2.63265306122449
93 0.20308766799402697 2.0 1.836734693877551 1.7551020408163265
94 0.7722872632280298 2.0 1.836734693877551 1.7551020408163265
95 0.6596619897959182 3.0 2.7551020408163267 2.63265306122449
96 0.5940731033740339 3.0 2.7551020408163267 2.63265306122449
97 0.18673974259227713 3.0 2.7551020408163267 2.63265306122449
98 0.11293065613342118 2.0 1.836734693877551 1.7551020408163265
99 45.0 2.0 1.836734693877551 1.7551020408163265
