500 6
TREE NETWORK (nID nID Weight):
61 0 43
39 61 54
426 61 55
81 426 35
311 39 48
428 39 50
335 426 59
131 81 50
225 426 33
148 81 54
315 335 48
167 428 34
312 61 59
56 311 40
430 56 59
317 81 56
10 61 55
54 428 51
144 335 46
3 10 55
329 430 31
134 39 39
326 167 44
382 81 32
211 54 37
401 311 33
87 311 56
380 311 53
340 315 44
395 0 31
58 401 42
371 395 39
368 329 38
471 340 47
19 401 33
318 0 41
416 0 37
280 416 40
6 428 46
282 326 42
361 211 48
406 380 40
195 167 36
178 6 54
394 382 41
468 340 41
161 195 55
344 61 32
132 39 52
15 0 52
405 211 52
111 340 45
287 161 58
65 111 50
297 405 38
168 225 44
67 428 46
83 131 46
141 315 49
157 56 32
460 3 41
266 311 54
173 167 36
379 61 49
303 87 38
307 54 57
72 405 46
298 10 41
412 65 32
281 54 31
165 56 30
138 280 32
321 379 51
182 340 57
124 379 55
49 0 33
180 426 47
367 298 31
452 297 58
194 61 42
491 61 33
21 87 59
189 281 51
352 452 56
226 39 56
44 132 30
493 178 53
101 412 35
435 303 52
140 167 32
490 168 46
396 180 48
309 298 32
90 49 46
370 141 39
251 471 42
63 370 41
203 211 32
120 225 46
121 161 46
473 280 47
103 380 53
397 90 55
130 148 39
227 67 58
494 315 57
285 58 55
151 6 43
224 56 43
232 309 38
249 131 42
27 63 30
350 317 56
237 491 58
356 141 43
172 426 43
163 226 35
256 138 49
214 61 44
374 3 43
306 61 40
427 10 57
313 134 52
133 317 33
198 490 45
70 19 54
348 473 30
53 203 46
253 87 45
245 81 45
31 132 39
210 352 52
373 180 43
461 382 53
234 401 44
242 374 40
170 371 46
438 298 54
204 165 59
334 427 56
268 87 44
43 124 31
474 256 34
392 90 56
466 427 30
82 298 32
407 226 59
171 368 48
331 58 47
71 371 51
199 380 33
60 315 42
212 392 34
465 3 59
485 242 52
294 331 45
267 180 37
240 268 56
455 348 37
94 165 39
476 309 53
398 63 34
457 167 48
221 134 51
97 210 42
458 298 58
22 72 30
293 120 54
404 189 47
166 10 37
179 0 49
177 426 40
477 63 31
125 298 50
441 83 57
115 210 50
323 280 59
73 404 31
264 457 50
304 226 52
462 312 59
425 335 34
110 72 51
499 468 46
437 352 53
218 167 38
418 0 37
377 73 54
301 54 38
364 3 52
463 124 52
100 211 51
17 326 31
114 303 59
74 435 50
432 499 40
78 115 55
314 194 52
255 364 44
162 382 41
76 287 46
139 474 58
292 74 49
472 377 38
495 90 31
403 427 41
440 452 45
20 90 30
197 21 53
238 43 44
433 335 38
273 441 45
271 323 53
2 17 31
213 264 33
23 382 56
262 281 33
164 10 57
99 165 48
279 67 39
288 133 40
278 165 33
79 110 47
85 280 42
208 3 30
246 208 58
327 465 45
123 412 31
243 164 49
464 281 31
378 461 49
102 140 58
154 21 33
236 61 53
383 120 58
12 426 49
248 221 57
220 464 37
439 256 31
263 168 58
113 2 37
231 81 56
93 364 53
62 348 54
32 125 59
229 440 50
51 70 33
384 329 36
35 394 59
137 406 34
324 63 39
48 178 42
411 165 52
88 172 45
174 56 32
156 466 43
488 210 44
445 211 53
498 364 44
4 335 31
410 224 33
235 212 55
196 370 47
145 278 53
241 172 42
489 232 53
209 88 33
400 114 33
127 248 30
86 297 34
274 398 33
181 455 43
135 437 51
106 53 46
322 255 52
143 220 38
414 396 40
376 93 45
207 227 41
402 245 34
190 54 46
447 81 31
40 273 43
69 253 50
277 227 56
372 132 42
183 287 51
206 58 50
286 123 48
219 182 58
347 395 55
296 466 56
201 227 54
28 461 30
75 130 43
112 463 52
150 235 43
341 237 35
215 314 48
119 62 36
66 266 35
399 437 51
250 241 35
18 348 55
80 432 48
420 372 53
92 171 57
337 82 43
393 220 56
422 44 55
222 463 46
109 215 40
233 167 56
275 165 59
295 60 40
64 274 56
155 179 37
482 298 43
353 103 57
346 221 43
11 476 34
8 245 33
33 314 52
184 207 40
390 404 53
216 110 57
128 121 35
349 245 30
284 224 48
276 248 48
258 463 37
259 382 55
41 182 49
96 367 42
408 441 47
117 144 32
448 39 46
363 70 33
451 294 52
365 156 48
7 164 42
46 103 55
283 8 59
391 189 42
129 471 59
186 435 45
424 99 56
160 132 33
26 477 55
105 19 34
36 406 51
200 363 52
444 374 35
388 208 40
149 428 56
47 49 55
217 76 49
487 276 36
142 428 46
492 74 34
385 334 49
362 444 34
386 268 59
299 194 34
89 297 45
343 125 55
436 368 49
257 109 43
330 447 44
126 75 44
467 489 40
442 284 46
202 467 39
118 495 50
446 488 38
316 474 39
244 281 47
260 222 34
193 235 46
300 233 58
188 260 35
159 407 47
357 296 32
469 499 42
68 262 48
30 393 39
272 189 47
449 218 32
339 452 36
223 97 46
369 493 33
146 416 38
359 251 50
187 89 34
429 3 50
269 455 50
59 428 38
16 126 32
475 151 45
319 211 59
185 266 30
389 139 31
480 223 44
107 258 54
481 23 32
459 151 46
320 168 44
25 137 41
265 335 40
415 126 30
409 58 31
484 83 41
345 476 59
486 297 55
328 293 58
14 0 41
230 198 33
45 400 55
50 123 54
34 172 49
116 18 38
305 490 59
247 432 48
470 352 39
302 165 47
228 260 55
104 313 54
136 62 34
310 269 47
176 149 59
77 353 54
254 264 42
333 4 50
169 473 58
158 214 46
496 213 39
147 71 51
261 406 58
497 19 52
421 132 50
419 15 46
375 496 54
122 118 39
434 349 47
336 306 44
289 304 48
108 297 41
252 459 52
153 408 52
366 125 37
450 416 32
1 266 55
478 321 40
417 477 47
456 217 50
413 462 33
381 478 40
191 227 31
479 404 50
291 97 38
42 384 56
38 89 49
175 348 31
351 17 31
332 64 58
84 477 45
443 464 38
91 428 59
55 450 44
5 127 43
454 267 30
453 454 46
354 240 33
52 109 47
360 385 40
358 407 53
13 144 49
431 23 38
387 403 49
95 378 40
24 361 55
290 214 41
342 217 33
338 95 35
355 278 36
308 127 47
239 91 46
29 1 33
483 277 43
9 107 33
192 462 37
98 359 53
205 389 36
270 257 53
152 197 56
423 14 50
325 109 40
57 61 58
37 103 43
PROGRAMS ASSIGNED TO NODES (nID pID1 pID2 ...):
0 1 2 3 4 5 6
1 3
2 1 4 5
3 4 6
5 2 5 6
6 1 2 3
7 1 2 3 5 6
8 1 4 6
9 5
10 2
11 1 2 3 4 6
12 2 5
13 1
14 1 4 5 6
15 1 2 3 6
16 2 6
17 4 5
18 1 2 3 4 5
20 2
21 2 6
23 1 3 4 5 6
24 1 2 5 6
25 1 2 3 4 5
26 1 2 3 5 6
27 1 2 5 6
28 1 2 4 6
29 1
30 3
31 2 3 4 6
32 1 2 3 5 6
34 1 2 4 5 6
35 1 4 5
36 2
37 1 3 4
40 1 2 3 6
41 1 2 3 5 6
42 2 3 4 5 6
44 2 4 5
45 6
46 2 3 4 6
47 3 4 6
48 4 6
49 1 2 4 6
50 2 5
51 2 4 5
52 1 3 6
53 1 2 3 4 6
54 2 3 4 5 6
55 1
56 5
57 2 3 5
58 2 4
59 1 4
60 1 3 4 5 6
61 3 4
62 2 3 5 6
63 2 6
64 2 4 5
66 1 2 5 6
67 1 3
68 2 4 5 6
69 1 4
70 1 6
71 1 4 5 6
72 2
73 1 4 5
75 1 2 3 5 6
76 1
77 3 5 6
78 5
80 2 3
82 4 5 6
83 1 2 6
85 2 3 4 5 6
86 3
87 1 4 6
88 1 3 5 6
89 1 4 5 6
90 2 4 6
91 1 3 5 6
92 3 6
93 1 3
94 5
95 2 3 4
96 4 5 6
97 1 3 4 5 6
98 1 3 4 5
99 1 4
100 1 3 4 5 6
101 1 3 4 5 6
102 1 3 4 5 6
103 5
104 2 5 6
105 2 4
106 1 2 4 5 6
107 4 6
110 1
111 1 4 5 6
113 1 2 3 4 5
115 3 4 5
116 1
117 2
118 1 3 6
120 1 2 3 5 6
121 1 4 5 6
122 1 3 4 5
123 2
124 2 3 5 6
126 2 3 4 5 6
127 6
128 1 6
129 3 4
130 1 3 6
131 1 3 5 6
132 2
133 1 2 3 5 6
134 1 5
135 1 2 5 6
137 1 3 4 5
138 4 5 6
139 3 5
140 1
142 3 4 5
144 1 2 3 5 6
145 1 5 6
147 4 5
149 5
151 1 2 4 5
152 1 2 3 4 5
153 2 5
154 1 2 3 5
155 1 2 3 4
156 1 6
158 1 6
160 2 3 5
161 2 4 6
163 1 2 4 5
164 1 2 3 4 6
165 1 4
166 1 2 5
167 1 3 4 5
169 2 4
170 1 2 3 5 6
171 1 2 3 5 6
172 6
174 3
175 1 4 6
176 2 3 4 5 6
177 1 3 4
178 2 3 4 5
179 1 2 3 4
180 2 3 5
181 1 3 6
183 4
184 1 2 4 5
185 5
186 1 3 4 5 6
188 4
189 2 3 4 5 6
190 1 3
191 2 3
193 1 3 4
194 1 3 6
195 1 2 4 5
198 1 2 3 4 5
199 5
200 3
201 2
202 1 4 5 6
203 2 3 4 5 6
205 1 2 3 4
207 1 4
209 1 2 3 4 5
210 2 4 5 6
211 2 3 5 6
212 2 4 5 6
213 3
214 3 6
215 1 2 3 5
216 1 2 4
218 2 3
220 2 5 6
221 2 4 5 6
222 1 3 5 6
224 2 3 5 6
225 2
226 1 4 5 6
227 2 3 4 5 6
228 1 2 4 5 6
229 2 6
230 1 2 5 6
231 2 6
232 2 6
233 4
234 2 4 5
235 3 5 6
236 6
237 2 3
239 1 2 3 4 6
240 4 5 6
241 2 5
242 2 3 4 5 6
243 4
244 1 2 3
245 1 4
246 1 4
247 1 2 3 5 6
248 2 3 4
249 2 6
250 6
251 1 3 4 5 6
253 3 5 6
255 2 3 4
256 1 4
257 2 3 5 6
258 2 3 4 5 6
259 6
260 1 2 5 6
261 3
262 5
263 1 3 4 6
264 1 5
265 3 4 5 6
266 1 3 4
268 4 6
269 2 3 5
270 3
271 1 2 4 5 6
272 1 2 3
273 1 2 6
274 1 6
275 2 3 4 5 6
276 5 6
277 4
278 1 2 4 6
279 2 3 4 5 6
280 1 2 3 4 6
282 1 2 4 5 6
284 5
285 4
286 2
287 1 3 5 6
288 1 2 3 4
290 3
291 1 2 3 4 5
292 3
293 1 3 5 6
294 2 5 6
295 2 3 4
296 4 5 6
297 1 2 5 6
298 2 4
299 1
300 4
301 1 6
302 4 5
303 2 5 6
304 5
305 2 4 5 6
306 5
307 2
308 2 4
309 1 3 4 5 6
310 1 3 4 5
311 3 4 6
312 3
314 1 3 5 6
315 1 2 3 4 6
316 6
317 6
318 3 5
319 1 2 3 4 5
320 1 3 5
321 1 3 4 6
322 6
324 1 2 3 5 6
325 1 2 3 6
326 1 2 3 4
327 2 5
328 1 6
329 6
330 1 2 3 4 5
331 2 3 4 5 6
332 6
333 2
334 3
335 2 3 5
336 3 4 6
337 4 6
338 3 5 6
339 1 2 3 5
340 1 2 3 4 5
344 1 6
345 1 4
346 1
347 2
349 2
350 4
351 6
352 1 3 5 6
353 1 3 4 5 6
354 2 4 5
355 2 6
356 2 4 6
357 1 2 3 5
359 1 5 6
362 4 5
363 1 2 4 5 6
364 1 2
365 2
366 1 2 3 4 5
368 1 2 4 5 6
370 2 5 6
372 2 3 4 5 6
373 1 3 4
374 4 5
375 5
376 1
377 2 3 4
378 1 4 5 6
379 2
381 1 5 6
382 1 2 3 4 6
383 1 4
385 1 3 5 6
386 6
387 2 3 4 6
388 1 5
389 2
390 2 4 5
391 1
392 2 3
393 1 3 4 5
394 2 4 5
397 1 4 5
398 5
400 2
401 1 3 4 5
402 3 4 5
403 1 2 4 5
405 1 4 5
406 3 4
407 4 5
408 1 2 3 4 5
409 3
410 1 3 4 5 6
411 1 3
412 1
413 2 5
414 1 4 6
415 2 5
416 4
417 1 2 5
418 3
420 3
421 1 3 4 6
422 1 3 4 5 6
423 1
426 3 4 5 6
427 1 2 3 4 6
428 1 2 3 5 6
429 1 3
430 2 4 5
433 1 3 4 6
434 3
435 6
436 2 3
437 1 6
439 1 2 3 5 6
440 1 6
441 1 3 5
442 1 2 3 4 6
443 1
445 1 2 3 6
446 1 2 4 5
447 1 2 3 6
448 1 2 3 5
450 3
452 2 3 5 6
453 1 4 5 6
454 4
455 1 2 3 4 6
456 2 4 5 6
457 1 2 3 4 6
458 4 6
460 1
461 4
462 3
463 1 2 3 4 6
464 4 5 6
466 1 2 3 5
467 1 2 4 5
468 1 4 6
469 3 4 6
470 2 4 6
471 2 3 5
472 1 3
473 4 6
476 3 4 5 6
477 3 5
478 3 4
479 1 2
480 3 5
482 4 5
483 1 2 3 5 6
484 3 4 6
488 1 2 3 5 6
489 1 3 5
490 3 5 6
491 2 4
492 3 5
493 1 2 4 5 6
494 1 2 4
495 3 4
496 2 3
497 1 2 4 5 6
498 2 3 4 6
499 1 2 5 6
SIZE OF PROGRAMS (pID SIZE):
1 68.0
2 99.0
3 91.0
4 47.0
5 83.0
6 45.0
COST TO INSTALL SERVERS AND PROGRAMS ON NODES (COST_TO_INSTALL_SERVER COST_TO_INSTALL_pID1 ...):
0 1874.7474747474748 1.3737373737373737 2.0 1.8383838383838385 0.9494949494949495 1.6767676767676767 0.9090909090909091
1 8.411706111502623 2.0606060606060606 3.0 2.757575757575758 1.4242424242424243 2.515151515151515 1.3636363636363635
2 57.29944429937945 1.3737373737373737 2.0 1.8383838383838385 0.9494949494949495 1.6767676767676767 0.9090909090909091
3 10.336550890969495 2.0606060606060606 3.0 2.757575757575758 1.4242424242424243 2.515151515151515 1.3636363636363635
4 4.184304042112222 1.3737373737373737 2.0 1.8383838383838385 0.9494949494949495 1.6767676767676767 0.9090909090909091
5 25.248120672563758 2.0606060606060606 3.0 2.757575757575758 1.4242424242424243 2.515151515151515 1.3636363636363635
6 22.0526837181094 2.0606060606060606 3.0 2.757575757575758 1.4242424242424243 2.515151515151515 1.3636363636363635
7 14.495611332771675 1.3737373737373737 2.0 1.8383838383838385 0.9494949494949495 1.6767676767676767 0.9090909090909091
8 5.730608409678178 1.3737373737373737 2.0 1.8383838383838385 0.9494949494949495 1.6767676767676767 0.9090909090909091
9 1.0509635144684981 2.0606060606060606 3.0 2.757575757575758 1.4242424242424243 2.515151515151515 1.3636363636363635
10 2.548392227927112 2.0606060606060606 3.0 2.757575757575758 1.4242424242424243 2.515151515151515 1.3636363636363635
11 4.380444077446838 1.3737373737373737 2.0 1.8383838383838385 0.9494949494949495 1.6767676767676767 0.9090909090909091
12 4.401267156615993 2.0606060606060606 3.0 2.757575757575758 1.4242424242424243 2.515151515151515 1.3636363636363635
13 0.5462579955950863 1.3737373737373737 2.0 1.8383838383838385 0.9494949494949495 1.6767676767676767 0.9090909090909091
14 26.0 2.0606060606060606 3.0 2.757575757575758 1.4242424242424243 2.515151515151515 1.3636363636363635
15 1.3243006993006983 2.0606060606060606 3.0 2.757575757575758 1.4242424242424243 2.515151515151515 1.3636363636363635
16 10.682859491929257 1.3737373737373737 2.0 1.8383838383838385 0.9494949494949495 1.6767676767676767 0.9090909090909091
17 26.518967176837922 2.0606060606060606 3.0 2.757575757575758 1.4242424242424243 2.515151515151515 1.3636363636363635
18 31.119997115103487 1.3737373737373737 2.0 1.8383838383838385 0.9494949494949495 1.6767676767676767 0.9090909090909091
19 21.26460374788864 2.0606060606060606 3.0 2.757575757575758 1.4242424242424243 2.515151515151515 1.3636363636363635
20 3.2713043478260864 2.0606060606060606 3.0 2.757575757575758 1.4242424242424243 2.515151515151515 1.3636363636363635
21 22.447717304981577 1.3737373737373737 2.0 1.8383838383838385 0.9494949494949495 1.6767676767676767 0.9090909090909091
22 98.0 2.0606060606060606 3.0 2.757575757575758 1.4242424242424243 2.515151515151515 1.3636363636363635
23 22.742093232994403 2.0606060606060606 3.0 2.757575757575758 1.4242424242424243 2.515151515151515 1.3636363636363635
24 3.7530588515078946 1.3737373737373737 2.0 1.8383838383838385 0.9494949494949495 1.6767676767676767 0.9090909090909091
25 38.66310168446133 2.0606060606060606 3.0 2.757575757575758 1.4242424242424243 2.515151515151515 1.3636363636363635
26 64.81104143720667 1.3737373737373737 2.0 1.8383838383838385 0.9494949494949495 1.6767676767676767 0.9090909090909091
27 24.01165243278676 1.3737373737373737 2.0 1.8383838383838385 0.9494949494949495 1.6767676767676767 0.9090909090909091
28 9.569321298216925 2.0606060606060606 3.0 2.757575757575758 1.4242424242424243 2.515151515151515 1.3636363636363635
29 0.743981285725472 1.3737373737373737 2.0 1.8383838383838385 0.9494949494949495 1.6767676767676767 0.9090909090909091
30 1.7856154676787268 1.3737373737373737 2.0 1.8383838383838385 0.9494949494949495 1.6767676767676767 0.9090909090909091
31 14.299878028947793 2.0606060606060606 3.0 2.757575757575758 1.4242424242424243 2.515151515151515 1.3636363636363635
32 16.78497800097362 2.0606060606060606 3.0 2.757575757575758 1.4242424242424243 2.515151515151515 1.3636363636363635
33 73.0 2.0606060606060606 3.0 2.757575757575758 1.4242424242424243 2.515151515151515 1.3636363636363635
34 17.016672275675596 1.3737373737373737 2.0 1.8383838383838385 0.9494949494949495 1.6767676767676767 0.9090909090909091
35 13.340696709603785 2.0606060606060606 3.0 2.757575757575758 1.4242424242424243 2.515151515151515 1.3636363636363635
36 6.289355948171282 1.3737373737373737 2.0 1.8383838383838385 0.9494949494949495 1.6767676767676767 0.9090909090909091
37 2.129984557436291 1.3737373737373737 2.0 1.8383838383838385 0.9494949494949495 1.6767676767676767 0.9090909090909091
38 14.0 2.0606060606060606 3.0 2.757575757575758 1.4242424242424243 2.515151515151515 1.3636363636363635
39 8.940490732351199 1.3737373737373737 2.0 1.8383838383838385 0.9494949494949495 1.6767676767676767 0.9090909090909091
40 21.88675908449311 2.0606060606060606 3.0 2.757575757575758 1.4242424242424243 2.515151515151515 1.3636363636363635
41 32.43322304594986 2.0606060606060606 3.0 2.757575757575758 1.4242424242424243 2.515151515151515 1.3636363636363635
42 45.402338025871806 1.3737373737373737 2.0 1.8383838383838385 0.9494949494949495 1.6767676767676767 0.9090909090909091
43 64.0 1.3737373737373737 2.0 1.8383838383838385 0.9494949494949495 1.6767676767676767 0.9090909090909091
44 7.79597356562473 1.3737373737373737 2.0 1.8383838383838385 0.9494949494949495 1.6767676767676767 0.9090909090909091
45 4.104339631956948 1.3737373737373737 2.0 1.8383838383838385 0.9494949494949495 1.6767676767676767 0.9090909090909091
46 17.41508256102047 2.0606060606060606 3.0 2.757575757575758 1.4242424242424243 2.515151515151515 1.3636363636363635
47 3.1054545454545455 1.3737373737373737 2.0 1.8383838383838385 0.9494949494949495 1.6767676767676767 0.9090909090909091
48 0.9718832623018673 1.3737373737373737 2.0 1.8383838383838385 0.9494949494949495 1.6767676767676767 0.9090909090909091
49 4.186291486291486 1.3737373737373737 2.0 1.8383838383838385 0.9494949494949495 1.6767676767676767 0.9090909090909091
50 3.7490939994350585 1.3737373737373737 2.0 1.8383838383838385 0.9494949494949495 1.6767676767676767 0.9090909090909091
51 27.58818147560881 2.0606060606060606 3.0 2.757575757575758 1.4242424242424243 2.515151515151515 1.3636363636363635
52 19.62957635181906 1.3737373737373737 2.0 1.8383838383838385 0.9494949494949495 1.6767676767676767 0.9090909090909091
53 49.78380282744362 1.3737373737373737 2.0 1.8383838383838385 0.9494949494949495 1.6767676767676767 0.9090909090909091
54 17.78681918132534 1.3737373737373737 2.0 1.8383838383838385 0.9494949494949495 1.6767676767676767 0.9090909090909091
55 2.068611793611794 2.0606060606060606 3.0 2.757575757575758 1.4242424242424243 2.515151515151515 1.3636363636363635
56 2.918664454623757 1.3737373737373737 2.0 1.8383838383838385 0.9494949494949495 1.6767676767676767 0.9090909090909091
57 0.278300648829919 2.0606060606060606 3.0 2.757575757575758 1.4242424242424243 2.515151515151515 1.3636363636363635
58 3.1542274209425374 2.0606060606060606 3.0 2.757575757575758 1.4242424242424243 2.515151515151515 1.3636363636363635
59 5.985467637066983 1.3737373737373737 2.0 1.8383838383838385 0.9494949494949495 1.6767676767676767 0.9090909090909091
60 25.642364269479614 2.0606060606060606 3.0 2.757575757575758 1.4242424242424243 2.515151515151515 1.3636363636363635
61 82.0 2.0606060606060606 3.0 2.757575757575758 1.4242424242424243 2.515151515151515 1.3636363636363635
62 9.048923188178508 2.0606060606060606 3.0 2.757575757575758 1.4242424242424243 2.515151515151515 1.3636363636363635
63 29.62912997181695 1.3737373737373737 2.0 1.8383838383838385 0.9494949494949495 1.6767676767676767 0.9090909090909091
64 37.770878317822714 2.0606060606060606 3.0 2.757575757575758 1.4242424242424243 2.515151515151515 1.3636363636363635
65 4.930423029068772 2.0606060606060606 3.0 2.757575757575758 1.4242424242424243 2.515151515151515 1.3636363636363635
66 11.71070093235791 2.0606060606060606 3.0 2.757575757575758 1.4242424242424243 2.515151515151515 1.3636363636363635
67 5.595457062803878 2.0606060606060606 3.0 2.757575757575758 1.4242424242424243 2.515151515151515 1.3636363636363635
68 11.053727738307133 2.0606060606060606 3.0 2.757575757575758 1.4242424242424243 2.515151515151515 1.3636363636363635
69 1.0624160066892625 2.0606060606060606 3.0 2.757575757575758 1.4242424242424243 2.515151515151515 1.3636363636363635
70 25.502963536248426 2.0606060606060606 3.0 2.757575757575758 1.4242424242424243 2.515151515151515 1.3636363636363635
71 1.1470548426905165 2.0606060606060606 3.0 2.757575757575758 1.4242424242424243 2.515151515151515 1.3636363636363635
72 21.659937496583602 2.0606060606060606 3.0 2.757575757575758 1.4242424242424243 2.515151515151515 1.3636363636363635
73 28.00777228111067 1.3737373737373737 2.0 1.8383838383838385 0.9494949494949495 1.6767676767676767 0.9090909090909091
74 2.1890826406695445 1.3737373737373737 2.0 1.8383838383838385 0.9494949494949495 1.6767676767676767 0.9090909090909091
75 12.326772517503416 1.3737373737373737 2.0 1.8383838383838385 0.9494949494949495 1.6767676767676767 0.9090909090909091
76 4.987152502221718 2.0606060606060606 3.0 2.757575757575758 1.4242424242424243 2.515151515151515 1.3636363636363635
77 2.544864814923676 1.3737373737373737 2.0 1.8383838383838385 0.9494949494949495 1.6767676767676767 0.9090909090909091
78 1.8779982609660166 1.3737373737373737 2.0 1.8383838383838385 0.9494949494949495 1.6767676767676767 0.9090909090909091
79 71.0 2.0606060606060606 3.0 2.757575757575758 1.4242424242424243 2.515151515151515 1.3636363636363635
80 14.301965105694869 1.3737373737373737 2.0 1.8383838383838385 0.9494949494949495 1.6767676767676767 0.9090909090909091
81 16.45588068631258 2.0606060606060606 3.0 2.757575757575758 1.4242424242424243 2.515151515151515 1.3636363636363635
82 11.43528355556415 1.3737373737373737 2.0 1.8383838383838385 0.9494949494949495 1.6767676767676767 0.9090909090909091
83 33.75436515836226 2.0606060606060606 3.0 2.757575757575758 1.4242424242424243 2.515151515151515 1.3636363636363635
84 30.0 2.0606060606060606 3.0 2.757575757575758 1.4242424242424243 2.515151515151515 1.3636363636363635
85 2.0306603681603685 1.3737373737373737 2.0 1.8383838383838385 0.9494949494949495 1.6767676767676767 0.9090909090909091
86 1.4848061031859003 1.3737373737373737 2.0 1.8383838383838385 0.9494949494949495 1.6767676767676767 0.9090909090909091
87 8.37773358286232 2.0606060606060606 3.0 2.757575757575758 1.4242424242424243 2.515151515151515 1.3636363636363635
88 9.455119299305343 2.0606060606060606 3.0 2.757575757575758 1.4242424242424243 2.515151515151515 1.3636363636363635
89 26.531511367696638 1.3737373737373737 2.0 1.8383838383838385 0.9494949494949495 1.6767676767676767 0.9090909090909091
90 13.195918815484033 1.3737373737373737 2.0 1.8383838383838385 0.9494949494949495 1.6767676767676767 0.9090909090909091
91 24.253803081019473 1.3737373737373737 2.0 1.8383838383838385 0.9494949494949495 1.6767676767676767 0.9090909090909091
92 2.4657594936042866 1.3737373737373737 2.0 1.8383838383838385 0.9494949494949495 1.6767676767676767 0.9090909090909091
93 1.232506369599393 1.3737373737373737 2.0 1.8383838383838385 0.9494949494949495 1.6767676767676767 0.9090909090909091
94 0.9651156541563518 2.0606060606060606 3.0 2.757575757575758 1.4242424242424243 2.515151515151515 1.3636363636363635
95 5.304659182888789 1.3737373737373737 2.0 1.8383838383838385 0.9494949494949495 1.6767676767676767 0.9090909090909091
96 15.12689981900501 1.3737373737373737 2.0 1.8383838383838385 0.9494949494949495 1.6767676767676767 0.9090909090909091
97 74.7102883312576 1.3737373737373737 2.0 1.8383838383838385 0.9494949494949495 1.6767676767676767 0.9090909090909091
98 40.47114501506982 2.0606060606060606 3.0 2.757575757575758 1.4242424242424243 2.515151515151515 1.3636363636363635
99 9.828053141231432 2.0606060606060606 3.0 2.757575757575758 1.4242424242424243 2.515151515151515 1.3636363636363635
100 30.460715756008067 2.0606060606060606 3.0 2.757575757575758 1.4242424242424243 2.515151515151515 1.3636363636363635
101 25.13844482519699 2.0606060606060606 3.0 2.757575757575758 1.4242424242424243 2.515151515151515 1.3636363636363635
102 17.292081039824694 1.3737373737373737 2.0 1.8383838383838385 0.9494949494949495 1.6767676767676767 0.9090909090909091
103 11.697761499689431 2.0606060606060606 3.0 2.757575757575758 1.4242424242424243 2.515151515151515 1.3636363636363635
104 6.750280608710841 1.3737373737373737 2.0 1.8383838383838385 0.9494949494949495 1.6767676767676767 0.9090909090909091
105 8.37799159323897 1.3737373737373737 2.0 1.8383838383838385 0.9494949494949495 1.6767676767676767 0.9090909090909091
106 42.72167323426524 1.3737373737373737 2.0 1.8383838383838385 0.9494949494949495 1.6767676767676767 0.9090909090909091
107 1.8623515745608772 1.3737373737373737 2.0 1.8383838383838385 0.9494949494949495 1.6767676767676767 0.9090909090909091
108 89.0 2.0606060606060606 3.0 2.757575757575758 1.4242424242424243 2.515151515151515 1.3636363636363635
109 13.68683085002853 2.0606060606060606 3.0 2.757575757575758 1.4242424242424243 2.515151515151515 1.3636363636363635
110 2.9678357839117973 2.0606060606060606 3.0 2.757575757575758 1.4242424242424243 2.515151515151515 1.3636363636363635
111 33.09601609384571 2.0606060606060606 3.0 2.757575757575758 1.4242424242424243 2.515151515151515 1.3636363636363635
112 28.0 2.0606060606060606 3.0 2.757575757575758 1.4242424242424243 2.515151515151515 1.3636363636363635
113 52.10232650941609 2.0606060606060606 3.0 2.757575757575758 1.4242424242424243 2.515151515151515 1.3636363636363635
114 1.4907993188618875 1.3737373737373737 2.0 1.8383838383838385 0.9494949494949495 1.6767676767676767 0.9090909090909091
115 15.313909435422191 2.0606060606060606 3.0 2.757575757575758 1.4242424242424243 2.515151515151515 1.3636363636363635
116 4.929926565066543 2.0606060606060606 3.0 2.757575757575758 1.4242424242424243 2.515151515151515 1.3636363636363635
117 4.8157293576802465 2.0606060606060606 3.0 2.757575757575758 1.4242424242424243 2.515151515151515 1.3636363636363635
118 21.534747040295432 1.3737373737373737 2.0 1.8383838383838385 0.9494949494949495 1.6767676767676767 0.9090909090909091
119 30.0 1.3737373737373737 2.0 1.8383838383838385 0.9494949494949495 1.6767676767676767 0.9090909090909091
120 12.238434861397453 1.3737373737373737 2.0 1.8383838383838385 0.9494949494949495 1.6767676767676767 0.9090909090909091
121 30.32992909707316 1.3737373737373737 2.0 1.8383838383838385 0.9494949494949495 1.6767676767676767 0.9090909090909091
122 8.638633725320963 2.0606060606060606 3.0 2.757575757575758 1.4242424242424243 2.515151515151515 1.3636363636363635
123 3.412056962398022 1.3737373737373737 2.0 1.8383838383838385 0.9494949494949495 1.6767676767676767 0.9090909090909091
124 1.803175466099054 1.3737373737373737 2.0 1.8383838383838385 0.9494949494949495 1.6767676767676767 0.9090909090909091
125 19.57726739397868 2.0606060606060606 3.0 2.757575757575758 1.4242424242424243 2.515151515151515 1.3636363636363635
126 20.537729920094264 2.0606060606060606 3.0 2.757575757575758 1.4242424242424243 2.515151515151515 1.3636363636363635
127 8.844503315022433 2.0606060606060606 3.0 2.757575757575758 1.4242424242424243 2.515151515151515 1.3636363636363635
128 7.695269429464615 2.0606060606060606 3.0 2.757575757575758 1.4242424242424243 2.515151515151515 1.3636363636363635
129 11.624257502820287 2.0606060606060606 3.0 2.757575757575758 1.4242424242424243 2.515151515151515 1.3636363636363635
130 8.81906420514394 2.0606060606060606 3.0 2.757575757575758 1.4242424242424243 2.515151515151515 1.3636363636363635
131 6.278515568595305 2.0606060606060606 3.0 2.757575757575758 1.4242424242424243 2.515151515151515 1.3636363636363635
132 10.825111774530377 2.0606060606060606 3.0 2.757575757575758 1.4242424242424243 2.515151515151515 1.3636363636363635
133 40.60181193760097 1.3737373737373737 2.0 1.8383838383838385 0.9494949494949495 1.6767676767676767 0.9090909090909091
134 1.6069637941730968 2.0606060606060606 3.0 2.757575757575758 1.4242424242424243 2.515151515151515 1.3636363636363635
135 29.090985578436573 2.0606060606060606 3.0 2.757575757575758 1.4242424242424243 2.515151515151515 1.3636363636363635
136 106.0 2.0606060606060606 3.0 2.757575757575758 1.4242424242424243 2.515151515151515 1.3636363636363635
137 4.096671799775975 2.0606060606060606 3.0 2.757575757575758 1.4242424242424243 2.515151515151515 1.3636363636363635
138 12.124234307359309 2.0606060606060606 3.0 2.757575757575758 1.4242424242424243 2.515151515151515 1.3636363636363635
139 38.711215569558796 1.3737373737373737 2.0 1.8383838383838385 0.9494949494949495 1.6767676767676767 0.9090909090909091
140 14.796678740974118 1.3737373737373737 2.0 1.8383838383838385 0.9494949494949495 1.6767676767676767 0.9090909090909091
141 18.178401838161992 1.3737373737373737 2.0 1.8383838383838385 0.9494949494949495 1.6767676767676767 0.9090909090909091
142 11.893054512090915 1.3737373737373737 2.0 1.8383838383838385 0.9494949494949495 1.6767676767676767 0.9090909090909091
143 105.0 1.3737373737373737 2.0 1.8383838383838385 0.9494949494949495 1.6767676767676767 0.9090909090909091
144 13.878374061258334 1.3737373737373737 2.0 1.8383838383838385 0.9494949494949495 1.6767676767676767 0.9090909090909091
145 16.44152942323631 2.0606060606060606 3.0 2.757575757575758 1.4242424242424243 2.515151515151515 1.3636363636363635
146 90.0 2.0606060606060606 3.0 2.757575757575758 1.4242424242424243 2.515151515151515 1.3636363636363635
147 6.658904030820539 2.0606060606060606 3.0 2.757575757575758 1.4242424242424243 2.515151515151515 1.3636363636363635
148 7.1849205710003075 1.3737373737373737 2.0 1.8383838383838385 0.9494949494949495 1.6767676767676767 0.9090909090909091
149 13.01505067284137 1.3737373737373737 2.0 1.8383838383838385 0.9494949494949495 1.6767676767676767 0.9090909090909091
150 94.0 1.3737373737373737 2.0 1.8383838383838385 0.9494949494949495 1.6767676767676767 0.9090909090909091
151 6.813142568250759 2.0606060606060606 3.0 2.757575757575758 1.4242424242424243 2.515151515151515 1.3636363636363635
152 11.788682467907424 1.3737373737373737 2.0 1.8383838383838385 0.9494949494949495 1.6767676767676767 0.9090909090909091
153 20.87382326103996 1.3737373737373737 2.0 1.8383838383838385 0.9494949494949495 1.6767676767676767 0.9090909090909091
154 23.252712539599127 2.0606060606060606 3.0 2.757575757575758 1.4242424242424243 2.515151515151515 1.3636363636363635
155 0.5225308796737371 2.0606060606060606 3.0 2.757575757575758 1.4242424242424243 2.515151515151515 1.3636363636363635
156 2.021814720027694 1.3737373737373737 2.0 1.8383838383838385 0.9494949494949495 1.6767676767676767 0.9090909090909091
157 92.0 1.3737373737373737 2.0 1.8383838383838385 0.9494949494949495 1.6767676767676767 0.9090909090909091
158 4.11683305927492 1.3737373737373737 2.0 1.8383838383838385 0.9494949494949495 1.6767676767676767 0.9090909090909091
159 50.0 2.0606060606060606 3.0 2.757575757575758 1.4242424242424243 2.515151515151515 1.3636363636363635
160 11.647181113460183 1.3737373737373737 2.0 1.8383838383838385 0.9494949494949495 1.6767676767676767 0.9090909090909091
161 12.297462521113685 1.3737373737373737 2.0 1.8383838383838385 0.9494949494949495 1.6767676767676767 0.9090909090909091
162 50.0 1.3737373737373737 2.0 1.8383838383838385 0.9494949494949495 1.6767676767676767 0.9090909090909091
163 8.59813122923588 2.0606060606060606 3.0 2.757575757575758 1.4242424242424243 2.515151515151515 1.3636363636363635
164 11.8855835148124 2.0606060606060606 3.0 2.757575757575758 1.4242424242424243 2.515151515151515 1.3636363636363635
165 4.361997787957092 1.3737373737373737 2.0 1.8383838383838385 0.9494949494949495 1.6767676767676767 0.9090909090909091
166 3.3391425251890374 2.0606060606060606 3.0 2.757575757575758 1.4242424242424243 2.515151515151515 1.3636363636363635
167 2.6362367956813917 2.0606060606060606 3.0 2.757575757575758 1.4242424242424243 2.515151515151515 1.3636363636363635
168 21.59122336320011 1.3737373737373737 2.0 1.8383838383838385 0.9494949494949495 1.6767676767676767 0.9090909090909091
169 0.8795327879737272 2.0606060606060606 3.0 2.757575757575758 1.4242424242424243 2.515151515151515 1.3636363636363635
170 13.7654240103048 1.3737373737373737 2.0 1.8383838383838385 0.9494949494949495 1.6767676767676767 0.9090909090909091
171 6.321212639097207 1.3737373737373737 2.0 1.8383838383838385 0.9494949494949495 1.6767676767676767 0.9090909090909091
172 7.430703714889759 1.3737373737373737 2.0 1.8383838383838385 0.9494949494949495 1.6767676767676767 0.9090909090909091
173 93.0 1.3737373737373737 2.0 1.8383838383838385 0.9494949494949495 1.6767676767676767 0.9090909090909091
174 4.835083098426121 2.0606060606060606 3.0 2.757575757575758 1.4242424242424243 2.515151515151515 1.3636363636363635
175 16.142248057004405 1.3737373737373737 2.0 1.8383838383838385 0.9494949494949495 1.6767676767676767 0.9090909090909091
176 14.514793867499812 2.0606060606060606 3.0 2.757575757575758 1.4242424242424243 2.515151515151515 1.3636363636363635
177 0.7443727977448907 2.0606060606060606 3.0 2.757575757575758 1.4242424242424243 2.515151515151515 1.3636363636363635
178 8.60500492235174 1.3737373737373737 2.0 1.8383838383838385 0.9494949494949495 1.6767676767676767 0.9090909090909091
179 23.0 2.0606060606060606 3.0 2.757575757575758 1.4242424242424243 2.515151515151515 1.3636363636363635
180 17.618880813507236 1.3737373737373737 2.0 1.8383838383838385 0.9494949494949495 1.6767676767676767 0.9090909090909091
181 15.49789225418122 2.0606060606060606 3.0 2.757575757575758 1.4242424242424243 2.515151515151515 1.3636363636363635
182 20.65599177154195 2.0606060606060606 3.0 2.757575757575758 1.4242424242424243 2.515151515151515 1.3636363636363635
183 0.6753518608256567 2.0606060606060606 3.0 2.757575757575758 1.4242424242424243 2.515151515151515 1.3636363636363635
184 3.5593090577513298 2.0606060606060606 3.0 2.757575757575758 1.4242424242424243 2.515151515151515 1.3636363636363635
185 4.190993070237256 2.0606060606060606 3.0 2.757575757575758 1.4242424242424243 2.515151515151515 1.3636363636363635
186 32.78461720106661 1.3737373737373737 2.0 1.8383838383838385 0.9494949494949495 1.6767676767676767 0.9090909090909091
187 37.0 1.3737373737373737 2.0 1.8383838383838385 0.9494949494949495 1.6767676767676767 0.9090909090909091
188 3.964831681589038 1.3737373737373737 2.0 1.8383838383838385 0.9494949494949495 1.6767676767676767 0.9090909090909091
189 11.887601002703782 1.3737373737373737 2.0 1.8383838383838385 0.9494949494949495 1.6767676767676767 0.9090909090909091
190 1.3184166448881847 1.3737373737373737 2.0 1.8383838383838385 0.9494949494949495 1.6767676767676767 0.9090909090909091
191 16.43278580471775 1.3737373737373737 2.0 1.8383838383838385 0.9494949494949495 1.6767676767676767 0.9090909090909091
192 50.0 1.3737373737373737 2.0 1.8383838383838385 0.9494949494949495 1.6767676767676767 0.9090909090909091
193 8.582062763181689 1.3737373737373737 2.0 1.8383838383838385 0.9494949494949495 1.6767676767676767 0.9090909090909091
194 1.7254001812141349 2.0606060606060606 3.0 2.757575757575758 1.4242424242424243 2.515151515151515 1.3636363636363635
195 22.60376678583109 1.3737373737373737 2.0 1.8383838383838385 0.9494949494949495 1.6767676767676767 0.9090909090909091
196 29.0 2.0606060606060606 3.0 2.757575757575758 1.4242424242424243 2.515151515151515 1.3636363636363635
197 8.895945575170535 2.0606060606060606 3.0 2.757575757575758 1.4242424242424243 2.515151515151515 1.3636363636363635
198 31.43539238258652 2.0606060606060606 3.0 2.757575757575758 1.4242424242424243 2.515151515151515 1.3636363636363635
199 4.057484398615377 2.0606060606060606 3.0 2.757575757575758 1.4242424242424243 2.515151515151515 1.3636363636363635
200 1.5566826207814581 1.3737373737373737 2.0 1.8383838383838385 0.9494949494949495 1.6767676767676767 0.9090909090909091
201 5.88483762769778 1.3737373737373737 2.0 1.8383838383838385 0.9494949494949495 1.6767676767676767 0.9090909090909091
202 35.56052932210889 2.0606060606060606 3.0 2.757575757575758 1.4242424242424243 2.515151515151515 1.3636363636363635
203 19.951055997700493 1.3737373737373737 2.0 1.8383838383838385 0.9494949494949495 1.6767676767676767 0.9090909090909091
204 39.0 1.3737373737373737 2.0 1.8383838383838385 0.9494949494949495 1.6767676767676767 0.9090909090909091
205 16.476509886398475 2.0606060606060606 3.0 2.757575757575758 1.4242424242424243 2.515151515151515 1.3636363636363635
206 45.0 2.0606060606060606 3.0 2.757575757575758 1.4242424242424243 2.515151515151515 1.3636363636363635
207 21.817663404259303 1.3737373737373737 2.0 1.8383838383838385 0.9494949494949495 1.6767676767676767 0.9090909090909091
208 12.243953488372094 1.3737373737373737 2.0 1.8383838383838385 0.9494949494949495 1.6767676767676767 0.9090909090909091
209 31.47506068436301 2.0606060606060606 3.0 2.757575757575758 1.4242424242424243 2.515151515151515 1.3636363636363635
210 29.725540347127303 2.0606060606060606 3.0 2.757575757575758 1.4242424242424243 2.515151515151515 1.3636363636363635
211 9.275615284266452 1.3737373737373737 2.0 1.8383838383838385 0.9494949494949495 1.6767676767676767 0.9090909090909091
212 22.99926054084348 1.3737373737373737 2.0 1.8383838383838385 0.9494949494949495 1.6767676767676767 0.9090909090909091
213 30.6351088501292 2.0606060606060606 3.0 2.757575757575758 1.4242424242424243 2.515151515151515 1.3636363636363635
214 1.1195560253699794 2.0606060606060606 3.0 2.757575757575758 1.4242424242424243 2.515151515151515 1.3636363636363635
215 15.500390500971898 1.3737373737373737 2.0 1.8383838383838385 0.9494949494949495 1.6767676767676767 0.9090909090909091
216 21.35661597938785 1.3737373737373737 2.0 1.8383838383838385 0.9494949494949495 1.6767676767676767 0.9090909090909091
217 4.83150627891762 1.3737373737373737 2.0 1.8383838383838385 0.9494949494949495 1.6767676767676767 0.9090909090909091
218 1.65677827062232 2.0606060606060606 3.0 2.757575757575758 1.4242424242424243 2.515151515151515 1.3636363636363635
219 18.0 1.3737373737373737 2.0 1.8383838383838385 0.9494949494949495 1.6767676767676767 0.9090909090909091
220 34.954002471503195 1.3737373737373737 2.0 1.8383838383838385 0.9494949494949495 1.6767676767676767 0.9090909090909091
221 27.693561191304 1.3737373737373737 2.0 1.8383838383838385 0.9494949494949495 1.6767676767676767 0.9090909090909091
222 29.128401561742084 1.3737373737373737 2.0 1.8383838383838385 0.9494949494949495 1.6767676767676767 0.9090909090909091
223 29.818992269148723 2.0606060606060606 3.0 2.757575757575758 1.4242424242424243 2.515151515151515 1.3636363636363635
224 13.45474592268197 2.0606060606060606 3.0 2.757575757575758 1.4242424242424243 2.515151515151515 1.3636363636363635
225 6.920676532769556 2.0606060606060606 3.0 2.757575757575758 1.4242424242424243 2.515151515151515 1.3636363636363635
226 9.36163965233733 2.0606060606060606 3.0 2.757575757575758 1.4242424242424243 2.515151515151515 1.3636363636363635
227 29.198250220572458 2.0606060606060606 3.0 2.757575757575758 1.4242424242424243 2.515151515151515 1.3636363636363635
228 10.95368978575613 2.0606060606060606 3.0 2.757575757575758 1.4242424242424243 2.515151515151515 1.3636363636363635
229 12.056762182688438 1.3737373737373737 2.0 1.8383838383838385 0.9494949494949495 1.6767676767676767 0.9090909090909091
230 39.43479409872233 1.3737373737373737 2.0 1.8383838383838385 0.9494949494949495 1.6767676767676767 0.9090909090909091
231 6.354974327997584 2.0606060606060606 3.0 2.757575757575758 1.4242424242424243 2.515151515151515 1.3636363636363635
232 36.383899969736255 1.3737373737373737 2.0 1.8383838383838385 0.9494949494949495 1.6767676767676767 0.9090909090909091
233 0.3700789857404085 2.0606060606060606 3.0 2.757575757575758 1.4242424242424243 2.515151515151515 1.3636363636363635
234 18.576607401534726 1.3737373737373737 2.0 1.8383838383838385 0.9494949494949495 1.6767676767676767 0.9090909090909091
235 7.7657098570653575 2.0606060606060606 3.0 2.757575757575758 1.4242424242424243 2.515151515151515 1.3636363636363635
236 0.053193186804419826 2.0606060606060606 3.0 2.757575757575758 1.4242424242424243 2.515151515151515 1.3636363636363635
237 3.3342689120556 2.0606060606060606 3.0 2.757575757575758 1.4242424242424243 2.515151515151515 1.3636363636363635
238 91.0 2.0606060606060606 3.0 2.757575757575758 1.4242424242424243 2.515151515151515 1.3636363636363635
239 2.8091208336499762 1.3737373737373737 2.0 1.8383838383838385 0.9494949494949495 1.6767676767676767 0.9090909090909091
240 12.432228570309963 2.0606060606060606 3.0 2.757575757575758 1.4242424242424243 2.515151515151515 1.3636363636363635
241 7.926831772878286 2.0606060606060606 3.0 2.757575757575758 1.4242424242424243 2.515151515151515 1.3636363636363635
242 21.70729680526193 2.0606060606060606 3.0 2.757575757575758 1.4242424242424243 2.515151515151515 1.3636363636363635
243 1.384242817857086 2.0606060606060606 3.0 2.757575757575758 1.4242424242424243 2.515151515151515 1.3636363636363635
244 16.194217101778 2.0606060606060606 3.0 2.757575757575758 1.4242424242424243 2.515151515151515 1.3636363636363635
245 12.029915864866032 1.3737373737373737 2.0 1.8383838383838385 0.9494949494949495 1.6767676767676767 0.9090909090909091
246 3.9812414441123343 2.0606060606060606 3.0 2.757575757575758 1.4242424242424243 2.515151515151515 1.3636363636363635
247 48.41678502144609 2.0606060606060606 3.0 2.757575757575758 1.4242424242424243 2.515151515151515 1.3636363636363635
248 18.475943912728418 1.3737373737373737 2.0 1.8383838383838385 0.9494949494949495 1.6767676767676767 0.9090909090909091
249 9.220117185140442 2.0606060606060606 3.0 2.757575757575758 1.4242424242424243 2.515151515151515 1.3636363636363635
250 2.342826940501359 2.0606060606060606 3.0 2.757575757575758 1.4242424242424243 2.515151515151515 1.3636363636363635
251 4.236171769021698 1.3737373737373737 2.0 1.8383838383838385 0.9494949494949495 1.6767676767676767 0.9090909090909091
252 87.0 2.0606060606060606 3.0 2.757575757575758 1.4242424242424243 2.515151515151515 1.3636363636363635
253 6.447001651807853 2.0606060606060606 3.0 2.757575757575758 1.4242424242424243 2.515151515151515 1.3636363636363635
254 70.0 2.0606060606060606 3.0 2.757575757575758 1.4242424242424243 2.515151515151515 1.3636363636363635
255 18.08945844852822 2.0606060606060606 3.0 2.757575757575758 1.4242424242424243 2.515151515151515 1.3636363636363635
256 24.270942778685132 1.3737373737373737 2.0 1.8383838383838385 0.9494949494949495 1.6767676767676767 0.9090909090909091
257 3.6628268436989373 1.3737373737373737 2.0 1.8383838383838385 0.9494949494949495 1.6767676767676767 0.9090909090909091
258 3.208407358158189 1.3737373737373737 2.0 1.8383838383838385 0.9494949494949495 1.6767676767676767 0.9090909090909091
259 2.406721911809121 2.0606060606060606 3.0 2.757575757575758 1.4242424242424243 2.515151515151515 1.3636363636363635
260 20.914892927042207 2.0606060606060606 3.0 2.757575757575758 1.4242424242424243 2.515151515151515 1.3636363636363635
261 0.9419860399218973 1.3737373737373737 2.0 1.8383838383838385 0.9494949494949495 1.6767676767676767 0.9090909090909091
262 28.023683214921384 2.0606060606060606 3.0 2.757575757575758 1.4242424242424243 2.515151515151515 1.3636363636363635
263 2.296833086275749 1.3737373737373737 2.0 1.8383838383838385 0.9494949494949495 1.6767676767676767 0.9090909090909091
264 17.342646235496787 2.0606060606060606 3.0 2.757575757575758 1.4242424242424243 2.515151515151515 1.3636363636363635
265 5.0421442051576095 1.3737373737373737 2.0 1.8383838383838385 0.9494949494949495 1.6767676767676767 0.9090909090909091
266 2.200642569101871 2.0606060606060606 3.0 2.757575757575758 1.4242424242424243 2.515151515151515 1.3636363636363635
267 1.68980340333136 1.3737373737373737 2.0 1.8383838383838385 0.9494949494949495 1.6767676767676767 0.9090909090909091
268 1.9971599997762788 2.0606060606060606 3.0 2.757575757575758 1.4242424242424243 2.515151515151515 1.3636363636363635
269 36.69577143487782 2.0606060606060606 3.0 2.757575757575758 1.4242424242424243 2.515151515151515 1.3636363636363635
270 7.3191932599359095 1.3737373737373737 2.0 1.8383838383838385 0.9494949494949495 1.6767676767676767 0.9090909090909091
271 13.880155615393866 1.3737373737373737 2.0 1.8383838383838385 0.9494949494949495 1.6767676767676767 0.9090909090909091
272 12.12933609011917 1.3737373737373737 2.0 1.8383838383838385 0.9494949494949495 1.6767676767676767 0.9090909090909091
273 3.97876126016853 1.3737373737373737 2.0 1.8383838383838385 0.9494949494949495 1.6767676767676767 0.9090909090909091
274 57.159563915792546 2.0606060606060606 3.0 2.757575757575758 1.4242424242424243 2.515151515151515 1.3636363636363635
275 10.471813147460239 2.0606060606060606 3.0 2.757575757575758 1.4242424242424243 2.515151515151515 1.3636363636363635
276 5.274733785968096 2.0606060606060606 3.0 2.757575757575758 1.4242424242424243 2.515151515151515 1.3636363636363635
277 28.610588501647175 1.3737373737373737 2.0 1.8383838383838385 0.9494949494949495 1.6767676767676767 0.9090909090909091
278 41.828609349307044 1.3737373737373737 2.0 1.8383838383838385 0.9494949494949495 1.6767676767676767 0.9090909090909091
279 24.891865725431618 1.3737373737373737 2.0 1.8383838383838385 0.9494949494949495 1.6767676767676767 0.9090909090909091
280 1.3780227955227955 1.3737373737373737 2.0 1.8383838383838385 0.9494949494949495 1.6767676767676767 0.9090909090909091
281 9.82569624079902 1.3737373737373737 2.0 1.8383838383838385 0.9494949494949495 1.6767676767676767 0.9090909090909091
282 24.115283244798988 1.3737373737373737 2.0 1.8383838383838385 0.9494949494949495 1.6767676767676767 0.9090909090909091
283 92.0 2.0606060606060606 3.0 2.757575757575758 1.4242424242424243 2.515151515151515 1.3636363636363635
284 42.021929035649976 2.0606060606060606 3.0 2.757575757575758 1.4242424242424243 2.515151515151515 1.3636363636363635
285 2.9496920198664385 2.0606060606060606 3.0 2.757575757575758 1.4242424242424243 2.515151515151515 1.3636363636363635
286 11.773554042112222 2.0606060606060606 3.0 2.757575757575758 1.4242424242424243 2.515151515151515 1.3636363636363635
287 47.31173249255475 1.3737373737373737 2.0 1.8383838383838385 0.9494949494949495 1.6767676767676767 0.9090909090909091
288 26.253500117453612 1.3737373737373737 2.0 1.8383838383838385 0.9494949494949495 1.6767676767676767 0.9090909090909091
289 77.0 1.3737373737373737 2.0 1.8383838383838385 0.9494949494949495 1.6767676767676767 0.9090909090909091
290 0.45655892446873736 1.3737373737373737 2.0 1.8383838383838385 0.9494949494949495 1.6767676767676767 0.9090909090909091
291 8.85056462590406 2.0606060606060606 3.0 2.757575757575758 1.4242424242424243 2.515151515151515 1.3636363636363635
292 7.983476069490145 1.3737373737373737 2.0 1.8383838383838385 0.9494949494949495 1.6767676767676767 0.9090909090909091
293 16.412581970701286 2.0606060606060606 3.0 2.757575757575758 1.4242424242424243 2.515151515151515 1.3636363636363635
294 19.070317808394257 1.3737373737373737 2.0 1.8383838383838385 0.9494949494949495 1.6767676767676767 0.9090909090909091
295 21.721874375050124 1.3737373737373737 2.0 1.8383838383838385 0.9494949494949495 1.6767676767676767 0.9090909090909091
296 18.279717863444475 2.0606060606060606 3.0 2.757575757575758 1.4242424242424243 2.515151515151515 1.3636363636363635
297 55.43328263107807 1.3737373737373737 2.0 1.8383838383838385 0.9494949494949495 1.6767676767676767 0.9090909090909091
298 3.735691277903416 2.0606060606060606 3.0 2.757575757575758 1.4242424242424243 2.515151515151515 1.3636363636363635
299 2.2960233564884724 1.3737373737373737 2.0 1.8383838383838385 0.9494949494949495 1.6767676767676767 0.9090909090909091
300 2.9915292958426596 1.3737373737373737 2.0 1.8383838383838385 0.9494949494949495 1.6767676767676767 0.9090909090909091
301 3.7897719730565393 2.0606060606060606 3.0 2.757575757575758 1.4242424242424243 2.515151515151515 1.3636363636363635
302 11.154151603172298 2.0606060606060606 3.0 2.757575757575758 1.4242424242424243 2.515151515151515 1.3636363636363635
303 3.3114786871748323 2.0606060606060606 3.0 2.757575757575758 1.4242424242424243 2.515151515151515 1.3636363636363635
304 2.9212791730233594 1.3737373737373737 2.0 1.8383838383838385 0.9494949494949495 1.6767676767676767 0.9090909090909091
305 9.284835070729233 1.3737373737373737 2.0 1.8383838383838385 0.9494949494949495 1.6767676767676767 0.9090909090909091
306 4.297896405919663 2.0606060606060606 3.0 2.757575757575758 1.4242424242424243 2.515151515151515 1.3636363636363635
307 4.676206494348045 1.3737373737373737 2.0 1.8383838383838385 0.9494949494949495 1.6767676767676767 0.9090909090909091
308 15.555931616860242 1.3737373737373737 2.0 1.8383838383838385 0.9494949494949495 1.6767676767676767 0.9090909090909091
309 27.674357851568928 2.0606060606060606 3.0 2.757575757575758 1.4242424242424243 2.515151515151515 1.3636363636363635
310 4.471944345699665 1.3737373737373737 2.0 1.8383838383838385 0.9494949494949495 1.6767676767676767 0.9090909090909091
311 5.395335623678646 2.0606060606060606 3.0 2.757575757575758 1.4242424242424243 2.515151515151515 1.3636363636363635
312 0.5460804338218608 1.3737373737373737 2.0 1.8383838383838385 0.9494949494949495 1.6767676767676767 0.9090909090909091
313 7.673929816953073 2.0606060606060606 3.0 2.757575757575758 1.4242424242424243 2.515151515151515 1.3636363636363635
314 12.967105762454597 2.0606060606060606 3.0 2.757575757575758 1.4242424242424243 2.515151515151515 1.3636363636363635
315 2.555483635129378 1.3737373737373737 2.0 1.8383838383838385 0.9494949494949495 1.6767676767676767 0.9090909090909091
316 0.5779572765129489 2.0606060606060606 3.0 2.757575757575758 1.4242424242424243 2.515151515151515 1.3636363636363635
317 11.300885252621132 1.3737373737373737 2.0 1.8383838383838385 0.9494949494949495 1.6767676767676767 0.9090909090909091
318 0.3157920670115793 1.3737373737373737 2.0 1.8383838383838385 0.9494949494949495 1.6767676767676767 0.9090909090909091
319 4.080065797093691 1.3737373737373737 2.0 1.8383838383838385 0.9494949494949495 1.6767676767676767 0.9090909090909091
320 8.21532299741602 1.3737373737373737 2.0 1.8383838383838385 0.9494949494949495 1.6767676767676767 0.9090909090909091
321 8.442208172909758 2.0606060606060606 3.0 2.757575757575758 1.4242424242424243 2.515151515151515 1.3636363636363635
322 2.7163685152057244 1.3737373737373737 2.0 1.8383838383838385 0.9494949494949495 1.6767676767676767 0.9090909090909091
323 10.140099737642112 2.0606060606060606 3.0 2.757575757575758 1.4242424242424243 2.515151515151515 1.3636363636363635
324 24.25325622065781 2.0606060606060606 3.0 2.757575757575758 1.4242424242424243 2.515151515151515 1.3636363636363635
325 24.800305808532553 1.3737373737373737 2.0 1.8383838383838385 0.9494949494949495 1.6767676767676767 0.9090909090909091
326 9.854417788068954 1.3737373737373737 2.0 1.8383838383838385 0.9494949494949495 1.6767676767676767 0.9090909090909091
327 1.24647786497215 2.0606060606060606 3.0 2.757575757575758 1.4242424242424243 2.515151515151515 1.3636363636363635
328 4.844598470868707 2.0606060606060606 3.0 2.757575757575758 1.4242424242424243 2.515151515151515 1.3636363636363635
329 17.7890009755493 2.0606060606060606 3.0 2.757575757575758 1.4242424242424243 2.515151515151515 1.3636363636363635
330 37.94881306185132 1.3737373737373737 2.0 1.8383838383838385 0.9494949494949495 1.6767676767676767 0.9090909090909091
331 17.033567051034684 2.0606060606060606 3.0 2.757575757575758 1.4242424242424243 2.515151515151515 1.3636363636363635
332 0.9637642696191911 2.0606060606060606 3.0 2.757575757575758 1.4242424242424243 2.515151515151515 1.3636363636363635
333 0.795384007018704 2.0606060606060606 3.0 2.757575757575758 1.4242424242424243 2.515151515151515 1.3636363636363635
334 11.378295840906002 1.3737373737373737 2.0 1.8383838383838385 0.9494949494949495 1.6767676767676767 0.9090909090909091
335 1.2160265644223074 2.0606060606060606 3.0 2.757575757575758 1.4242424242424243 2.515151515151515 1.3636363636363635
336 3.2525273079633545 1.3737373737373737 2.0 1.8383838383838385 0.9494949494949495 1.6767676767676767 0.9090909090909091
337 3.589222299569719 2.0606060606060606 3.0 2.757575757575758 1.4242424242424243 2.515151515151515 1.3636363636363635
338 12.555541859824029 2.0606060606060606 3.0 2.757575757575758 1.4242424242424243 2.515151515151515 1.3636363636363635
339 30.480779147677012 1.3737373737373737 2.0 1.8383838383838385 0.9494949494949495 1.6767676767676767 0.9090909090909091
340 18.709179733735812 1.3737373737373737 2.0 1.8383838383838385 0.9494949494949495 1.6767676767676767 0.9090909090909091
341 14.0 2.0606060606060606 3.0 2.757575757575758 1.4242424242424243 2.515151515151515 1.3636363636363635
342 37.0 1.3737373737373737 2.0 1.8383838383838385 0.9494949494949495 1.6767676767676767 0.9090909090909091
343 28.0 1.3737373737373737 2.0 1.8383838383838385 0.9494949494949495 1.6767676767676767 0.9090909090909091
344 1.1851296394174304 2.0606060606060606 3.0 2.757575757575758 1.4242424242424243 2.515151515151515 1.3636363636363635
345 9.045187860675222 2.0606060606060606 3.0 2.757575757575758 1.4242424242424243 2.515151515151515 1.3636363636363635
346 0.5438366973250695 2.0606060606060606 3.0 2.757575757575758 1.4242424242424243 2.515151515151515 1.3636363636363635
347 1.1961290322580642 2.0606060606060606 3.0 2.757575757575758 1.4242424242424243 2.515151515151515 1.3636363636363635
348 3.74263272460081 1.3737373737373737 2.0 1.8383838383838385 0.9494949494949495 1.6767676767676767 0.9090909090909091
349 8.674853742295603 1.3737373737373737 2.0 1.8383838383838385 0.9494949494949495 1.6767676767676767 0.9090909090909091
350 2.126852914527333 2.0606060606060606 3.0 2.757575757575758 1.4242424242424243 2.515151515151515 1.3636363636363635
351 0.6665691088547538 2.0606060606060606 3.0 2.757575757575758 1.4242424242424243 2.515151515151515 1.3636363636363635
352 17.756021574242993 1.3737373737373737 2.0 1.8383838383838385 0.9494949494949495 1.6767676767676767 0.9090909090909091
353 22.42743107353789 2.0606060606060606 3.0 2.757575757575758 1.4242424242424243 2.515151515151515 1.3636363636363635
354 10.511691282984886 1.3737373737373737 2.0 1.8383838383838385 0.9494949494949495 1.6767676767676767 0.9090909090909091
355 2.141550387596899 2.0606060606060606 3.0 2.757575757575758 1.4242424242424243 2.515151515151515 1.3636363636363635
356 1.9612276330307328 1.3737373737373737 2.0 1.8383838383838385 0.9494949494949495 1.6767676767676767 0.9090909090909091
357 20.668001095276953 1.3737373737373737 2.0 1.8383838383838385 0.9494949494949495 1.6767676767676767 0.9090909090909091
358 91.0 2.0606060606060606 3.0 2.757575757575758 1.4242424242424243 2.515151515151515 1.3636363636363635
359 4.566798031647958 2.0606060606060606 3.0 2.757575757575758 1.4242424242424243 2.515151515151515 1.3636363636363635
360 79.0 2.0606060606060606 3.0 2.757575757575758 1.4242424242424243 2.515151515151515 1.3636363636363635
361 3.216695215144259 1.3737373737373737 2.0 1.8383838383838385 0.9494949494949495 1.6767676767676767 0.9090909090909091
362 1.4372205541836187 2.0606060606060606 3.0 2.757575757575758 1.4242424242424243 2.515151515151515 1.3636363636363635
363 62.9262080243185 1.3737373737373737 2.0 1.8383838383838385 0.9494949494949495 1.6767676767676767 0.9090909090909091
364 8.894976900790857 1.3737373737373737 2.0 1.8383838383838385 0.9494949494949495 1.6767676767676767 0.9090909090909091
365 6.302395960832315 2.0606060606060606 3.0 2.757575757575758 1.4242424242424243 2.515151515151515 1.3636363636363635
366 33.552697314031406 1.3737373737373737 2.0 1.8383838383838385 0.9494949494949495 1.6767676767676767 0.9090909090909091
367 11.585233152338345 1.3737373737373737 2.0 1.8383838383838385 0.9494949494949495 1.6767676767676767 0.9090909090909091
368 15.029968690992298 1.3737373737373737 2.0 1.8383838383838385 0.9494949494949495 1.6767676767676767 0.9090909090909091
369 43.0 2.0606060606060606 3.0 2.757575757575758 1.4242424242424243 2.515151515151515 1.3636363636363635
370 37.045224334584574 1.3737373737373737 2.0 1.8383838383838385 0.9494949494949495 1.6767676767676767 0.9090909090909091
371 6.315949641756092 2.0606060606060606 3.0 2.757575757575758 1.4242424242424243 2.515151515151515 1.3636363636363635
372 10.219560406575908 1.3737373737373737 2.0 1.8383838383838385 0.9494949494949495 1.6767676767676767 0.9090909090909091
373 8.12892747364791 1.3737373737373737 2.0 1.8383838383838385 0.9494949494949495 1.6767676767676767 0.9090909090909091
374 17.909607704956546 2.0606060606060606 3.0 2.757575757575758 1.4242424242424243 2.515151515151515 1.3636363636363635
375 1.4622854897673638 2.0606060606060606 3.0 2.757575757575758 1.4242424242424243 2.515151515151515 1.3636363636363635
376 3.65720330861182 2.0606060606060606 3.0 2.757575757575758 1.4242424242424243 2.515151515151515 1.3636363636363635
377 26.687230340188936 2.0606060606060606 3.0 2.757575757575758 1.4242424242424243 2.515151515151515 1.3636363636363635
378 32.04762624905019 2.0606060606060606 3.0 2.757575757575758 1.4242424242424243 2.515151515151515 1.3636363636363635
379 3.9184819926158334 1.3737373737373737 2.0 1.8383838383838385 0.9494949494949495 1.6767676767676767 0.9090909090909091
380 2.215771849325491 2.0606060606060606 3.0 2.757575757575758 1.4242424242424243 2.515151515151515 1.3636363636363635
381 9.757129710235045 2.0606060606060606 3.0 2.757575757575758 1.4242424242424243 2.515151515151515 1.3636363636363635
382 28.579554524240994 1.3737373737373737 2.0 1.8383838383838385 0.9494949494949495 1.6767676767676767 0.9090909090909091
383 7.980771899697318 1.3737373737373737 2.0 1.8383838383838385 0.9494949494949495 1.6767676767676767 0.9090909090909091
384 37.57871488974866 2.0606060606060606 3.0 2.757575757575758 1.4242424242424243 2.515151515151515 1.3636363636363635
385 1.9212861302304391 2.0606060606060606 3.0 2.757575757575758 1.4242424242424243 2.515151515151515 1.3636363636363635
386 2.698358770712929 1.3737373737373737 2.0 1.8383838383838385 0.9494949494949495 1.6767676767676767 0.9090909090909091
387 16.49827326528046 1.3737373737373737 2.0 1.8383838383838385 0.9494949494949495 1.6767676767676767 0.9090909090909091
388 6.3961582883094525 1.3737373737373737 2.0 1.8383838383838385 0.9494949494949495 1.6767676767676767 0.9090909090909091
389 24.765142739957046 1.3737373737373737 2.0 1.8383838383838385 0.9494949494949495 1.6767676767676767 0.9090909090909091
390 21.048386150037775 1.3737373737373737 2.0 1.8383838383838385 0.9494949494949495 1.6767676767676767 0.9090909090909091
391 5.17158673218088 2.0606060606060606 3.0 2.757575757575758 1.4242424242424243 2.515151515151515 1.3636363636363635
392 8.300156287811568 1.3737373737373737 2.0 1.8383838383838385 0.9494949494949495 1.6767676767676767 0.9090909090909091
393 24.648875649770243 1.3737373737373737 2.0 1.8383838383838385 0.9494949494949495 1.6767676767676767 0.9090909090909091
394 25.48605912203225 2.0606060606060606 3.0 2.757575757575758 1.4242424242424243 2.515151515151515 1.3636363636363635
395 2.0135316296606613 1.3737373737373737 2.0 1.8383838383838385 0.9494949494949495 1.6767676767676767 0.9090909090909091
396 8.614993577536872 1.3737373737373737 2.0 1.8383838383838385 0.9494949494949495 1.6767676767676767 0.9090909090909091
397 8.418695652173913 1.3737373737373737 2.0 1.8383838383838385 0.9494949494949495 1.6767676767676767 0.9090909090909091
398 22.047459869994594 2.0606060606060606 3.0 2.757575757575758 1.4242424242424243 2.515151515151515 1.3636363636363635
399 62.0 2.0606060606060606 3.0 2.757575757575758 1.4242424242424243 2.515151515151515 1.3636363636363635
400 1.781708409770978 2.0606060606060606 3.0 2.757575757575758 1.4242424242424243 2.515151515151515 1.3636363636363635
401 25.636040429209032 1.3737373737373737 2.0 1.8383838383838385 0.9494949494949495 1.6767676767676767 0.9090909090909091
402 7.8464634719285895 1.3737373737373737 2.0 1.8383838383838385 0.9494949494949495 1.6767676767676767 0.9090909090909091
403 15.428588903806984 2.0606060606060606 3.0 2.757575757575758 1.4242424242424243 2.515151515151515 1.3636363636363635
404 12.852799919271188 2.0606060606060606 3.0 2.757575757575758 1.4242424242424243 2.515151515151515 1.3636363636363635
405 31.23528220478837 1.3737373737373737 2.0 1.8383838383838385 0.9494949494949495 1.6767676767676767 0.9090909090909091
406 27.584623072418896 2.0606060606060606 3.0 2.757575757575758 1.4242424242424243 2.515151515151515 1.3636363636363635
407 4.612333890993068 2.0606060606060606 3.0 2.757575757575758 1.4242424242424243 2.515151515151515 1.3636363636363635
408 27.99783545887737 2.0606060606060606 3.0 2.757575757575758 1.4242424242424243 2.515151515151515 1.3636363636363635
409 1.079944812592037 2.0606060606060606 3.0 2.757575757575758 1.4242424242424243 2.515151515151515 1.3636363636363635
410 9.874240597186335 2.0606060606060606 3.0 2.757575757575758 1.4242424242424243 2.515151515151515 1.3636363636363635
411 8.265915648735414 1.3737373737373737 2.0 1.8383838383838385 0.9494949494949495 1.6767676767676767 0.9090909090909091
412 42.1895367666046 2.0606060606060606 3.0 2.757575757575758 1.4242424242424243 2.515151515151515 1.3636363636363635
413 5.304187851448397 1.3737373737373737 2.0 1.8383838383838385 0.9494949494949495 1.6767676767676767 0.9090909090909091
414 4.94735029663283 1.3737373737373737 2.0 1.8383838383838385 0.9494949494949495 1.6767676767676767 0.9090909090909091
415 22.76932764335865 2.0606060606060606 3.0 2.757575757575758 1.4242424242424243 2.515151515151515 1.3636363636363635
416 1.9842244842244847 1.3737373737373737 2.0 1.8383838383838385 0.9494949494949495 1.6767676767676767 0.9090909090909091
417 15.12797831803677 2.0606060606060606 3.0 2.757575757575758 1.4242424242424243 2.515151515151515 1.3636363636363635
418 29.0 2.0606060606060606 3.0 2.757575757575758 1.4242424242424243 2.515151515151515 1.3636363636363635
419 52.0 1.3737373737373737 2.0 1.8383838383838385 0.9494949494949495 1.6767676767676767 0.9090909090909091
420 0.7596728215310928 1.3737373737373737 2.0 1.8383838383838385 0.9494949494949495 1.6767676767676767 0.9090909090909091
421 10.683101419682815 1.3737373737373737 2.0 1.8383838383838385 0.9494949494949495 1.6767676767676767 0.9090909090909091
422 18.500573896387845 1.3737373737373737 2.0 1.8383838383838385 0.9494949494949495 1.6767676767676767 0.9090909090909091
423 0.16447992116284801 1.3737373737373737 2.0 1.8383838383838385 0.9494949494949495 1.6767676767676767 0.9090909090909091
424 85.0 1.3737373737373737 2.0 1.8383838383838385 0.9494949494949495 1.6767676767676767 0.9090909090909091
425 28.0 1.3737373737373737 2.0 1.8383838383838385 0.9494949494949495 1.6767676767676767 0.9090909090909091
426 0.48212825933756176 2.0606060606060606 3.0 2.757575757575758 1.4242424242424243 2.515151515151515 1.3636363636363635
427 10.11161582603443 2.0606060606060606 3.0 2.757575757575758 1.4242424242424243 2.515151515151515 1.3636363636363635
428 13.043056388916852 2.0606060606060606 3.0 2.757575757575758 1.4242424242424243 2.515151515151515 1.3636363636363635
429 7.242984731031241 1.3737373737373737 2.0 1.8383838383838385 0.9494949494949495 1.6767676767676767 0.9090909090909091
430 34.960243557209964 1.3737373737373737 2.0 1.8383838383838385 0.9494949494949495 1.6767676767676767 0.9090909090909091
431 38.0 1.3737373737373737 2.0 1.8383838383838385 0.9494949494949495 1.6767676767676767 0.9090909090909091
432 33.066396973305636 2.0606060606060606 3.0 2.757575757575758 1.4242424242424243 2.515151515151515 1.3636363636363635
433 4.856891712385564 1.3737373737373737 2.0 1.8383838383838385 0.9494949494949495 1.6767676767676767 0.9090909090909091
434 6.362984721035191 2.0606060606060606 3.0 2.757575757575758 1.4242424242424243 2.515151515151515 1.3636363636363635
435 21.204193171849237 1.3737373737373737 2.0 1.8383838383838385 0.9494949494949495 1.6767676767676767 0.9090909090909091
436 22.321348972004515 2.0606060606060606 3.0 2.757575757575758 1.4242424242424243 2.515151515151515 1.3636363636363635
437 38.76421878782665 1.3737373737373737 2.0 1.8383838383838385 0.9494949494949495 1.6767676767676767 0.9090909090909091
438 59.0 2.0606060606060606 3.0 2.757575757575758 1.4242424242424243 2.515151515151515 1.3636363636363635
439 26.805669934851966 1.3737373737373737 2.0 1.8383838383838385 0.9494949494949495 1.6767676767676767 0.9090909090909091
440 3.6722076646313306 1.3737373737373737 2.0 1.8383838383838385 0.9494949494949495 1.6767676767676767 0.9090909090909091
441 38.463586356539125 1.3737373737373737 2.0 1.8383838383838385 0.9494949494949495 1.6767676767676767 0.9090909090909091
442 18.675158505626996 2.0606060606060606 3.0 2.757575757575758 1.4242424242424243 2.515151515151515 1.3636363636363635
443 1.03368210260965 1.3737373737373737 2.0 1.8383838383838385 0.9494949494949495 1.6767676767676767 0.9090909090909091
444 1.1861807443202792 1.3737373737373737 2.0 1.8383838383838385 0.9494949494949495 1.6767676767676767 0.9090909090909091
445 9.733127222897659 1.3737373737373737 2.0 1.8383838383838385 0.9494949494949495 1.6767676767676767 0.9090909090909091
446 21.127935041150085 1.3737373737373737 2.0 1.8383838383838385 0.9494949494949495 1.6767676767676767 0.9090909090909091
447 29.825005110275722 2.0606060606060606 3.0 2.757575757575758 1.4242424242424243 2.515151515151515 1.3636363636363635
448 10.33844137362843 1.3737373737373737 2.0 1.8383838383838385 0.9494949494949495 1.6767676767676767 0.9090909090909091
449 53.0 2.0606060606060606 3.0 2.757575757575758 1.4242424242424243 2.515151515151515 1.3636363636363635
450 0.44478654791154804 2.0606060606060606 3.0 2.757575757575758 1.4242424242424243 2.515151515151515 1.3636363636363635
451 34.0 1.3737373737373737 2.0 1.8383838383838385 0.9494949494949495 1.6767676767676767 0.9090909090909091
452 6.100714978070858 2.0606060606060606 3.0 2.757575757575758 1.4242424242424243 2.515151515151515 1.3636363636363635
453 2.782609727442032 2.0606060606060606 3.0 2.757575757575758 1.4242424242424243 2.515151515151515 1.3636363636363635
454 2.49980340333136 1.3737373737373737 2.0 1.8383838383838385 0.9494949494949495 1.6767676767676767 0.9090909090909091
455 23.65636893248596 2.0606060606060606 3.0 2.757575757575758 1.4242424242424243 2.515151515151515 1.3636363636363635
456 5.379506278917621 1.3737373737373737 2.0 1.8383838383838385 0.9494949494949495 1.6767676767676767 0.9090909090909091
457 3.9756938663884647 1.3737373737373737 2.0 1.8383838383838385 0.9494949494949495 1.6767676767676767 0.9090909090909091
458 3.721777739844906 2.0606060606060606 3.0 2.757575757575758 1.4242424242424243 2.515151515151515 1.3636363636363635
459 91.0 2.0606060606060606 3.0 2.757575757575758 1.4242424242424243 2.515151515151515 1.3636363636363635
460 2.1912318877945647 2.0606060606060606 3.0 2.757575757575758 1.4242424242424243 2.515151515151515 1.3636363636363635
461 3.8893772485558915 2.0606060606060606 3.0 2.757575757575758 1.4242424242424243 2.515151515151515 1.3636363636363635
462 3.530773043800241 1.3737373737373737 2.0 1.8383838383838385 0.9494949494949495 1.6767676767676767 0.9090909090909091
463 13.932443947182913 1.3737373737373737 2.0 1.8383838383838385 0.9494949494949495 1.6767676767676767 0.9090909090909091
464 33.60684897232287 2.0606060606060606 3.0 2.757575757575758 1.4242424242424243 2.515151515151515 1.3636363636363635
465 1.025871804366089 1.3737373737373737 2.0 1.8383838383838385 0.9494949494949495 1.6767676767676767 0.9090909090909091
466 6.520983166160646 2.0606060606060606 3.0 2.757575757575758 1.4242424242424243 2.515151515151515 1.3636363636363635
467 28.10389645797112 2.0606060606060606 3.0 2.757575757575758 1.4242424242424243 2.515151515151515 1.3636363636363635
468 21.979577087059987 2.0606060606060606 3.0 2.757575757575758 1.4242424242424243 2.515151515151515 1.3636363636363635
469 2.5909736320506123 2.0606060606060606 3.0 2.757575757575758 1.4242424242424243 2.515151515151515 1.3636363636363635
470 22.28893091335318 1.3737373737373737 2.0 1.8383838383838385 0.9494949494949495 1.6767676767676767 0.9090909090909091
471 23.57878459695769 1.3737373737373737 2.0 1.8383838383838385 0.9494949494949495 1.6767676767676767 0.9090909090909091
472 24.54017918581936 2.0606060606060606 3.0 2.757575757575758 1.4242424242424243 2.515151515151515 1.3636363636363635
473 1.8619256538937394 2.0606060606060606 3.0 2.757575757575758 1.4242424242424243 2.515151515151515 1.3636363636363635
474 32.82178311481958 1.3737373737373737 2.0 1.8383838383838385 0.9494949494949495 1.6767676767676767 0.9090909090909091
475 52.0 1.3737373737373737 2.0 1.8383838383838385 0.9494949494949495 1.6767676767676767 0.9090909090909091
476 27.835452488404556 1.3737373737373737 2.0 1.8383838383838385 0.9494949494949495 1.6767676767676767 0.9090909090909091
477 15.606194619384679 2.0606060606060606 3.0 2.757575757575758 1.4242424242424243 2.515151515151515 1.3636363636363635
478 14.84387483957642 2.0606060606060606 3.0 2.757575757575758 1.4242424242424243 2.515151515151515 1.3636363636363635
479 2.408501533361748 2.0606060606060606 3.0 2.757575757575758 1.4242424242424243 2.515151515151515 1.3636363636363635
480 4.460645895448911 1.3737373737373737 2.0 1.8383838383838385 0.9494949494949495 1.6767676767676767 0.9090909090909091
481 100.0 1.3737373737373737 2.0 1.8383838383838385 0.9494949494949495 1.6767676767676767 0.9090909090909091
482 5.858472415590963 2.0606060606060606 3.0 2.757575757575758 1.4242424242424243 2.515151515151515 1.3636363636363635
483 36.00495948049891 1.3737373737373737 2.0 1.8383838383838385 0.9494949494949495 1.6767676767676767 0.9090909090909091
484 1.9367879067589542 2.0606060606060606 3.0 2.757575757575758 1.4242424242424243 2.515151515151515 1.3636363636363635
485 56.0 1.3737373737373737 2.0 1.8383838383838385 0.9494949494949495 1.6767676767676767 0.9090909090909091
486 70.0 1.3737373737373737 2.0 1.8383838383838385 0.9494949494949495 1.6767676767676767 0.9090909090909091
487 34.0 2.0606060606060606 3.0 2.757575757575758 1.4242424242424243 2.515151515151515 1.3636363636363635
488 48.24845572340822 1.3737373737373737 2.0 1.8383838383838385 0.9494949494949495 1.6767676767676767 0.9090909090909091
489 27.93594811957108 1.3737373737373737 2.0 1.8383838383838385 0.9494949494949495 1.6767676767676767 0.9090909090909091
490 3.719644728375771 2.0606060606060606 3.0 2.757575757575758 1.4242424242424243 2.515151515151515 1.3636363636363635
491 3.306976744186047 2.0606060606060606 3.0 2.757575757575758 1.4242424242424243 2.515151515151515 1.3636363636363635
492 10.942055673442061 2.0606060606060606 3.0 2.757575757575758 1.4242424242424243 2.515151515151515 1.3636363636363635
493 26.402985644066824 1.3737373737373737 2.0 1.8383838383838385 0.9494949494949495 1.6767676767676767 0.9090909090909091
494 12.089246324257449 2.0606060606060606 3.0 2.757575757575758 1.4242424242424243 2.515151515151515 1.3636363636363635
495 5.709013463291163 1.3737373737373737 2.0 1.8383838383838385 0.9494949494949495 1.6767676767676767 0.9090909090909091
496 15.064456585347317 2.0606060606060606 3.0 2.757575757575758 1.4242424242424243 2.515151515151515 1.3636363636363635
497 11.148513760141672 1.3737373737373737 2.0 1.8383838383838385 0.9494949494949495 1.6767676767676767 0.9090909090909091
498 16.063518187239115 1.3737373737373737 2.0 1.8383838383838385 0.9494949494949495 1.6767676767676767 0.9090909090909091
499 21.356909175941933 1.3737373737373737 2.0 1.8383838383838385 0.9494949494949495 1.6767676767676767 0.9090909090909091
