100 7
TREE NETWORK (nID nID Weight):
39 0 34
37 0 56
83 0 54
56 0 53
17 83 37
99 17 56
41 39 59
43 83 40
84 39 47
55 56 32
12 83 49
30 39 30
97 0 34
46 30 58
36 12 47
27 17 59
11 36 52
92 36 45
40 0 50
38 92 41
34 27 34
35 97 38
18 0 47
4 40 46
60 11 33
32 39 36
90 56 31
20 32 36
77 90 30
81 20 35
70 92 55
48 43 41
54 18 32
76 41 56
68 92 38
91 70 38
69 70 40
98 34 44
59 90 43
51 17 46
9 68 39
63 55 37
73 83 56
15 68 31
53 15 59
57 77 38
33 34 42
93 83 38
23 0 37
8 34 49
61 63 35
13 61 33
47 33 47
78 77 56
67 61 31
49 33 49
25 47 41
10 51 43
66 84 43
5 34 55
86 61 53
80 91 34
22 54 47
96 35 36
29 73 49
72 33 48
62 22 53
16 35 48
42 5 38
28 8 56
21 59 37
58 13 54
74 33 37
88 76 40
50 59 46
14 76 44
24 17 49
94 16 47
31 80 42
71 90 57
7 17 44
65 71 53
75 8 53
44 14 49
79 92 55
95 65 49
89 5 43
87 5 31
3 94 49
82 89 53
19 33 52
2 22 43
1 0 43
85 5 58
6 69 44
26 65 54
45 29 32
64 85 54
52 38 53
PROGRAMS ASSIGNED TO NODES (nID pID1 pID2 ...):
0 1 2 3 4 5 6 7
1 1 3 4 6 7
2 4
3 4
4 2 3 6
5 1 2 3 4 6 7
6 1 5
7 1 3 5 6 7
8 2 3 7
9 2 3 7
10 1 2 3 4 6
12 1 3 4
13 5
14 3 4
15 3 4
17 1 5 6 7
18 1 4
19 1 4 5 6 7
20 2 3 4 5 7
22 1 3
23 4 5 7
24 2 3 4 5 6 7
25 3 4 6 7
27 1 4 5 6
28 2 3 4 6 7
30 2
31 1 5 7
32 7
33 1 2 3 6
34 1 3 6
35 3 5 7
36 2
37 1 4 5 7
38 1 2 4 5 6
39 1
40 1 2 3 4 6
41 2 4 5
42 1 2 4
43 3 6 7
44 3 4 6 7
45 2 6
46 1 3 4
47 3 5 7
48 5
49 2 3
50 5
51 1 3 5
52 2 3
54 1 2 3 4 5 7
55 1 3
57 1 2 3 4 5 6
58 1 2 3 5 7
59 5
60 1 2 5 7
62 2 3 4 5
63 1
65 1 2 3 5 6 7
66 1 3 7
68 2 5 6 7
69 2 4
70 1
71 1 2 4 5 6 7
72 2 3 4 6
75 3 4 6 7
76 5
77 3 6
78 2 3 4 5
79 1 4 7
80 1 3 4 5
81 1 4 6 7
82 1 4 5
83 1 3 4 6
85 2 4 5 7
86 1 2 3 4 5 7
87 3 4 5 6 7
88 1 3 4 5 6
89 2 7
90 1 2 3 4 5 6
91 1 2
92 1 3 5
93 5 6 7
94 1 2 3 4 5 7
95 1 4 5 6 7
96 1 4 5 6 7
97 1 3 5 6
98 1 2 3 5 6 7
99 2 6
SIZE OF PROGRAMS (pID SIZE):
1 97.0
2 57.0
3 72.0
4 65.0
5 86.0
6 72.0
7 41.0
COST TO INSTALL SERVERS AND PROGRAMS ON NODES (COST_TO_INSTALL_SERVER COST_TO_INSTALL_pID1 ...):
0 2515.4639175257735 3.0 1.7628865979381443 2.2268041237113403 2.0103092783505154 2.6597938144329896 2.2268041237113403 1.268041237113402
1 0.09151282666027338 2.0 1.175257731958763 1.4845360824742269 1.3402061855670102 1.7731958762886597 1.4845360824742269 0.845360824742268
2 2.5791156452608432 3.0 1.7628865979381443 2.2268041237113403 2.0103092783505154 2.6597938144329896 2.2268041237113403 1.268041237113402
3 0.5675657745637132 3.0 1.7628865979381443 2.2268041237113403 2.0103092783505154 2.6597938144329896 2.2268041237113403 1.268041237113402
4 1.4858323621694305 2.0 1.175257731958763 1.4845360824742269 1.3402061855670102 1.7731958762886597 1.4845360824742269 0.845360824742268
5 20.824078324910367 2.0 1.175257731958763 1.4845360824742269 1.3402061855670102 1.7731958762886597 1.4845360824742269 0.845360824742268
6 16.472167811840595 3.0 1.7628865979381443 2.2268041237113403 2.0103092783505154 2.6597938144329896 2.2268041237113403 1.268041237113402
7 12.82675690373285 3.0 1.7628865979381443 2.2268041237113403 2.0103092783505154 2.6597938144329896 2.2268041237113403 1.268041237113402
8 19.155737710146166 3.0 1.7628865979381443 2.2268041237113403 2.0103092783505154 2.6597938144329896 2.2268041237113403 1.268041237113402
9 6.155541548926525 3.0 1.7628865979381443 2.2268041237113403 2.0103092783505154 2.6597938144329896 2.2268041237113403 1.268041237113402
10 10.998720097517177 2.0 1.175257731958763 1.4845360824742269 1.3402061855670102 1.7731958762886597 1.4845360824742269 0.845360824742268
11 8.263576353183254 2.0 1.175257731958763 1.4845360824742269 1.3402061855670102 1.7731958762886597 1.4845360824742269 0.845360824742268
12 4.261216113020236 2.0 1.175257731958763 1.4845360824742269 1.3402061855670102 1.7731958762886597 1.4845360824742269 0.845360824742268
13 28.441283349864722 3.0 1.7628865979381443 2.2268041237113403 2.0103092783505154 2.6597938144329896 2.2268041237113403 1.268041237113402
14 1.6581694032909977 2.0 1.175257731958763 1.4845360824742269 1.3402061855670102 1.7731958762886597 1.4845360824742269 0.845360824742268
15 1.6492169194412871 2.0 1.175257731958763 1.4845360824742269 1.3402061855670102 1.7731958762886597 1.4845360824742269 0.845360824742268
16 9.019502079182185 2.0 1.175257731958763 1.4845360824742269 1.3402061855670102 1.7731958762886597 1.4845360824742269 0.845360824742268
17 10.382090853740337 2.0 1.175257731958763 1.4845360824742269 1.3402061855670102 1.7731958762886597 1.4845360824742269 0.845360824742268
18 65.0 3.0 1.7628865979381443 2.2268041237113403 2.0103092783505154 2.6597938144329896 2.2268041237113403 1.268041237113402
19 10.013554773999898 3.0 1.7628865979381443 2.2268041237113403 2.0103092783505154 2.6597938144329896 2.2268041237113403 1.268041237113402
20 19.197527120813962 3.0 1.7628865979381443 2.2268041237113403 2.0103092783505154 2.6597938144329896 2.2268041237113403 1.268041237113402
21 96.0 2.0 1.175257731958763 1.4845360824742269 1.3402061855670102 1.7731958762886597 1.4845360824742269 0.845360824742268
22 15.086408751919283 3.0 1.7628865979381443 2.2268041237113403 2.0103092783505154 2.6597938144329896 2.2268041237113403 1.268041237113402
23 33.0 3.0 1.7628865979381443 2.2268041237113403 2.0103092783505154 2.6597938144329896 2.2268041237113403 1.268041237113402
24 5.309422092285546 3.0 1.7628865979381443 2.2268041237113403 2.0103092783505154 2.6597938144329896 2.2268041237113403 1.268041237113402
25 22.82962345980716 3.0 1.7628865979381443 2.2268041237113403 2.0103092783505154 2.6597938144329896 2.2268041237113403 1.268041237113402
26 15.0 2.0 1.175257731958763 1.4845360824742269 1.3402061855670102 1.7731958762886597 1.4845360824742269 0.845360824742268
27 3.4802466497600166 3.0 1.7628865979381443 2.2268041237113403 2.0103092783505154 2.6597938144329896 2.2268041237113403 1.268041237113402
28 8.124770052390383 3.0 1.7628865979381443 2.2268041237113403 2.0103092783505154 2.6597938144329896 2.2268041237113403 1.268041237113402
29 0.46653195642518175 2.0 1.175257731958763 1.4845360824742269 1.3402061855670102 1.7731958762886597 1.4845360824742269 0.845360824742268
30 3.6776470588235295 2.0 1.175257731958763 1.4845360824742269 1.3402061855670102 1.7731958762886597 1.4845360824742269 0.845360824742268
31 20.05470578094008 3.0 1.7628865979381443 2.2268041237113403 2.0103092783505154 2.6597938144329896 2.2268041237113403 1.268041237113402
32 12.54653072569234 3.0 1.7628865979381443 2.2268041237113403 2.0103092783505154 2.6597938144329896 2.2268041237113403 1.268041237113402
33 30.1209908387692 3.0 1.7628865979381443 2.2268041237113403 2.0103092783505154 2.6597938144329896 2.2268041237113403 1.268041237113402
34 29.691412887638645 2.0 1.175257731958763 1.4845360824742269 1.3402061855670102 1.7731958762886597 1.4845360824742269 0.845360824742268
35 1.215186237272989 3.0 1.7628865979381443 2.2268041237113403 2.0103092783505154 2.6597938144329896 2.2268041237113403 1.268041237113402
36 3.2276175330847403 3.0 1.7628865979381443 2.2268041237113403 2.0103092783505154 2.6597938144329896 2.2268041237113403 1.268041237113402
37 1.6865427098674521 3.0 1.7628865979381443 2.2268041237113403 2.0103092783505154 2.6597938144329896 2.2268041237113403 1.268041237113402
38 8.275034376516688 3.0 1.7628865979381443 2.2268041237113403 2.0103092783505154 2.6597938144329896 2.2268041237113403 1.268041237113402
39 3.2500758035172828 3.0 1.7628865979381443 2.2268041237113403 2.0103092783505154 2.6597938144329896 2.2268041237113403 1.268041237113402
40 0.039917525773196516 3.0 1.7628865979381443 2.2268041237113403 2.0103092783505154 2.6597938144329896 2.2268041237113403 1.268041237113402
41 1.261375666813991 2.0 1.175257731958763 1.4845360824742269 1.3402061855670102 1.7731958762886597 1.4845360824742269 0.845360824742268
42 2.3099295552108736 3.0 1.7628865979381443 2.2268041237113403 2.0103092783505154 2.6597938144329896 2.2268041237113403 1.268041237113402
43 1.8617668957617417 2.0 1.175257731958763 1.4845360824742269 1.3402061855670102 1.7731958762886597 1.4845360824742269 0.845360824742268
44 5.731924578482292 3.0 1.7628865979381443 2.2268041237113403 2.0103092783505154 2.6597938144329896 2.2268041237113403 1.268041237113402
45 3.1922248180486403 3.0 1.7628865979381443 2.2268041237113403 2.0103092783505154 2.6597938144329896 2.2268041237113403 1.268041237113402
46 4.862232701114572 2.0 1.175257731958763 1.4845360824742269 1.3402061855670102 1.7731958762886597 1.4845360824742269 0.845360824742268
47 23.461003570430062 2.0 1.175257731958763 1.4845360824742269 1.3402061855670102 1.7731958762886597 1.4845360824742269 0.845360824742268
48 0.40669576919136896 2.0 1.175257731958763 1.4845360824742269 1.3402061855670102 1.7731958762886597 1.4845360824742269 0.845360824742268
49 10.403915535409638 3.0 1.7628865979381443 2.2268041237113403 2.0103092783505154 2.6597938144329896 2.2268041237113403 1.268041237113402
50 3.3639638764676247 3.0 1.7628865979381443 2.2268041237113403 2.0103092783505154 2.6597938144329896 2.2268041237113403 1.268041237113402
51 3.96445381156273 3.0 1.7628865979381443 2.2268041237113403 2.0103092783505154 2.6597938144329896 2.2268041237113403 1.268041237113402
52 10.390939525415286 2.0 1.175257731958763 1.4845360824742269 1.3402061855670102 1.7731958762886597 1.4845360824742269 0.845360824742268
53 50.0 3.0 1.7628865979381443 2.2268041237113403 2.0103092783505154 2.6597938144329896 2.2268041237113403 1.268041237113402
54 5.144487552094758 2.0 1.175257731958763 1.4845360824742269 1.3402061855670102 1.7731958762886597 1.4845360824742269 0.845360824742268
55 11.80227564815072 2.0 1.175257731958763 1.4845360824742269 1.3402061855670102 1.7731958762886597 1.4845360824742269 0.845360824742268
56 1.7203851390779996 3.0 1.7628865979381443 2.2268041237113403 2.0103092783505154 2.6597938144329896 2.2268041237113403 1.268041237113402
57 38.74542355128585 2.0 1.175257731958763 1.4845360824742269 1.3402061855670102 1.7731958762886597 1.4845360824742269 0.845360824742268
58 44.12196917640232 2.0 1.175257731958763 1.4845360824742269 1.3402061855670102 1.7731958762886597 1.4845360824742269 0.845360824742268
59 2.242224746032842 3.0 1.7628865979381443 2.2268041237113403 2.0103092783505154 2.6597938144329896 2.2268041237113403 1.268041237113402
60 2.2145397005023177 3.0 1.7628865979381443 2.2268041237113403 2.0103092783505154 2.6597938144329896 2.2268041237113403 1.268041237113402
61 28.96486772773373 2.0 1.175257731958763 1.4845360824742269 1.3402061855670102 1.7731958762886597 1.4845360824742269 0.845360824742268
62 18.15724494779143 2.0 1.175257731958763 1.4845360824742269 1.3402061855670102 1.7731958762886597 1.4845360824742269 0.845360824742268
63 2.3628033049096557 2.0 1.175257731958763 1.4845360824742269 1.3402061855670102 1.7731958762886597 1.4845360824742269 0.845360824742268
64 45.0 2.0 1.175257731958763 1.4845360824742269 1.3402061855670102 1.7731958762886597 1.4845360824742269 0.845360824742268
65 11.476645633321432 2.0 1.175257731958763 1.4845360824742269 1.3402061855670102 1.7731958762886597 1.4845360824742269 0.845360824742268
66 7.678416574422175 3.0 1.7628865979381443 2.2268041237113403 2.0103092783505154 2.6597938144329896 2.2268041237113403 1.268041237113402
67 22.0 2.0 1.175257731958763 1.4845360824742269 1.3402061855670102 1.7731958762886597 1.4845360824742269 0.845360824742268
68 13.35814735436566 2.0 1.175257731958763 1.4845360824742269 1.3402061855670102 1.7731958762886597 1.4845360824742269 0.845360824742268
69 9.606471652683624 2.0 1.175257731958763 1.4845360824742269 1.3402061855670102 1.7731958762886597 1.4845360824742269 0.845360824742268
70 22.449417187919188 2.0 1.175257731958763 1.4845360824742269 1.3402061855670102 1.7731958762886597 1.4845360824742269 0.845360824742268
71 22.956504749427765 2.0 1.175257731958763 1.4845360824742269 1.3402061855670102 1.7731958762886597 1.4845360824742269 0.845360824742268
72 2.809531497943967 3.0 1.7628865979381443 2.2268041237113403 2.0103092783505154 2.6597938144329896 2.2268041237113403 1.268041237113402
73 1.5583776523209507 2.0 1.175257731958763 1.4845360824742269 1.3402061855670102 1.7731958762886597 1.4845360824742269 0.845360824742268
74 66.0 2.0 1.175257731958763 1.4845360824742269 1.3402061855670102 1.7731958762886597 1.4845360824742269 0.845360824742268
75 17.54457521877592 3.0 1.7628865979381443 2.2268041237113403 2.0103092783505154 2.6597938144329896 2.2268041237113403 1.268041237113402
76 7.2817399185779506 2.0 1.175257731958763 1.4845360824742269 1.3402061855670102 1.7731958762886597 1.4845360824742269 0.845360824742268
77 15.151237716965296 2.0 1.175257731958763 1.4845360824742269 1.3402061855670102 1.7731958762886597 1.4845360824742269 0.845360824742268
78 5.996644935402301 3.0 1.7628865979381443 2.2268041237113403 2.0103092783505154 2.6597938144329896 2.2268041237113403 1.268041237113402
79 13.802060750497908 2.0 1.175257731958763 1.4845360824742269 1.3402061855670102 1.7731958762886597 1.4845360824742269 0.845360824742268
80 4.527194037886436 3.0 1.7628865979381443 2.2268041237113403 2.0103092783505154 2.6597938144329896 2.2268041237113403 1.268041237113402
81 15.902600902904117 3.0 1.7628865979381443 2.2268041237113403 2.0103092783505154 2.6597938144329896 2.2268041237113403 1.268041237113402
82 25.56670607275589 3.0 1.7628865979381443 2.2268041237113403 2.0103092783505154 2.6597938144329896 2.2268041237113403 1.268041237113402
83 51.0 3.0 1.7628865979381443 2.2268041237113403 2.0103092783505154 2.6597938144329896 2.2268041237113403 1.268041237113402
84 0.6314658787401779 2.0 1.175257731958763 1.4845360824742269 1.3402061855670102 1.7731958762886597 1.4845360824742269 0.845360824742268
85 2.4004054483369934 3.0 1.7628865979381443 2.2268041237113403 2.0103092783505154 2.6597938144329896 2.2268041237113403 1.268041237113402
86 15.100098799217816 3.0 1.7628865979381443 2.2268041237113403 2.0103092783505154 2.6597938144329896 2.2268041237113403 1.268041237113402
87 34.94084487404723 3.0 1.7628865979381443 2.2268041237113403 2.0103092783505154 2.6597938144329896 2.2268041237113403 1.268041237113402
88 17.518155636184233 3.0 1.7628865979381443 2.2268041237113403 2.0103092783505154 2.6597938144329896 2.2268041237113403 1.268041237113402
89 27.167619870187664 3.0 1.7628865979381443 2.2268041237113403 2.0103092783505154 2.6597938144329896 2.2268041237113403 1.268041237113402
90 1.4948641848265998 2.0 1.175257731958763 1.4845360824742269 1.3402061855670102 1.7731958762886597 1.4845360824742269 0.845360824742268
91 23.48723116009444 2.0 1.175257731958763 1.4845360824742269 1.3402061855670102 1.7731958762886597 1.4845360824742269 0.845360824742268
92 6.814215471229073 2.0 1.175257731958763 1.4845360824742269 1.3402061855670102 1.7731958762886597 1.4845360824742269 0.845360824742268
93 0.27673881151906105 3.0 1.7628865979381443 2.2268041237113403 2.0103092783505154 2.6597938144329896 2.2268041237113403 1.268041237113402
94 26.769594395117114 3.0 1.7628865979381443 2.2268041237113403 2.0103092783505154 2.6597938144329896 2.2268041237113403 1.268041237113402
95 21.31604320733047 3.0 1.7628865979381443 2.2268041237113403 2.0103092783505154 2.6597938144329896 2.2268041237113403 1.268041237113402
96 6.053900231341104 2.0 1.175257731958763 1.4845360824742269 1.3402061855670102 1.7731958762886597 1.4845360824742269 0.845360824742268
97 0.9694511825348694 2.0 1.175257731958763 1.4845360824742269 1.3402061855670102 1.7731958762886597 1.4845360824742269 0.845360824742268
98 26.827902813290716 2.0 1.175257731958763 1.4845360824742269 1.3402061855670102 1.7731958762886597 1.4845360824742269 0.845360824742268
99 3.211762996427945 3.0 1.7628865979381443 2.2268041237113403 2.0103092783505154 2.6597938144329896 2.2268041237113403 1.268041237113402
