500 3
TREE NETWORK (nID nID Weight):
498 0 53
304 0 34
8 304 31
406 0 40
483 498 39
34 0 59
335 8 56
301 406 56
91 498 49
25 34 53
95 0 59
392 304 43
284 392 42
122 284 53
147 91 47
121 498 32
396 0 46
362 95 42
328 284 59
154 121 54
267 498 36
205 122 36
178 483 39
111 147 37
202 284 45
75 122 58
218 91 57
380 267 43
228 121 38
298 122 32
189 147 54
416 75 38
461 328 47
191 483 43
220 178 38
377 461 33
254 95 45
493 392 30
214 191 34
9 218 41
345 406 34
153 416 44
346 267 45
238 301 49
419 95 58
305 461 54
259 154 31
17 396 42
23 122 35
24 218 39
403 25 39
188 218 46
343 416 54
436 284 44
321 403 56
244 461 31
297 91 41
130 75 54
469 396 40
245 493 38
173 346 42
209 25 39
268 267 59
213 205 59
349 245 42
190 259 48
81 209 35
352 419 35
364 81 55
276 190 38
7 0 34
203 259 56
198 9 36
181 328 41
166 469 39
223 228 41
314 419 48
322 380 58
446 304 49
231 228 36
197 416 34
283 343 59
271 209 38
28 24 58
242 314 37
470 276 59
482 343 51
341 244 37
85 406 39
73 220 32
309 24 57
494 380 48
151 220 53
347 166 34
134 392 59
97 298 56
488 352 38
82 488 47
366 97 56
274 483 32
444 75 45
491 91 41
116 362 47
99 352 33
29 214 50
315 29 32
4 377 33
474 95 56
295 198 51
344 81 55
175 314 47
211 178 34
41 352 43
397 469 33
247 9 59
269 223 50
119 470 40
391 298 59
429 189 53
176 99 48
333 178 30
46 34 43
445 25 51
76 245 45
275 189 35
457 134 54
142 346 46
437 91 51
311 446 58
307 491 55
195 469 52
108 259 53
53 362 46
442 498 54
38 214 49
441 198 44
277 364 36
251 190 51
316 295 51
427 461 31
10 198 48
485 391 48
66 315 55
373 153 46
109 482 30
115 25 36
481 297 44
350 377 31
55 66 36
438 7 39
105 436 48
54 108 54
157 474 31
296 231 45
90 251 46
425 190 36
291 259 55
125 73 31
239 97 47
372 122 59
21 444 57
287 271 57
363 474 32
12 457 47
110 231 59
65 238 39
480 157 30
359 176 49
160 291 49
177 328 48
331 481 58
14 429 55
405 437 30
200 166 41
156 200 42
172 24 41
376 99 43
210 166 32
292 24 34
240 176 38
330 416 34
337 177 30
194 55 41
371 297 51
421 314 54
471 29 43
432 82 54
286 446 43
250 268 36
140 198 37
71 427 44
22 75 32
368 34 35
152 109 56
187 151 54
285 349 36
60 335 43
51 330 32
456 461 39
98 60 58
303 335 38
433 22 52
252 309 43
15 242 54
479 474 55
454 292 51
266 140 41
49 494 55
100 321 54
443 335 42
248 316 42
288 38 54
106 359 36
158 461 43
455 321 41
241 152 52
77 421 36
413 285 59
383 346 43
477 151 46
74 311 31
490 65 37
478 469 38
139 419 47
409 142 32
299 456 51
351 274 52
365 298 40
207 0 42
264 95 36
237 303 37
58 295 59
52 474 31
79 125 35
408 12 33
323 436 47
463 21 34
94 153 46
193 351 58
452 81 34
290 100 37
92 98 35
486 244 36
232 100 30
206 405 56
221 352 46
230 100 56
340 245 59
401 478 30
431 151 38
227 474 38
407 490 31
168 477 52
393 4 59
117 76 57
355 405 41
43 337 39
370 359 56
458 122 51
348 203 33
48 191 47
6 438 33
219 152 55
492 188 33
136 125 50
174 115 39
32 493 31
449 492 32
399 122 37
96 452 46
319 340 43
161 352 42
415 443 46
64 350 53
476 219 44
390 228 37
451 172 43
394 223 54
16 266 36
257 190 58
69 328 34
410 85 53
164 271 36
369 452 42
72 254 33
124 345 49
184 490 40
379 431 33
256 337 45
86 268 49
466 81 31
118 480 38
448 206 38
434 139 37
484 410 51
63 151 34
84 46 53
107 442 47
253 370 40
324 51 35
235 251 45
112 110 46
18 445 35
360 4 41
59 46 47
35 324 39
423 71 34
123 267 42
300 125 53
422 172 32
332 482 48
165 349 45
317 486 36
462 69 58
336 232 57
101 121 32
88 330 43
453 307 44
424 370 30
327 427 30
418 111 38
148 377 33
289 474 46
89 429 56
182 74 46
473 77 40
356 405 35
414 76 36
3 111 40
375 55 38
216 471 48
440 161 58
179 264 41
170 418 56
234 309 51
497 366 57
475 295 40
208 317 54
265 317 31
465 390 35
201 365 40
312 158 40
361 305 47
127 28 40
367 95 42
226 475 56
243 414 33
272 38 51
354 465 49
249 24 58
128 235 43
281 106 44
93 376 52
236 125 51
255 335 53
262 346 37
260 474 56
159 410 37
294 340 40
56 221 40
334 106 33
186 240 38
306 125 41
78 283 43
313 461 33
149 72 50
318 178 32
329 421 59
489 461 42
45 275 47
42 25 45
382 410 37
387 250 39
150 108 53
353 235 35
381 56 57
280 251 46
167 321 44
447 424 32
126 99 50
138 160 32
102 376 43
36 111 40
308 304 30
386 448 35
270 56 42
13 16 35
229 74 47
459 159 37
342 89 48
199 0 48
180 105 42
411 241 36
162 313 54
217 343 50
204 203 51
246 452 38
320 35 38
80 493 54
404 165 55
163 154 55
495 128 36
192 266 34
258 423 41
129 284 48
104 117 32
141 51 43
143 97 41
388 66 45
263 118 51
358 236 45
155 397 32
282 111 35
33 290 40
293 42 53
468 134 50
402 201 42
145 491 31
273 463 48
278 324 30
1 123 36
183 475 43
430 433 42
426 362 34
61 465 45
47 371 55
224 422 36
398 473 56
439 394 42
57 119 54
144 28 55
225 245 33
135 100 46
400 74 37
131 445 50
412 8 39
222 294 52
40 330 40
310 205 58
83 256 54
114 409 44
132 116 45
70 116 53
374 252 53
137 91 44
5 249 41
87 272 44
26 321 42
68 270 57
67 208 56
417 485 48
435 58 57
62 440 45
50 137 33
389 275 45
325 380 58
487 67 48
120 301 34
450 360 47
196 211 35
496 392 49
212 53 57
146 463 38
113 466 35
11 84 37
169 245 57
339 143 49
261 153 56
27 415 38
378 423 51
279 211 48
39 178 32
302 96 43
185 454 45
37 107 44
385 151 38
467 4 41
384 113 36
395 53 30
420 436 44
2 486 33
215 239 42
499 457 44
103 62 33
472 12 41
44 147 30
31 93 51
428 39 40
326 477 54
19 33 47
133 159 41
464 116 31
20 53 52
460 126 46
171 143 50
338 6 37
233 71 57
30 74 38
357 293 57
PROGRAMS ASSIGNED TO NODES (nID pID1 pID2 ...):
0 1 2 3
3 1 3
4 1 2
5 1 3
7 1
9 3
11 1 3
12 2
13 2 3
14 2
15 1 2
16 1 3
17 3
18 2
20 1
21 2
22 2
23 2 3
24 1 3
25 1 2
27 1
28 2
30 2 3
31 2 3
33 1 3
34 2 3
35 2
36 1 2
37 3
39 3
41 3
42 2
44 3
51 2
52 1 3
53 1 3
54 2 3
55 2
57 3
59 1 2
60 2
62 2
63 1 2
64 1 3
66 1
68 1 2
70 2
71 2 3
72 1
73 1
74 1 2
75 1 2
76 1 2
77 1 2
80 2 3
81 2 3
82 3
84 3
88 1 2
89 2
90 2 3
92 1 3
94 1 3
99 2 3
103 1 2
104 1 3
105 1 3
106 3
107 2 3
108 1 3
109 2
110 1
111 1
113 1 2
114 2 3
116 2 3
117 3
118 3
119 1
121 1 3
122 2
123 1 3
128 1
129 1 3
131 1 2
133 2
134 2
136 2 3
137 2
138 1
139 2
140 2 3
142 2 3
143 1 2
144 1 3
145 1 2
147 1 3
148 2
149 2 3
150 1
151 3
152 1 3
153 2 3
154 1 2
155 2
156 2 3
158 2
159 2 3
160 1 2
164 2 3
165 2
166 1
167 2 3
168 2 3
169 3
170 1 3
172 2
173 3
174 1 3
175 1
176 3
178 2
179 1
181 1 3
184 2 3
185 1 2
186 2
187 3
191 3
192 1
194 1
195 3
197 1
198 3
199 1 2
200 2 3
203 2
204 2
205 1 2
206 1 2
207 2 3
209 1
211 3
212 1 3
213 3
214 1
215 3
216 2 3
217 1
218 2 3
220 3
221 2
222 1 3
223 3
224 1
225 1 2
226 1
228 2
229 2
230 2
231 1 2
233 3
234 1
235 2 3
236 1 2
241 3
242 3
243 2 3
244 1 2
246 2 3
247 2 3
249 2
251 1 3
252 1 3
253 1
254 2 3
256 1
258 2
259 3
260 2
262 1
263 2 3
264 3
266 1
267 1
268 2
269 2 3
271 3
272 1
273 2 3
274 1 2
275 1 3
276 1
279 1
281 1 2
283 1
284 1
285 1 3
288 1 3
290 3
294 2 3
296 1 2
300 2
301 1 3
302 2
303 2
304 1
306 1 2
307 1 3
309 3
310 3
311 1 3
314 3
315 3
316 2 3
317 1 3
319 2 3
322 1 3
323 3
324 2
325 1
326 2 3
328 3
330 2
331 1 2
332 1
333 2
334 3
336 2 3
338 3
339 1
341 2
342 3
346 2
348 2
350 2 3
351 1 2
352 1 2
355 1 3
357 2 3
358 2
359 1 3
361 2 3
362 2 3
363 1
365 1
367 1 2
371 2 3
372 2 3
374 2
376 2 3
377 1 2
378 1 3
379 1 3
380 2
382 1 2
383 2 3
384 3
385 1
387 3
389 2
392 1 2
393 1
394 1 3
396 3
397 1
398 1 3
399 1 2
400 1
402 1 3
405 2 3
408 3
409 1 3
410 3
412 3
413 2 3
414 2 3
420 1 3
421 1
422 1 3
424 2 3
425 2 3
426 2
427 1 2
429 3
430 2 3
432 2
435 1 2
438 1 2
440 1
441 2 3
442 3
443 1 2
444 3
445 1 2
446 1
447 2 3
448 1
449 1 2
450 3
451 2 3
453 2
455 1 2
457 1
460 3
462 2 3
464 1 2
467 1 3
469 3
470 3
471 1 2
472 3
473 2
476 1
477 2 3
478 3
479 3
483 1 2
484 1
485 3
486 3
489 1 2
490 1 2
491 1 3
492 1 2
493 1 2
494 1 3
498 3
499 1
SIZE OF PROGRAMS (pID SIZE):
1 65.0
2 80.0
3 93.0
COST TO INSTALL SERVERS AND PROGRAMS ON NODES (COST_TO_INSTALL_SERVER COST_TO_INSTALL_pID1 ...):
0 1511.8279569892472 1.3978494623655915 1.7204301075268817 2.0
1 89.0 2.096774193548387 2.5806451612903225 3.0
2 10.0 1.3978494623655915 1.7204301075268817 2.0
3 11.032137685331646 1.3978494623655915 1.7204301075268817 2.0
4 3.4046101549319405 2.096774193548387 2.5806451612903225 3.0
5 6.287604275898825 2.096774193548387 2.5806451612903225 3.0
6 0.4938091320444262 2.096774193548387 2.5806451612903225 3.0
7 0.18817204301075272 1.3978494623655915 1.7204301075268817 2.0
8 5.735483870967744 1.3978494623655915 1.7204301075268817 2.0
9 12.078284074719258 1.3978494623655915 1.7204301075268817 2.0
10 82.0 2.096774193548387 2.5806451612903225 3.0
11 1.0205937589722456 1.3978494623655915 1.7204301075268817 2.0
12 1.3347604104144812 2.096774193548387 2.5806451612903225 3.0
13 25.896534991964266 1.3978494623655915 1.7204301075268817 2.0
14 0.7569245473827314 1.3978494623655915 1.7204301075268817 2.0
15 0.9905145201242797 2.096774193548387 2.5806451612903225 3.0
16 22.26608333324811 2.096774193548387 2.5806451612903225 3.0
17 0.22360248447204967 1.3978494623655915 1.7204301075268817 2.0
18 2.999566676893066 1.3978494623655915 1.7204301075268817 2.0
19 30.0 2.096774193548387 2.5806451612903225 3.0
20 0.3914507978768563 1.3978494623655915 1.7204301075268817 2.0
21 9.809171817215525 1.3978494623655915 1.7204301075268817 2.0
22 1.9303053129914312 2.096774193548387 2.5806451612903225 3.0
23 7.6774172391996025 1.3978494623655915 1.7204301075268817 2.0
24 12.33131722043533 1.3978494623655915 1.7204301075268817 2.0
25 1.1921646705248425 1.3978494623655915 1.7204301075268817 2.0
26 27.0 2.096774193548387 2.5806451612903225 3.0
27 5.065555538669295 1.3978494623655915 1.7204301075268817 2.0
28 1.6051740514957402 2.096774193548387 2.5806451612903225 3.0
29 17.17900533043275 2.096774193548387 2.5806451612903225 3.0
30 7.000169686749475 2.096774193548387 2.5806451612903225 3.0
31 9.21350472819092 2.096774193548387 2.5806451612903225 3.0
32 71.0 1.3978494623655915 1.7204301075268817 2.0
33 8.051866681094188 2.096774193548387 2.5806451612903225 3.0
34 69.0 2.096774193548387 2.5806451612903225 3.0
35 1.7721468014674635 2.096774193548387 2.5806451612903225 3.0
36 5.046876760090574 2.096774193548387 2.5806451612903225 3.0
37 0.4569298971245981 2.096774193548387 2.5806451612903225 3.0
38 11.638407781173445 1.3978494623655915 1.7204301075268817 2.0
39 0.6430197750362846 2.096774193548387 2.5806451612903225 3.0
40 37.0 2.096774193548387 2.5806451612903225 3.0
41 3.5997918102720137 1.3978494623655915 1.7204301075268817 2.0
42 0.6320368670144298 1.3978494623655915 1.7204301075268817 2.0
43 41.0 2.096774193548387 2.5806451612903225 3.0
44 0.6731399569060864 1.3978494623655915 1.7204301075268817 2.0
45 29.0 2.096774193548387 2.5806451612903225 3.0
46 0.18913626711762677 2.096774193548387 2.5806451612903225 3.0
47 107.0 2.096774193548387 2.5806451612903225 3.0
48 65.0 2.096774193548387 2.5806451612903225 3.0
49 72.0 1.3978494623655915 1.7204301075268817 2.0
50 57.0 2.096774193548387 2.5806451612903225 3.0
51 8.546812038865045 1.3978494623655915 1.7204301075268817 2.0
52 0.5499394673123488 2.096774193548387 2.5806451612903225 3.0
53 2.806615070969553 1.3978494623655915 1.7204301075268817 2.0
54 8.754275550784097 1.3978494623655915 1.7204301075268817 2.0
55 18.023236033589026 2.096774193548387 2.5806451612903225 3.0
56 1.1200238819705977 2.096774193548387 2.5806451612903225 3.0
57 9.834930619841899 2.096774193548387 2.5806451612903225 3.0
58 1.7985740326480961 1.3978494623655915 1.7204301075268817 2.0
59 0.5796546954986131 1.3978494623655915 1.7204301075268817 2.0
60 6.770408227056763 1.3978494623655915 1.7204301075268817 2.0
61 70.0 2.096774193548387 2.5806451612903225 3.0
62 5.8923228352151265 2.096774193548387 2.5806451612903225 3.0
63 12.504848188565958 2.096774193548387 2.5806451612903225 3.0
64 11.219893222542469 2.096774193548387 2.5806451612903225 3.0
65 9.624856433888693 1.3978494623655915 1.7204301075268817 2.0
66 9.117303323540712 1.3978494623655915 1.7204301075268817 2.0
67 68.0 2.096774193548387 2.5806451612903225 3.0
68 13.183967556260798 2.096774193548387 2.5806451612903225 3.0
69 7.596570498200678 1.3978494623655915 1.7204301075268817 2.0
70 2.8510953734780835 1.3978494623655915 1.7204301075268817 2.0
71 19.625021633403957 2.096774193548387 2.5806451612903225 3.0
72 6.849977301721425 1.3978494623655915 1.7204301075268817 2.0
73 13.631359669657309 2.096774193548387 2.5806451612903225 3.0
74 1.8519730917951163 1.3978494623655915 1.7204301075268817 2.0
75 11.47088720781366 2.096774193548387 2.5806451612903225 3.0
76 16.141190560798094 1.3978494623655915 1.7204301075268817 2.0
77 16.146531033470264 1.3978494623655915 1.7204301075268817 2.0
78 19.0 1.3978494623655915 1.7204301075268817 2.0
79 42.0 2.096774193548387 2.5806451612903225 3.0
80 1.4361431370914626 1.3978494623655915 1.7204301075268817 2.0
81 1.3749609090545991 2.096774193548387 2.5806451612903225 3.0
82 5.8546178751077935 2.096774193548387 2.5806451612903225 3.0
83 32.0 2.096774193548387 2.5806451612903225 3.0
84 4.550678278246674 1.3978494623655915 1.7204301075268817 2.0
85 3.718873035566583 2.096774193548387 2.5806451612903225 3.0
86 102.0 1.3978494623655915 1.7204301075268817 2.0
87 52.0 2.096774193548387 2.5806451612903225 3.0
88 17.710151753269926 2.096774193548387 2.5806451612903225 3.0
89 1.44521094522193 2.096774193548387 2.5806451612903225 3.0
90 2.4491512795492527 1.3978494623655915 1.7204301075268817 2.0
91 1.4197461090339976 2.096774193548387 2.5806451612903225 3.0
92 2.008025437611214 1.3978494623655915 1.7204301075268817 2.0
93 8.5496632776322 1.3978494623655915 1.7204301075268817 2.0
94 18.304522736942317 2.096774193548387 2.5806451612903225 3.0
95 0.9000364497904135 1.3978494623655915 1.7204301075268817 2.0
96 0.9574004006376633 1.3978494623655915 1.7204301075268817 2.0
97 2.926133685544028 1.3978494623655915 1.7204301075268817 2.0
98 1.3867043930643626 2.096774193548387 2.5806451612903225 3.0
99 12.301241172494922 2.096774193548387 2.5806451612903225 3.0
100 9.364209898772039 2.096774193548387 2.5806451612903225 3.0
101 108.0 1.3978494623655915 1.7204301075268817 2.0
102 38.0 1.3978494623655915 1.7204301075268817 2.0
103 1.7991607475205074 2.096774193548387 2.5806451612903225 3.0
104 11.07978313216505 1.3978494623655915 1.7204301075268817 2.0
105 11.935549838726551 1.3978494623655915 1.7204301075268817 2.0
106 10.814522508935816 2.096774193548387 2.5806451612903225 3.0
107 2.7855860948078957 1.3978494623655915 1.7204301075268817 2.0
108 2.3385179267825342 1.3978494623655915 1.7204301075268817 2.0
109 14.836048726975122 2.096774193548387 2.5806451612903225 3.0
110 0.6477592418573299 1.3978494623655915 1.7204301075268817 2.0
111 7.899931055823884 2.096774193548387 2.5806451612903225 3.0
112 88.0 1.3978494623655915 1.7204301075268817 2.0
113 10.775158880615827 1.3978494623655915 1.7204301075268817 2.0
114 1.943244352914148 2.096774193548387 2.5806451612903225 3.0
115 0.6650137603689912 1.3978494623655915 1.7204301075268817 2.0
116 5.787669113455789 1.3978494623655915 1.7204301075268817 2.0
117 14.514767606590325 2.096774193548387 2.5806451612903225 3.0
118 1.8201002403493698 1.3978494623655915 1.7204301075268817 2.0
119 2.6621010237784106 1.3978494623655915 1.7204301075268817 2.0
120 90.0 2.096774193548387 2.5806451612903225 3.0
121 3.613049680462567 2.096774193548387 2.5806451612903225 3.0
122 1.501469707049404 2.096774193548387 2.5806451612903225 3.0
123 5.9294584689898135 1.3978494623655915 1.7204301075268817 2.0
124 39.0 1.3978494623655915 1.7204301075268817 2.0
125 19.773295153528284 1.3978494623655915 1.7204301075268817 2.0
126 0.7515044137627425 2.096774193548387 2.5806451612903225 3.0
127 35.0 1.3978494623655915 1.7204301075268817 2.0
128 1.0745042351235548 1.3978494623655915 1.7204301075268817 2.0
129 1.0278274663203615 2.096774193548387 2.5806451612903225 3.0
130 58.0 2.096774193548387 2.5806451612903225 3.0
131 2.7123174326348063 2.096774193548387 2.5806451612903225 3.0
132 26.0 2.096774193548387 2.5806451612903225 3.0
133 0.7093452526613165 2.096774193548387 2.5806451612903225 3.0
134 0.8891362671176269 2.096774193548387 2.5806451612903225 3.0
135 61.0 1.3978494623655915 1.7204301075268817 2.0
136 11.879851727424159 1.3978494623655915 1.7204301075268817 2.0
137 1.943903240486146 1.3978494623655915 1.7204301075268817 2.0
138 5.8199353939735206 1.3978494623655915 1.7204301075268817 2.0
139 1.1140350279009372 2.096774193548387 2.5806451612903225 3.0
140 8.64295240509934 2.096774193548387 2.5806451612903225 3.0
141 12.0 1.3978494623655915 1.7204301075268817 2.0
142 9.867719706792982 1.3978494623655915 1.7204301075268817 2.0
143 1.980473063989414 2.096774193548387 2.5806451612903225 3.0
144 1.3528924757446892 2.096774193548387 2.5806451612903225 3.0
145 8.272914375336011 1.3978494623655915 1.7204301075268817 2.0
146 49.0 1.3978494623655915 1.7204301075268817 2.0
147 0.6734119327274037 2.096774193548387 2.5806451612903225 3.0
148 7.382569680860296 1.3978494623655915 1.7204301075268817 2.0
149 1.1758641969172314 1.3978494623655915 1.7204301075268817 2.0
150 0.6914198986722573 2.096774193548387 2.5806451612903225 3.0
151 16.80619899742333 2.096774193548387 2.5806451612903225 3.0
152 23.737405391687712 2.096774193548387 2.5806451612903225 3.0
153 28.34710384486058 1.3978494623655915 1.7204301075268817 2.0
154 5.194832454182729 2.096774193548387 2.5806451612903225 3.0
155 0.6942942751498151 1.3978494623655915 1.7204301075268817 2.0
156 1.7139896707757516 1.3978494623655915 1.7204301075268817 2.0
157 0.7881704157879664 1.3978494623655915 1.7204301075268817 2.0
158 0.931626306922805 1.3978494623655915 1.7204301075268817 2.0
159 1.1120078893679017 2.096774193548387 2.5806451612903225 3.0
160 6.737393672369525 2.096774193548387 2.5806451612903225 3.0
161 6.037841825266646 2.096774193548387 2.5806451612903225 3.0
162 37.0 2.096774193548387 2.5806451612903225 3.0
163 28.0 1.3978494623655915 1.7204301075268817 2.0
164 1.6270008796100215 1.3978494623655915 1.7204301075268817 2.0
165 6.052338383136253 2.096774193548387 2.5806451612903225 3.0
166 7.264918545689934 1.3978494623655915 1.7204301075268817 2.0
167 5.231507885039689 2.096774193548387 2.5806451612903225 3.0
168 10.105372711264254 1.3978494623655915 1.7204301075268817 2.0
169 1.0077032183742531 1.3978494623655915 1.7204301075268817 2.0
170 12.052109927765684 2.096774193548387 2.5806451612903225 3.0
171 88.0 1.3978494623655915 1.7204301075268817 2.0
172 7.109308525487719 1.3978494623655915 1.7204301075268817 2.0
173 0.5619002695417791 2.096774193548387 2.5806451612903225 3.0
174 1.0701419654971962 1.3978494623655915 1.7204301075268817 2.0
175 0.2862755766949186 2.096774193548387 2.5806451612903225 3.0
176 18.691093323032558 1.3978494623655915 1.7204301075268817 2.0
177 3.198059429310397 2.096774193548387 2.5806451612903225 3.0
178 0.9018274888025348 2.096774193548387 2.5806451612903225 3.0
179 0.23958421309199426 2.096774193548387 2.5806451612903225 3.0
180 89.0 2.096774193548387 2.5806451612903225 3.0
181 11.666487313933352 1.3978494623655915 1.7204301075268817 2.0
182 95.0 1.3978494623655915 1.7204301075268817 2.0
183 16.0 1.3978494623655915 1.7204301075268817 2.0
184 2.06610409632299 1.3978494623655915 1.7204301075268817 2.0
185 13.500606778033712 2.096774193548387 2.5806451612903225 3.0
186 6.445048247603967 2.096774193548387 2.5806451612903225 3.0
187 5.668953224861864 2.096774193548387 2.5806451612903225 3.0
188 0.6713646937400738 2.096774193548387 2.5806451612903225 3.0
189 9.470297724479229 2.096774193548387 2.5806451612903225 3.0
190 2.1293806778476596 2.096774193548387 2.5806451612903225 3.0
191 0.8450594506391478 2.096774193548387 2.5806451612903225 3.0
192 1.0940255846923652 1.3978494623655915 1.7204301075268817 2.0
193 77.0 2.096774193548387 2.5806451612903225 3.0
194 1.282261450253207 1.3978494623655915 1.7204301075268817 2.0
195 2.4811204013377925 1.3978494623655915 1.7204301075268817 2.0
196 72.0 1.3978494623655915 1.7204301075268817 2.0
197 0.9542557969296417 1.3978494623655915 1.7204301075268817 2.0
198 6.391601053747991 2.096774193548387 2.5806451612903225 3.0
199 48.0 1.3978494623655915 1.7204301075268817 2.0
200 9.982650968010919 1.3978494623655915 1.7204301075268817 2.0
201 17.48401738853996 2.096774193548387 2.5806451612903225 3.0
202 92.0 2.096774193548387 2.5806451612903225 3.0
203 4.151692123390236 2.096774193548387 2.5806451612903225 3.0
204 0.9348329377060893 1.3978494623655915 1.7204301075268817 2.0
205 12.975484908963086 2.096774193548387 2.5806451612903225 3.0
206 8.650583419612516 2.096774193548387 2.5806451612903225 3.0
207 0.03986175115207367 1.3978494623655915 1.7204301075268817 2.0
208 62.0 2.096774193548387 2.5806451612903225 3.0
209 0.9508748875492223 1.3978494623655915 1.7204301075268817 2.0
210 42.0 2.096774193548387 2.5806451612903225 3.0
211 8.152718619479566 2.096774193548387 2.5806451612903225 3.0
212 0.7549809103308348 2.096774193548387 2.5806451612903225 3.0
213 6.016015218307967 2.096774193548387 2.5806451612903225 3.0
214 5.407708077237015 2.096774193548387 2.5806451612903225 3.0
215 1.5627060914994588 1.3978494623655915 1.7204301075268817 2.0
216 2.2318316806694627 2.096774193548387 2.5806451612903225 3.0
217 1.0134496967117768 1.3978494623655915 1.7204301075268817 2.0
218 7.144137733255842 1.3978494623655915 1.7204301075268817 2.0
219 1.461820590523847 1.3978494623655915 1.7204301075268817 2.0
220 9.168859669657312 2.096774193548387 2.5806451612903225 3.0
221 0.9134378604652217 1.3978494623655915 1.7204301075268817 2.0
222 10.406334037441423 1.3978494623655915 1.7204301075268817 2.0
223 11.326693446816424 1.3978494623655915 1.7204301075268817 2.0
224 0.8685360466109874 2.096774193548387 2.5806451612903225 3.0
225 13.463879178116132 1.3978494623655915 1.7204301075268817 2.0
226 0.9746592620261858 1.3978494623655915 1.7204301075268817 2.0
227 18.0 1.3978494623655915 1.7204301075268817 2.0
228 3.6798316021718933 2.096774193548387 2.5806451612903225 3.0
229 0.7067032242097133 2.096774193548387 2.5806451612903225 3.0
230 4.004776436562029 2.096774193548387 2.5806451612903225 3.0
231 9.194163165932853 1.3978494623655915 1.7204301075268817 2.0
232 8.220973690043131 1.3978494623655915 1.7204301075268817 2.0
233 8.647548258784786 2.096774193548387 2.5806451612903225 3.0
234 3.8261846815158775 1.3978494623655915 1.7204301075268817 2.0
235 28.737226801131623 1.3978494623655915 1.7204301075268817 2.0
236 9.932460635947901 1.3978494623655915 1.7204301075268817 2.0
237 62.0 1.3978494623655915 1.7204301075268817 2.0
238 8.448033794162827 1.3978494623655915 1.7204301075268817 2.0
239 8.047665120425325 1.3978494623655915 1.7204301075268817 2.0
240 5.69801938512519 1.3978494623655915 1.7204301075268817 2.0
241 12.607698999490031 1.3978494623655915 1.7204301075268817 2.0
242 4.147742547155855 2.096774193548387 2.5806451612903225 3.0
243 21.269302466694636 2.096774193548387 2.5806451612903225 3.0
244 17.915050958917153 1.3978494623655915 1.7204301075268817 2.0
245 18.371131072241738 1.3978494623655915 1.7204301075268817 2.0
246 2.1495545677519448 1.3978494623655915 1.7204301075268817 2.0
247 10.166871228513807 1.3978494623655915 1.7204301075268817 2.0
248 10.0 2.096774193548387 2.5806451612903225 3.0
249 1.8610880299903638 1.3978494623655915 1.7204301075268817 2.0
250 0.5497654834239419 2.096774193548387 2.5806451612903225 3.0
251 9.981864630531321 1.3978494623655915 1.7204301075268817 2.0
252 2.421775434146303 1.3978494623655915 1.7204301075268817 2.0
253 0.9418861768343941 2.096774193548387 2.5806451612903225 3.0
254 0.5758787436972238 2.096774193548387 2.5806451612903225 3.0
255 50.0 2.096774193548387 2.5806451612903225 3.0
256 0.8941210159961774 2.096774193548387 2.5806451612903225 3.0
257 97.0 2.096774193548387 2.5806451612903225 3.0
258 1.529857056732339 2.096774193548387 2.5806451612903225 3.0
259 6.613114630531323 1.3978494623655915 1.7204301075268817 2.0
260 0.9794579395454193 2.096774193548387 2.5806451612903225 3.0
261 91.0 2.096774193548387 2.5806451612903225 3.0
262 2.4818385945287953 2.096774193548387 2.5806451612903225 3.0
263 2.1593159266238793 1.3978494623655915 1.7204301075268817 2.0
264 0.19700807970354176 2.096774193548387 2.5806451612903225 3.0
265 94.0 1.3978494623655915 1.7204301075268817 2.0
266 25.92417361099039 2.096774193548387 2.5806451612903225 3.0
267 0.342425779400825 2.096774193548387 2.5806451612903225 3.0
268 5.582467832295812 1.3978494623655915 1.7204301075268817 2.0
269 11.74678965973434 2.096774193548387 2.5806451612903225 3.0
270 1.4652619772086934 2.096774193548387 2.5806451612903225 3.0
271 4.161836547605194 2.096774193548387 2.5806451612903225 3.0
272 4.092444357890079 2.096774193548387 2.5806451612903225 3.0
273 24.018863436290317 1.3978494623655915 1.7204301075268817 2.0
274 3.408932888686008 1.3978494623655915 1.7204301075268817 2.0
275 1.7941526734681448 2.096774193548387 2.5806451612903225 3.0
276 1.9993044136089193 1.3978494623655915 1.7204301075268817 2.0
277 32.0 2.096774193548387 2.5806451612903225 3.0
278 34.0 2.096774193548387 2.5806451612903225 3.0
279 0.5728905606673589 2.096774193548387 2.5806451612903225 3.0
280 32.0 1.3978494623655915 1.7204301075268817 2.0
281 9.585443239942673 2.096774193548387 2.5806451612903225 3.0
282 87.0 1.3978494623655915 1.7204301075268817 2.0
283 0.9237267151189208 2.096774193548387 2.5806451612903225 3.0
284 3.683445861465366 2.096774193548387 2.5806451612903225 3.0
285 11.86180560491 1.3978494623655915 1.7204301075268817 2.0
286 22.0 2.096774193548387 2.5806451612903225 3.0
287 38.0 2.096774193548387 2.5806451612903225 3.0
288 7.1099310027331 2.096774193548387 2.5806451612903225 3.0
289 86.0 1.3978494623655915 1.7204301075268817 2.0
290 1.6330155533707846 1.3978494623655915 1.7204301075268817 2.0
291 1.4147787663098832 1.3978494623655915 1.7204301075268817 2.0
292 5.678082544162234 1.3978494623655915 1.7204301075268817 2.0
293 4.153291832534227 1.3978494623655915 1.7204301075268817 2.0
294 3.1596993684192682 1.3978494623655915 1.7204301075268817 2.0
295 8.024934387081323 2.096774193548387 2.5806451612903225 3.0
296 5.917369976028019 2.096774193548387 2.5806451612903225 3.0
297 6.35389245049741 2.096774193548387 2.5806451612903225 3.0
298 7.85826897467291 2.096774193548387 2.5806451612903225 3.0
299 79.0 1.3978494623655915 1.7204301075268817 2.0
300 7.036017110992285 2.096774193548387 2.5806451612903225 3.0
301 0.8829032258064512 2.096774193548387 2.5806451612903225 3.0
302 6.344552441335357 2.096774193548387 2.5806451612903225 3.0
303 0.5886775762936755 2.096774193548387 2.5806451612903225 3.0
304 0.6586021505376344 1.3978494623655915 1.7204301075268817 2.0
305 1.7466651723192428 2.096774193548387 2.5806451612903225 3.0
306 10.232954817360303 1.3978494623655915 1.7204301075268817 2.0
307 7.081464189655928 2.096774193548387 2.5806451612903225 3.0
308 67.0 1.3978494623655915 1.7204301075268817 2.0
309 9.674238501351933 2.096774193548387 2.5806451612903225 3.0
310 1.1053869119934672 1.3978494623655915 1.7204301075268817 2.0
311 0.828317177816622 2.096774193548387 2.5806451612903225 3.0
312 36.0 1.3978494623655915 1.7204301075268817 2.0
313 108.0 1.3978494623655915 1.7204301075268817 2.0
314 3.2509563356648634 2.096774193548387 2.5806451612903225 3.0
315 10.572532001968199 1.3978494623655915 1.7204301075268817 2.0
316 15.37825020389352 2.096774193548387 2.5806451612903225 3.0
317 21.92647724510697 1.3978494623655915 1.7204301075268817 2.0
318 109.0 2.096774193548387 2.5806451612903225 3.0
319 15.950962603737109 2.096774193548387 2.5806451612903225 3.0
320 26.0 2.096774193548387 2.5806451612903225 3.0
321 11.694936544168389 1.3978494623655915 1.7204301075268817 2.0
322 1.037072803768064 1.3978494623655915 1.7204301075268817 2.0
323 0.8204730297498873 2.096774193548387 2.5806451612903225 3.0
324 1.5670185963392587 2.096774193548387 2.5806451612903225 3.0
325 0.3567514018495949 2.096774193548387 2.5806451612903225 3.0
326 2.133665644516546 2.096774193548387 2.5806451612903225 3.0
327 15.0 1.3978494623655915 1.7204301075268817 2.0
328 1.7117169122789173 1.3978494623655915 1.7204301075268817 2.0
329 25.0 1.3978494623655915 1.7204301075268817 2.0
330 1.9728104915791917 2.096774193548387 2.5806451612903225 3.0
331 7.9347341863493694 2.096774193548387 2.5806451612903225 3.0
332 1.1463173437706002 1.3978494623655915 1.7204301075268817 2.0
333 0.6558234623968038 1.3978494623655915 1.7204301075268817 2.0
334 9.535211083689626 1.3978494623655915 1.7204301075268817 2.0
335 9.562499999999998 2.096774193548387 2.5806451612903225 3.0
336 9.5361783684057 1.3978494623655915 1.7204301075268817 2.0
337 0.7496765715517328 2.096774193548387 2.5806451612903225 3.0
338 4.4709629003746665 2.096774193548387 2.5806451612903225 3.0
339 1.0204513312887102 2.096774193548387 2.5806451612903225 3.0
340 15.388196210515606 1.3978494623655915 1.7204301075268817 2.0
341 6.803034133582814 2.096774193548387 2.5806451612903225 3.0
342 0.9706553058129448 2.096774193548387 2.5806451612903225 3.0
343 17.873226389100214 2.096774193548387 2.5806451612903225 3.0
344 38.0 1.3978494623655915 1.7204301075268817 2.0
345 26.0 2.096774193548387 2.5806451612903225 3.0
346 0.8713146682897142 2.096774193548387 2.5806451612903225 3.0
347 49.0 2.096774193548387 2.5806451612903225 3.0
348 0.9343729296559484 2.096774193548387 2.5806451612903225 3.0
349 2.7279762045774607 1.3978494623655915 1.7204301075268817 2.0
350 31.50995855543567 1.3978494623655915 1.7204301075268817 2.0
351 1.0655229743121557 1.3978494623655915 1.7204301075268817 2.0
352 5.891440206632604 1.3978494623655915 1.7204301075268817 2.0
353 18.0 1.3978494623655915 1.7204301075268817 2.0
354 12.0 2.096774193548387 2.5806451612903225 3.0
355 1.5026136827962784 1.3978494623655915 1.7204301075268817 2.0
356 77.0 1.3978494623655915 1.7204301075268817 2.0
357 1.2619607332838767 1.3978494623655915 1.7204301075268817 2.0
358 1.356366645148116 2.096774193548387 2.5806451612903225 3.0
359 22.819664751603984 1.3978494623655915 1.7204301075268817 2.0
360 1.6572021439593656 1.3978494623655915 1.7204301075268817 2.0
361 9.970011064340452 1.3978494623655915 1.7204301075268817 2.0
362 1.213887370147621 2.096774193548387 2.5806451612903225 3.0
363 1.3181310044520813 2.096774193548387 2.5806451612903225 3.0
364 11.0 2.096774193548387 2.5806451612903225 3.0
365 8.906804748049623 1.3978494623655915 1.7204301075268817 2.0
366 92.0 1.3978494623655915 1.7204301075268817 2.0
367 0.2791728501132547 1.3978494623655915 1.7204301075268817 2.0
368 92.0 2.096774193548387 2.5806451612903225 3.0
369 63.0 1.3978494623655915 1.7204301075268817 2.0
370 10.88383254477811 1.3978494623655915 1.7204301075268817 2.0
371 3.824507736777395 2.096774193548387 2.5806451612903225 3.0
372 12.041621597160932 1.3978494623655915 1.7204301075268817 2.0
373 37.0 1.3978494623655915 1.7204301075268817 2.0
374 0.9649855589646681 1.3978494623655915 1.7204301075268817 2.0
375 15.0 1.3978494623655915 1.7204301075268817 2.0
376 7.107996610965532 1.3978494623655915 1.7204301075268817 2.0
377 10.287592042750548 1.3978494623655915 1.7204301075268817 2.0
378 22.585277454666198 2.096774193548387 2.5806451612903225 3.0
379 18.224162740407092 1.3978494623655915 1.7204301075268817 2.0
380 0.8959141514938486 2.096774193548387 2.5806451612903225 3.0
381 15.0 2.096774193548387 2.5806451612903225 3.0
382 0.9320297338632701 2.096774193548387 2.5806451612903225 3.0
383 1.2216976649822835 1.3978494623655915 1.7204301075268817 2.0
384 1.3613222599807184 2.096774193548387 2.5806451612903225 3.0
385 4.6856200147355604 1.3978494623655915 1.7204301075268817 2.0
386 47.0 2.096774193548387 2.5806451612903225 3.0
387 5.329362131312883 1.3978494623655915 1.7204301075268817 2.0
388 73.0 1.3978494623655915 1.7204301075268817 2.0
389 0.780854306674633 2.096774193548387 2.5806451612903225 3.0
390 84.0 2.096774193548387 2.5806451612903225 3.0
391 6.809765218307967 1.3978494623655915 1.7204301075268817 2.0
392 0.4857464366091522 2.096774193548387 2.5806451612903225 3.0
393 1.1098924691419223 1.3978494623655915 1.7204301075268817 2.0
394 10.548825095645476 2.096774193548387 2.5806451612903225 3.0
395 17.0 2.096774193548387 2.5806451612903225 3.0
396 1.710729312762974 2.096774193548387 2.5806451612903225 3.0
397 0.6493693952144164 2.096774193548387 2.5806451612903225 3.0
398 1.9382164623273859 1.3978494623655915 1.7204301075268817 2.0
399 1.3066528478673691 2.096774193548387 2.5806451612903225 3.0
400 0.6814666461239217 1.3978494623655915 1.7204301075268817 2.0
401 23.0 2.096774193548387 2.5806451612903225 3.0
402 21.67065333324042 1.3978494623655915 1.7204301075268817 2.0
403 8.08243654416839 1.3978494623655915 1.7204301075268817 2.0
404 104.0 1.3978494623655915 1.7204301075268817 2.0
405 14.305014926238297 1.3978494623655915 1.7204301075268817 2.0
406 0.2911021505376345 1.3978494623655915 1.7204301075268817 2.0
407 106.0 2.096774193548387 2.5806451612903225 3.0
408 6.596090067852908 1.3978494623655915 1.7204301075268817 2.0
409 20.30114458462339 1.3978494623655915 1.7204301075268817 2.0
410 3.9986976996426185 1.3978494623655915 1.7204301075268817 2.0
411 12.0 1.3978494623655915 1.7204301075268817 2.0
412 3.0719457013574667 2.096774193548387 2.5806451612903225 3.0
413 21.13482712145384 1.3978494623655915 1.7204301075268817 2.0
414 2.4360359246158283 1.3978494623655915 1.7204301075268817 2.0
415 0.6033141517476556 2.096774193548387 2.5806451612903225 3.0
416 15.22878194465577 2.096774193548387 2.5806451612903225 3.0
417 105.0 1.3978494623655915 1.7204301075268817 2.0
418 5.5894430854659065 2.096774193548387 2.5806451612903225 3.0
419 1.8114402066326052 1.3978494623655915 1.7204301075268817 2.0
420 1.4168426178355131 2.096774193548387 2.5806451612903225 3.0
421 10.52708658902582 1.3978494623655915 1.7204301075268817 2.0
422 14.123642829780856 1.3978494623655915 1.7204301075268817 2.0
423 25.3605055043717 1.3978494623655915 1.7204301075268817 2.0
424 12.293902651676392 1.3978494623655915 1.7204301075268817 2.0
425 8.7896583100396 2.096774193548387 2.5806451612903225 3.0
426 2.335923106257265 1.3978494623655915 1.7204301075268817 2.0
427 10.450446392701673 1.3978494623655915 1.7204301075268817 2.0
428 74.0 1.3978494623655915 1.7204301075268817 2.0
429 1.3223038791697024 1.3978494623655915 1.7204301075268817 2.0
430 20.507584933178507 2.096774193548387 2.5806451612903225 3.0
431 1.8982768264826118 1.3978494623655915 1.7204301075268817 2.0
432 5.153639415213304 1.3978494623655915 1.7204301075268817 2.0
433 2.449019126060083 1.3978494623655915 1.7204301075268817 2.0
434 39.0 2.096774193548387 2.5806451612903225 3.0
435 14.544019479504108 2.096774193548387 2.5806451612903225 3.0
436 9.411938727615441 1.3978494623655915 1.7204301075268817 2.0
437 0.6336956206706663 2.096774193548387 2.5806451612903225 3.0
438 1.898800661703887 2.096774193548387 2.5806451612903225 3.0
439 44.0 2.096774193548387 2.5806451612903225 3.0
440 7.954508491933313 2.096774193548387 2.5806451612903225 3.0
441 13.191336953744976 2.096774193548387 2.5806451612903225 3.0
442 0.27474245395730484 1.3978494623655915 1.7204301075268817 2.0
443 1.030637254901961 2.096774193548387 2.5806451612903225 3.0
444 1.7741247574358754 2.096774193548387 2.5806451612903225 3.0
445 0.49183338602573284 1.3978494623655915 1.7204301075268817 2.0
446 2.5078341013824885 2.096774193548387 2.5806451612903225 3.0
447 3.191657952702825 2.096774193548387 2.5806451612903225 3.0
448 4.061153151076877 2.096774193548387 2.5806451612903225 3.0
449 1.563883633134013 2.096774193548387 2.5806451612903225 3.0
450 1.755074484384897 2.096774193548387 2.5806451612903225 3.0
451 12.978034579977491 2.096774193548387 2.5806451612903225 3.0
452 1.508269904480864 2.096774193548387 2.5806451612903225 3.0
453 3.987362220530492 1.3978494623655915 1.7204301075268817 2.0
454 6.910108687953084 1.3978494623655915 1.7204301075268817 2.0
455 5.164907108158832 1.3978494623655915 1.7204301075268817 2.0
456 36.0 2.096774193548387 2.5806451612903225 3.0
457 5.550268452235469 1.3978494623655915 1.7204301075268817 2.0
458 104.0 2.096774193548387 2.5806451612903225 3.0
459 29.0 2.096774193548387 2.5806451612903225 3.0
460 6.3220699608373225 1.3978494623655915 1.7204301075268817 2.0
461 7.763349618508123 1.3978494623655915 1.7204301075268817 2.0
462 2.0513305924229686 1.3978494623655915 1.7204301075268817 2.0
463 11.207980588035682 2.096774193548387 2.5806451612903225 3.0
464 3.897882930068289 2.096774193548387 2.5806451612903225 3.0
465 98.0 2.096774193548387 2.5806451612903225 3.0
466 2.3986168230330938 1.3978494623655915 1.7204301075268817 2.0
467 2.645569233823438 2.096774193548387 2.5806451612903225 3.0
468 71.0 1.3978494623655915 1.7204301075268817 2.0
469 5.104788452547921 1.3978494623655915 1.7204301075268817 2.0
470 17.38110784896781 1.3978494623655915 1.7204301075268817 2.0
471 9.90661630429378 1.3978494623655915 1.7204301075268817 2.0
472 1.0443594311166524 1.3978494623655915 1.7204301075268817 2.0
473 2.2386779077959957 2.096774193548387 2.5806451612903225 3.0
474 2.6907759249134315 1.3978494623655915 1.7204301075268817 2.0
475 0.8585878334547573 1.3978494623655915 1.7204301075268817 2.0
476 9.657287179506717 1.3978494623655915 1.7204301075268817 2.0
477 13.901930435120684 2.096774193548387 2.5806451612903225 3.0
478 2.2764645308924485 2.096774193548387 2.5806451612903225 3.0
479 1.156736737838433 2.096774193548387 2.5806451612903225 3.0
480 1.3648370824546332 1.3978494623655915 1.7204301075268817 2.0
481 0.9408793071488895 1.3978494623655915 1.7204301075268817 2.0
482 29.287070717891964 2.096774193548387 2.5806451612903225 3.0
483 1.7494264712767449 2.096774193548387 2.5806451612903225 3.0
484 0.3695817371379471 2.096774193548387 2.5806451612903225 3.0
485 7.972265218307967 1.3978494623655915 1.7204301075268817 2.0
486 2.421086403951151 1.3978494623655915 1.7204301075268817 2.0
487 103.0 1.3978494623655915 1.7204301075268817 2.0
488 7.536184271126336 2.096774193548387 2.5806451612903225 3.0
489 11.811937467151965 2.096774193548387 2.5806451612903225 3.0
490 6.970152013055236 2.096774193548387 2.5806451612903225 3.0
491 3.5120075808183513 1.3978494623655915 1.7204301075268817 2.0
492 8.515816187360768 2.096774193548387 2.5806451612903225 3.0
493 1.5349937484371095 1.3978494623655915 1.7204301075268817 2.0
494 0.9239332042130031 2.096774193548387 2.5806451612903225 3.0
495 36.0 2.096774193548387 2.5806451612903225 3.0
496 96.0 2.096774193548387 2.5806451612903225 3.0
497 56.0 2.096774193548387 2.5806451612903225 3.0
498 1.9265976871576387 2.096774193548387 2.5806451612903225 3.0
499 3.065573859324827 2.096774193548387 2.5806451612903225 3.0
