200 3
TREE NETWORK (nID nID Weight):
97 0 47
43 97 33
179 97 40
50 179 45
98 43 36
5 98 39
122 50 55
199 98 32
120 199 38
82 43 52
147 199 44
193 179 59
178 122 50
77 0 43
34 43 53
124 199 53
36 147 50
126 98 46
64 82 53
73 178 30
132 82 45
96 64 58
26 0 59
48 73 41
87 64 41
93 179 52
131 179 32
192 64 54
75 77 35
20 179 54
196 122 34
74 193 57
7 74 36
72 5 40
59 96 47
25 74 40
33 97 55
31 34 55
165 0 39
160 131 34
6 64 34
108 59 46
112 132 38
188 124 51
158 192 58
174 26 32
144 48 58
180 20 40
101 33 47
135 165 30
22 59 31
127 31 33
44 48 52
42 196 30
46 50 41
61 20 52
55 48 35
156 5 32
92 82 40
41 22 47
57 98 40
121 92 31
116 22 32
28 112 48
142 7 59
134 26 44
66 57 48
186 7 31
8 178 38
56 193 39
90 73 33
113 82 41
105 147 51
168 74 32
143 43 53
45 156 36
117 50 30
18 6 42
159 0 43
166 50 45
195 87 50
54 26 50
170 180 38
102 90 51
35 5 49
2 92 55
187 199 41
27 35 47
13 43 37
154 159 55
119 132 47
78 2 44
111 61 57
139 192 38
37 73 40
128 55 52
94 112 44
184 36 51
3 156 45
19 36 46
114 72 58
86 19 47
4 122 31
148 158 56
24 180 33
15 117 34
197 117 34
106 111 49
79 92 34
65 174 53
145 134 53
109 195 42
171 166 47
162 18 52
107 148 46
153 19 41
140 27 34
62 90 53
81 25 39
68 187 52
123 26 51
70 50 50
137 31 31
60 41 40
23 106 58
130 147 52
161 142 45
129 156 41
9 62 32
89 50 54
181 184 33
49 72 32
29 77 42
1 186 35
58 26 34
12 161 46
138 165 45
194 62 39
175 28 45
141 33 45
99 15 34
185 13 49
173 158 36
177 180 31
150 135 50
110 181 37
30 120 49
176 142 54
95 41 41
63 134 40
67 135 35
80 79 43
17 78 34
183 140 35
10 148 50
40 57 49
155 54 30
182 192 49
88 96 50
104 184 43
16 135 48
100 124 40
11 185 51
164 2 55
53 8 53
151 89 44
191 22 39
189 29 33
146 53 57
136 122 34
69 61 46
152 110 33
115 80 43
149 67 32
190 77 47
71 182 50
52 35 58
76 108 59
172 110 59
39 151 45
32 166 45
167 73 56
133 144 30
169 65 39
91 137 52
83 43 39
198 3 31
163 33 59
47 56 44
21 8 54
118 24 41
85 148 54
38 148 50
84 123 55
157 146 43
14 78 30
51 62 59
125 40 36
103 66 41
PROGRAMS ASSIGNED TO NODES (nID pID1 pID2 ...):
0 1 2 3
1 1 3
2 1 3
3 1 2
5 1 3
6 1 3
7 1 2
9 2
11 1 2
14 2
15 1
17 1 2
18 2
19 2 3
20 2 3
22 1 2
23 3
24 3
25 1
26 1
27 2 3
28 1
29 1 2
30 2 3
32 3
36 1 3
38 2
40 2 3
42 2
43 1
44 2 3
46 1 3
47 2 3
49 2
50 1
51 3
53 2
54 2 3
55 1 3
56 3
57 1
59 1 2
60 1
62 2
63 1 3
64 3
65 1 2
68 1 3
69 1 2
70 1 2
72 2
73 3
74 2
76 1 2
78 1
79 1 3
81 3
83 1 3
85 2
86 3
87 1 3
90 1
91 3
92 1 2
93 1 3
94 1
96 2 3
99 1 3
100 1 2
101 1 3
102 1 2
104 2
105 1
106 1 3
108 1
109 2 3
110 2 3
112 1 3
113 1 3
115 2 3
116 1 2
118 2 3
119 2 3
120 1 3
121 3
122 1 3
123 1
124 1 3
125 1 3
127 1 2
128 2 3
129 2
132 1 3
133 3
134 1
135 2
136 1
137 2 3
140 1 2
141 1 2
142 2 3
144 2 3
145 1 2
146 1 3
147 1 3
148 1 3
149 2 3
150 2
151 2
153 1 2
154 1 3
157 1 2
158 2 3
160 1 3
163 2 3
164 3
165 1 3
166 2 3
167 1 3
168 2
170 1
171 2 3
173 2
176 1 2
179 3
180 1 2
182 2 3
183 2
184 2
185 3
187 1 2
189 3
191 1 3
193 1 2
194 1
196 1
198 1
199 1 2
SIZE OF PROGRAMS (pID SIZE):
1 90.0
2 87.0
3 58.0
COST TO INSTALL SERVERS AND PROGRAMS ON NODES (COST_TO_INSTALL_SERVER COST_TO_INSTALL_pID1 ...):
0 1522.2222222222222 2.0 1.9333333333333333 1.288888888888889
1 15.43640762578933 3.0 2.9 1.9333333333333333
2 6.63419289044289 3.0 2.9 1.9333333333333333
3 16.981134100828246 3.0 2.9 1.9333333333333333
4 30.0 2.0 1.9333333333333333 1.288888888888889
5 10.104778554778553 3.0 2.9 1.9333333333333333
6 2.0152836527142854 3.0 2.9 1.9333333333333333
7 12.171848052334225 2.0 1.9333333333333333 1.288888888888889
8 14.05249601275917 3.0 2.9 1.9333333333333333
9 10.346703049158789 2.0 1.9333333333333333 1.288888888888889
10 76.0 3.0 2.9 1.9333333333333333
11 7.393913537464404 2.0 1.9333333333333333 1.288888888888889
12 22.0 2.0 1.9333333333333333 1.288888888888889
13 6.383538083538083 3.0 2.9 1.9333333333333333
14 1.2861261964985369 2.0 1.9333333333333333 1.288888888888889
15 1.4490766235572246 3.0 2.9 1.9333333333333333
16 74.0 2.0 1.9333333333333333 1.288888888888889
17 2.350523140814129 3.0 2.9 1.9333333333333333
18 5.7193595544182365 3.0 2.9 1.9333333333333333
19 21.552073451910406 2.0 1.9333333333333333 1.288888888888889
20 0.7393518518518518 3.0 2.9 1.9333333333333333
21 104.0 2.0 1.9333333333333333 1.288888888888889
22 3.248455223159297 2.0 1.9333333333333333 1.288888888888889
23 3.684831143012234 3.0 2.9 1.9333333333333333
24 9.645354848723642 3.0 2.9 1.9333333333333333
25 8.21910262493594 3.0 2.9 1.9333333333333333
26 64.0 2.0 1.9333333333333333 1.288888888888889
27 2.6637215958644527 3.0 2.9 1.9333333333333333
28 1.0616356627694814 2.0 1.9333333333333333 1.288888888888889
29 0.5838132152085641 2.0 1.9333333333333333 1.288888888888889
30 1.797971336851616 3.0 2.9 1.9333333333333333
31 13.264827520487898 2.0 1.9333333333333333 1.288888888888889
32 0.5261820330969268 2.0 1.9333333333333333 1.288888888888889
33 0.8636363636363636 3.0 2.9 1.9333333333333333
34 9.633009338669716 2.0 1.9333333333333333 1.288888888888889
35 20.611078009292296 2.0 1.9333333333333333 1.288888888888889
36 9.870110479797976 3.0 2.9 1.9333333333333333
37 38.0 3.0 2.9 1.9333333333333333
38 1.2273363029539266 2.0 1.9333333333333333 1.288888888888889
39 56.0 2.0 1.9333333333333333 1.288888888888889
40 2.1486574933003504 3.0 2.9 1.9333333333333333
41 8.013471576621365 3.0 2.9 1.9333333333333333
42 6.060023324610308 3.0 2.9 1.9333333333333333
43 5.864141414141414 2.0 1.9333333333333333 1.288888888888889
44 2.1793739145879782 3.0 2.9 1.9333333333333333
45 24.0 3.0 2.9 1.9333333333333333
46 3.819507390109361 3.0 2.9 1.9333333333333333
47 9.935167816149605 2.0 1.9333333333333333 1.288888888888889
48 18.4809940872136 3.0 2.9 1.9333333333333333
49 1.2095280030253435 2.0 1.9333333333333333 1.288888888888889
50 9.24375 2.0 1.9333333333333333 1.288888888888889
51 6.400132541247102 2.0 1.9333333333333333 1.288888888888889
52 85.0 3.0 2.9 1.9333333333333333
53 3.0465900063194007 2.0 1.9333333333333333 1.288888888888889
54 0.22719397363465174 3.0 2.9 1.9333333333333333
55 3.751594252630838 3.0 2.9 1.9333333333333333
56 7.4086526646344515 2.0 1.9333333333333333 1.288888888888889
57 6.755618686868686 2.0 1.9333333333333333 1.288888888888889
58 61.0 2.0 1.9333333333333333 1.288888888888889
59 2.2292795959191536 3.0 2.9 1.9333333333333333
60 9.963471576621362 2.0 1.9333333333333333 1.288888888888889
61 10.125836894586895 3.0 2.9 1.9333333333333333
62 13.732682246998284 2.0 1.9333333333333333 1.288888888888889
63 0.4638777606574216 3.0 2.9 1.9333333333333333
64 5.548264026330064 2.0 1.9333333333333333 1.288888888888889
65 0.5970872641509434 3.0 2.9 1.9333333333333333
66 76.0 2.0 1.9333333333333333 1.288888888888889
67 4.104497354497354 2.0 1.9333333333333333 1.288888888888889
68 7.753404696506669 3.0 2.9 1.9333333333333333
69 11.336756834575981 2.0 1.9333333333333333 1.288888888888889
70 4.231192671394799 3.0 2.9 1.9333333333333333
71 62.0 2.0 1.9333333333333333 1.288888888888889
72 0.8409863363586768 3.0 2.9 1.9333333333333333
73 2.506994949494949 3.0 2.9 1.9333333333333333
74 1.1147524531668151 3.0 2.9 1.9333333333333333
75 34.0 2.0 1.9333333333333333 1.288888888888889
76 2.5605236944163194 2.0 1.9333333333333333 1.288888888888889
77 37.0 3.0 2.9 1.9333333333333333
78 8.781940146142274 2.0 1.9333333333333333 1.288888888888889
79 20.574237567987566 2.0 1.9333333333333333 1.288888888888889
80 7.234921584650532 3.0 2.9 1.9333333333333333
81 3.799756715153303 2.0 1.9333333333333333 1.288888888888889
82 0.8807109557109558 3.0 2.9 1.9333333333333333
83 6.2404884634671856 2.0 1.9333333333333333 1.288888888888889
84 83.0 2.0 1.9333333333333333 1.288888888888889
85 1.2144474140650376 2.0 1.9333333333333333 1.288888888888889
86 0.9454990025135723 3.0 2.9 1.9333333333333333
87 18.346306712028067 2.0 1.9333333333333333 1.288888888888889
88 86.0 3.0 2.9 1.9333333333333333
89 2.8023049645390063 3.0 2.9 1.9333333333333333
90 19.314696969696968 3.0 2.9 1.9333333333333333
91 0.6193522411940977 3.0 2.9 1.9333333333333333
92 12.47979312354312 3.0 2.9 1.9333333333333333
93 2.7760204885736806 2.0 1.9333333333333333 1.288888888888889
94 1.0786811173149358 2.0 1.9333333333333333 1.288888888888889
95 38.0 2.0 1.9333333333333333 1.288888888888889
96 1.9903907070302644 2.0 1.9333333333333333 1.288888888888889
97 3.466666666666667 3.0 2.9 1.9333333333333333
98 1.3426767676767675 2.0 1.9333333333333333 1.288888888888889
99 8.16560654521856 3.0 2.9 1.9333333333333333
100 2.3408799785287644 2.0 1.9333333333333333 1.288888888888889
101 0.5699892542445734 2.0 1.9333333333333333 1.288888888888889
102 2.771669719725415 3.0 2.9 1.9333333333333333
103 99.0 2.0 1.9333333333333333 1.288888888888889
104 9.081553016190957 2.0 1.9333333333333333 1.288888888888889
105 1.176482677210149 2.0 1.9333333333333333 1.288888888888889
106 11.318944965658025 2.0 1.9333333333333333 1.288888888888889
107 30.0 3.0 2.9 1.9333333333333333
108 17.330681657191782 2.0 1.9333333333333333 1.288888888888889
109 8.523710202798188 2.0 1.9333333333333333 1.288888888888889
110 3.016730144568849 2.0 1.9333333333333333 1.288888888888889
111 9.00329870715462 2.0 1.9333333333333333 1.288888888888889
112 1.437467534332036 2.0 1.9333333333333333 1.288888888888889
113 1.0800805709887182 2.0 1.9333333333333333 1.288888888888889
114 79.0 2.0 1.9333333333333333 1.288888888888889
115 16.620702383550203 2.0 1.9333333333333333 1.288888888888889
116 12.147057697621099 3.0 2.9 1.9333333333333333
117 9.033073286052009 2.0 1.9333333333333333 1.288888888888889
118 12.356736962544778 3.0 2.9 1.9333333333333333
119 10.237003835408089 2.0 1.9333333333333333 1.288888888888889
120 22.911518972620943 2.0 1.9333333333333333 1.288888888888889
121 0.6139081779198459 2.0 1.9333333333333333 1.288888888888889
122 5.3017045454545455 2.0 1.9333333333333333 1.288888888888889
123 0.12901296111665003 2.0 1.9333333333333333 1.288888888888889
124 2.520447994091862 2.0 1.9333333333333333 1.288888888888889
125 14.787103382939248 2.0 1.9333333333333333 1.288888888888889
126 25.0 2.0 1.9333333333333333 1.288888888888889
127 13.12357099700335 2.0 1.9333333333333333 1.288888888888889
128 2.7547707399848034 2.0 1.9333333333333333 1.288888888888889
129 1.2042231249765631 2.0 1.9333333333333333 1.288888888888889
130 98.0 2.0 1.9333333333333333 1.288888888888889
131 6.275202915681637 2.0 1.9333333333333333 1.288888888888889
132 9.984265734265735 2.0 1.9333333333333333 1.288888888888889
133 6.707933292447044 2.0 1.9333333333333333 1.288888888888889
134 0.5217193117616851 3.0 2.9 1.9333333333333333
135 1.6111111111111112 3.0 2.9 1.9333333333333333
136 5.068989646148594 2.0 1.9333333333333333 1.288888888888889
137 1.4306455602502017 2.0 1.9333333333333333 1.288888888888889
138 88.0 2.0 1.9333333333333333 1.288888888888889
139 106.0 3.0 2.9 1.9333333333333333
140 10.949816242422177 3.0 2.9 1.9333333333333333
141 2.1742381259402537 3.0 2.9 1.9333333333333333
142 2.165835315690356 3.0 2.9 1.9333333333333333
143 14.0 2.0 1.9333333333333333 1.288888888888889
144 2.150527760741824 3.0 2.9 1.9333333333333333
145 3.421134934248142 3.0 2.9 1.9333333333333333
146 12.106047478258253 2.0 1.9333333333333333 1.288888888888889
147 2.3500315656565656 3.0 2.9 1.9333333333333333
148 9.958265622754073 2.0 1.9333333333333333 1.288888888888889
149 9.500576159951162 3.0 2.9 1.9333333333333333
150 0.3970769230769231 3.0 2.9 1.9333333333333333
151 3.9886686009026433 3.0 2.9 1.9333333333333333
152 93.0 2.0 1.9333333333333333 1.288888888888889
153 2.940513700752705 3.0 2.9 1.9333333333333333
154 0.11994362226920369 3.0 2.9 1.9333333333333333
155 52.0 3.0 2.9 1.9333333333333333
156 8.745810095637223 2.0 1.9333333333333333 1.288888888888889
157 2.8201532204337383 3.0 2.9 1.9333333333333333
158 12.986788686626035 3.0 2.9 1.9333333333333333
159 48.0 3.0 2.9 1.9333333333333333
160 4.720535739118342 3.0 2.9 1.9333333333333333
161 109.0 3.0 2.9 1.9333333333333333
162 81.0 2.0 1.9333333333333333 1.288888888888889
163 3.8002707687525574 2.0 1.9333333333333333 1.288888888888889
164 0.5732760501909437 3.0 2.9 1.9333333333333333
165 0.6829059829059827 2.0 1.9333333333333333 1.288888888888889
166 3.605860914105594 3.0 2.9 1.9333333333333333
167 7.987022893576086 3.0 2.9 1.9333333333333333
168 4.687423534268414 2.0 1.9333333333333333 1.288888888888889
169 25.0 3.0 2.9 1.9333333333333333
170 5.069988801791713 2.0 1.9333333333333333 1.288888888888889
171 9.980033490937746 2.0 1.9333333333333333 1.288888888888889
172 41.0 2.0 1.9333333333333333 1.288888888888889
173 6.837874960580701 2.0 1.9333333333333333 1.288888888888889
174 1.9924305555555555 2.0 1.9333333333333333 1.288888888888889
175 27.0 2.0 1.9333333333333333 1.288888888888889
176 16.52728764879101 2.0 1.9333333333333333 1.288888888888889
177 93.0 3.0 2.9 1.9333333333333333
178 6.032815656565656 3.0 2.9 1.9333333333333333
179 3.3916666666666666 2.0 1.9333333333333333 1.288888888888889
180 9.527777777777777 2.0 1.9333333333333333 1.288888888888889
181 2.463727141565846 3.0 2.9 1.9333333333333333
182 5.986236488832024 3.0 2.9 1.9333333333333333
183 1.5872641879248353 2.0 1.9333333333333333 1.288888888888889
184 2.024333202171907 3.0 2.9 1.9333333333333333
185 13.119876230590515 3.0 2.9 1.9333333333333333
186 1.755031774516345 2.0 1.9333333333333333 1.288888888888889
187 14.33466832963784 3.0 2.9 1.9333333333333333
188 38.0 3.0 2.9 1.9333333333333333
189 0.255403201449713 3.0 2.9 1.9333333333333333
190 55.0 3.0 2.9 1.9333333333333333
191 18.594141538670144 2.0 1.9333333333333333 1.288888888888889
192 14.953985122145498 3.0 2.9 1.9333333333333333
193 5.971009887005648 3.0 2.9 1.9333333333333333
194 10.400601297538273 2.0 1.9333333333333333 1.288888888888889
195 12.433584961971395 2.0 1.9333333333333333 1.288888888888889
196 11.230405462636375 3.0 2.9 1.9333333333333333
197 43.0 2.0 1.9333333333333333 1.288888888888889
198 1.4165584458437923 3.0 2.9 1.9333333333333333
199 2.077051767676768 2.0 1.9333333333333333 1.288888888888889
