400 8
TREE NETWORK (nID nID Weight):
398 0 58
200 398 52
280 0 57
62 398 35
263 62 37
89 280 51
170 89 56
226 170 42
347 226 35
205 398 44
345 170 31
207 62 36
176 345 37
346 62 41
65 346 41
101 398 32
310 0 36
387 347 52
116 310 53
144 226 38
323 200 54
336 116 47
66 65 50
40 398 33
232 101 55
385 62 51
30 310 46
105 387 40
75 176 32
267 346 31
302 347 59
214 200 42
314 0 36
1 200 45
78 214 59
53 336 35
61 207 33
48 105 39
271 314 33
130 200 40
350 271 52
294 176 53
229 387 54
186 350 47
236 271 56
250 61 39
298 350 52
329 271 44
124 347 43
356 267 32
127 271 54
245 232 46
173 214 35
249 214 38
326 345 58
39 200 51
368 232 44
95 346 31
235 310 30
174 323 56
96 398 58
283 310 59
142 48 48
276 347 53
375 66 41
282 280 41
137 0 46
304 298 37
73 345 59
351 302 37
372 200 33
133 226 43
117 95 54
35 310 30
397 387 39
331 170 37
154 40 30
31 235 40
157 173 48
295 205 40
109 294 47
83 302 38
132 304 57
169 48 50
272 232 47
204 154 52
358 272 56
303 310 45
99 226 39
19 48 52
396 358 54
274 214 50
32 226 41
306 200 53
243 229 55
344 236 42
138 298 58
201 138 39
251 66 49
384 249 51
362 35 45
122 249 46
135 32 40
131 201 44
307 235 55
241 176 38
337 271 51
79 323 52
179 75 45
330 174 30
57 347 49
364 251 53
106 396 37
26 304 34
391 263 52
171 346 34
161 368 46
93 331 57
158 294 59
289 109 32
269 174 42
123 171 50
354 35 38
163 75 38
104 201 34
379 62 39
361 142 42
341 282 34
225 245 34
370 30 51
217 75 42
24 135 39
103 235 41
168 173 47
198 61 40
332 337 51
150 387 40
50 39 36
292 251 48
338 186 52
81 104 32
129 173 40
206 205 30
60 157 31
261 144 41
44 142 49
371 236 58
348 35 38
277 31 52
102 83 58
237 298 50
208 263 45
21 306 50
228 314 57
335 176 41
3 24 32
111 105 45
199 206 39
177 354 33
110 302 46
315 174 38
296 132 33
301 24 59
52 75 58
2 372 39
369 348 53
333 235 49
70 102 59
219 251 32
279 306 44
262 26 42
324 170 55
355 106 55
119 158 35
77 3 50
266 332 57
281 336 46
167 170 45
305 158 44
287 347 47
321 232 59
175 250 35
352 337 30
389 337 33
238 101 50
67 199 46
88 31 52
213 369 44
43 116 53
258 336 43
27 150 52
17 332 57
94 93 55
20 127 41
41 370 43
18 208 58
259 131 43
84 158 45
120 385 53
376 307 35
112 266 43
210 131 34
166 329 44
36 262 39
212 397 41
222 235 50
342 276 31
45 88 46
392 249 42
360 206 34
308 301 58
366 280 31
339 150 53
293 168 50
233 289 31
349 267 49
268 206 39
28 27 52
393 292 39
10 84 48
160 226 41
113 35 53
252 298 57
145 398 55
278 371 52
221 106 47
343 208 39
309 272 32
49 89 39
270 276 35
58 170 44
86 27 42
181 170 33
399 18 33
9 391 32
42 235 59
378 111 37
183 302 54
33 229 52
16 73 51
265 307 46
114 138 47
311 186 55
68 83 52
69 123 44
189 241 58
203 391 37
178 269 35
374 238 39
46 370 38
6 160 40
239 117 45
59 137 43
253 361 39
15 228 32
383 204 41
51 75 56
126 199 32
223 249 47
224 235 44
147 33 39
256 168 33
13 127 57
153 337 57
155 214 31
284 1 34
76 26 31
377 60 41
320 284 47
363 161 33
244 391 51
273 344 31
23 301 33
194 120 50
260 277 58
286 396 56
146 3 42
220 305 40
386 398 48
185 67 32
22 51 39
54 241 30
353 61 59
56 333 51
313 326 37
37 324 49
297 266 33
25 114 55
29 277 31
100 157 50
218 397 53
312 326 54
230 3 41
74 39 54
367 270 38
187 217 38
319 307 36
328 142 52
322 25 52
290 138 37
182 9 45
63 363 40
195 53 34
71 67 34
47 364 40
87 178 35
215 69 35
318 268 33
34 377 43
317 199 39
246 213 30
373 290 47
139 317 57
152 182 54
291 349 44
108 88 36
216 168 49
390 41 30
248 317 43
231 280 59
365 186 30
255 341 53
90 349 38
134 216 38
188 393 57
190 255 31
381 284 43
334 167 46
159 130 57
192 126 58
300 168 47
357 137 57
5 123 53
395 123 53
264 398 56
316 81 47
172 50 58
247 243 53
107 173 40
340 192 51
191 71 59
165 340 50
388 384 36
118 166 30
92 188 50
4 287 36
38 268 49
234 232 34
121 123 57
148 390 34
184 230 56
193 144 41
143 320 37
359 256 48
209 127 55
197 39 41
325 0 39
227 36 49
64 206 43
254 197 49
97 37 42
288 355 31
125 310 31
196 97 41
98 375 59
156 287 41
180 286 33
299 388 33
285 333 30
82 249 58
327 278 50
211 67 56
162 302 35
257 65 39
136 315 54
55 137 56
115 87 31
149 13 55
240 354 45
382 345 31
7 174 39
394 293 31
80 265 32
128 124 55
8 361 59
151 30 33
202 376 59
11 320 47
14 44 33
275 97 47
91 169 37
164 103 41
242 172 34
140 360 44
12 241 30
141 39 51
85 343 37
72 15 41
380 308 36
PROGRAMS ASSIGNED TO NODES (nID pID1 pID2 ...):
0 1 2 3 4 5 6 7 8
1 2 6 7 8
2 3 7
4 1 2 3 5 6 8
5 2 8
6 2 6 7
7 4 6 8
8 1 2 3 4 5 7 8
9 3 5 7 8
10 1 2 3 4 5 6 7
11 1 2 4 5 7 8
12 2 3
14 1
15 1 2 4 5 6 7 8
16 5
17 1 2 6 7 8
18 2 7
19 2 4 5 6 7 8
20 1 2 6
21 1 3 4 5 6 7 8
22 2
23 3
24 1 2 3 6
25 1 2 4 5 7 8
26 5 6 7 8
27 1 2 5 6 7 8
28 1
29 5
30 1 2 3 4 6 7 8
32 1 2 3 4 6 7 8
33 6
34 3 4 5 8
35 1
36 3 4 5 7
37 2 3 7
38 1 2 3 4 5
39 2 5
40 1 2 4 7 8
41 3 6
44 2 4 5 6 7 8
46 6
47 1
48 1 2 3 4 7
50 2 3 6 8
51 1 2 3 4 6 7
52 1 6 7 8
54 1 2 6 8
57 2 3 4 5 6 7
58 2 3 4 5 6 7 8
59 8
61 3 4 5 6 7 8
62 2 6
63 6 8
64 2 3 5 6 7 8
65 1
66 2
68 3 5 6 7
69 1 4
70 1 2 6
71 2 3 4 5 6 7
73 1 2 3 4 5 7 8
74 2 6
76 1 2 4 5 7 8
77 2 3 5 7 8
78 2 3 4 5 6 7 8
79 1 2 3 4 7 8
80 1 2 3 6 8
81 1 3 4 5 6 7 8
82 1 3 4 6
83 1 3 4 5 7
84 7
85 4 6
86 1 2 4 6 7 8
88 3 4 5 8
89 2 4 5 6 8
90 1 2 4 5 6 7 8
91 1 2 3 4 5 6 7
92 1
93 5 6 7
94 1 2 3 4 6
96 3 4 5 6
97 1 3 4 5 6 7 8
98 1
99 3 5 6
100 7
101 2 5 6 7 8
103 1 2 3 4 5 6 7
104 1 2 3 4 6 8
105 2
106 1 2 3 5 7
107 1 6 7 8
108 1 3 5 6
109 1 8
110 1 2 8
112 2 3 4 5 6 7 8
114 1 2 3 5 6 8
116 1 2 5 7 8
118 1 2 3 4 7
119 2 8
120 1 2 3 4 5 8
121 1 2 4 6 7
122 2 3 4 5 6 7 8
123 4 5 7 8
124 1 4 5 6 7 8
125 4
127 3
129 1 3 4 5 6
130 1 4 5 6 7 8
131 1 2 3 5 6 7 8
132 2 3 4 5 6 8
133 1 3 6 7
134 2 3 5 7
135 1 2 4
136 2 3 5
137 1 2 3 5 6 7 8
138 2 3 7
139 1 2 3 6 7
140 1 3 4 5 7
141 1 2 4 5 8
142 2
143 1 2 3 4 5 6 7
144 2 6 8
145 2 4 7 8
148 3
149 5
150 2 3 5 6 7 8
151 1 3 4 6 7
152 3 8
153 1 2 3 4 5 7
155 1 2 4 5
156 5
157 1 2 3 4 6 7 8
158 1 2 4 5 7 8
159 1 7
160 1
161 2 4
162 2 5 7 8
163 4 5
164 2 3 4 5 6 8
165 4 8
166 1 2 6 7
167 3 8
168 2 3 4 5
169 1 3 4 5 8
170 1 2 4 7
171 5 7 8
172 1 2 4 6 8
173 1 2 4 5 6 8
174 6
175 2 7 8
176 2 3 4 6 8
177 1 5
178 3 4 8
179 1 2 3 4 5 7
180 2 5 6 7 8
181 1 3 5 6 8
182 1 3 4
184 2 6
185 1 2 4 5 7 8
186 1 3 4 5 6 7 8
187 2 3 4 7 8
188 2 3 5 6 7 8
189 3 6 7
190 5
193 1 2 5 8
194 2 4 5 6
195 2 5 8
197 3 5
198 5
199 1 3 5 6 7 8
200 1 4 5 7 8
201 3
202 3 5 7 8
203 4 5 8
204 1 2 3 5 7
206 1 2 7
207 1 2 4 6 8
208 5
209 6 7 8
211 1 3 4 6 7 8
213 1 2 6 7 8
214 1 2 5 6 7
215 4 7
216 3 6
217 1 3 4 5 6 7 8
218 3 6 7 8
219 1 2 3 4 5 7 8
220 1 2 3 5 6 7 8
221 1 5 6
222 2 3 4 5 7
223 1 2 3 4 6 7 8
225 5
226 2 4 5 6 8
227 2 4 5 7 8
228 7
229 8
231 1 2 4 5 6 7 8
233 2
234 1 2 3 7 8
235 1 2 5 6 7 8
236 1 3 4 5 8
237 5 8
238 1 4 5 6 7 8
239 1 2 3 5 6 7 8
240 1 4 5 7
241 2 3 4
242 2 4 5 6 7 8
243 1 2 3 7
244 1 8
245 1
246 3 6
247 4 5 8
248 5 7
249 6
250 4 5 6 7
251 1 2 7 8
252 1 2 4 5 6 8
253 1 2 3 4 5 6 7
254 3 4 7 8
255 2 5 6 7 8
256 2 5
257 6
258 5
259 1 2 3 6 7
260 4
261 3 4 5
263 6
264 2 3 4 5 6 7 8
267 1 2 3 4 5 8
269 3 6 7
270 1 2 3 4 5 6 8
271 5
272 6 8
273 1 2 4 6 7
274 2 3 5 6 7 8
275 5 7 8
276 3
277 1 3 4 5 6 8
278 8
279 1
280 1 4
281 4 5 6 7
282 5
283 1 2
284 1 6 7 8
285 1 2 3 4 5 6 7
287 2 3 4 5 7 8
288 2 3 4 5
290 2
291 3 4 6 7 8
292 1 2 3 4 5 6
294 1 2 6 7
295 1 3 7 8
296 1 4 5 6 7
297 3 7 8
300 1 4 5 7
301 1 2 5 6 7
302 1 3
303 3 4 5 7
304 1 2 4 5 6 7
306 1 2 3 4 5 6 7
307 2 3 5 7
309 1 2 3 4 5 7 8
310 4
312 1 2 4 5 6 8
314 5
315 1 2 4 5 7 8
316 1 3 4 6 7
317 8
318 1 2 3 4 5 7 8
320 2 3 4 5 6 8
321 5 8
322 1 3 4 7
324 1 5 6
325 4
326 3 8
327 2 5 7
329 7
330 2 3 4 5 6 7 8
331 2 3 4 8
332 1 2 3 4 5 6
334 1 5 6 8
335 1 2 3 4 5 7 8
336 1 2 3 8
337 3
338 1 5 8
339 5 8
340 1 3 4 6 7
341 1 2 7 8
342 3 7 8
343 2 3 6 7
344 1 8
345 1 2 3 4 6 7 8
348 1 2 3 4 5 7 8
349 1 4 5
350 3 4 6 7 8
351 1 4 5 6 7 8
352 3 5 8
353 1 2 4
354 1 2 3 4 5 7 8
355 6
356 2 4 5 7 8
357 1 5 6
358 2 6 7 8
359 4 5 6
360 4
361 1 2 7 8
362 1 2 3 5 6 7 8
363 1 2 3 5 6 8
365 4 6
367 1 3 4 5 8
368 7 8
370 1 2 3 4 7 8
371 3 7
372 2 6
373 1 4 6 7 8
374 1 2 3 6 7
375 1 2 3 4 5 7 8
376 4 6
377 2 4 5 7 8
378 2 3
380 1 2 3 4 5 6 7
382 1 2 4 5 8
383 1 2 3
384 2 3 4 5 6 7
385 1 2 3 4 5 7 8
386 1 2 5 6 7 8
388 1 2 3 4 5 6 7
389 3 6 7
390 1 2 3 5 6 7 8
391 1 2 3 4 5 6 7
393 1 2 3 6 7
394 1 2 7 8
395 1 3 4 8
397 1 5 6 7 8
398 1 3 6
399 3 8
SIZE OF PROGRAMS (pID SIZE):
1 78.0
2 99.0
3 85.0
4 92.0
5 95.0
6 52.0
7 84.0
8 87.0
COST TO INSTALL SERVERS AND PROGRAMS ON NODES (COST_TO_INSTALL_SERVER COST_TO_INSTALL_pID1 ...):
0 3036.363636363636 2.3636363636363638 3.0 2.5757575757575757 2.787878787878788 2.878787878787879 1.5757575757575757 2.5454545454545454 2.6363636363636362
1 10.387445096410616 2.3636363636363638 3.0 2.5757575757575757 2.787878787878788 2.878787878787879 1.5757575757575757 2.5454545454545454 2.6363636363636362
2 8.047796934865898 2.3636363636363638 3.0 2.5757575757575757 2.787878787878788 2.878787878787879 1.5757575757575757 2.5454545454545454 2.6363636363636362
3 79.23095015048337 1.5757575757575757 2.0 1.7171717171717171 1.8585858585858586 1.9191919191919191 1.0505050505050506 1.696969696969697 1.7575757575757576
4 59.88460579739038 2.3636363636363638 3.0 2.5757575757575757 2.787878787878788 2.878787878787879 1.5757575757575757 2.5454545454545454 2.6363636363636362
5 16.86683078841528 1.5757575757575757 2.0 1.7171717171717171 1.8585858585858586 1.9191919191919191 1.0505050505050506 1.696969696969697 1.7575757575757576
6 19.556640214727505 2.3636363636363638 3.0 2.5757575757575757 2.787878787878788 2.878787878787879 1.5757575757575757 2.5454545454545454 2.6363636363636362
7 10.850552608311231 1.5757575757575757 2.0 1.7171717171717171 1.8585858585858586 1.9191919191919191 1.0505050505050506 1.696969696969697 1.7575757575757576
8 115.22938391398473 1.5757575757575757 2.0 1.7171717171717171 1.8585858585858586 1.9191919191919191 1.0505050505050506 1.696969696969697 1.7575757575757576
9 25.61571101209956 2.3636363636363638 3.0 2.5757575757575757 2.787878787878788 2.878787878787879 1.5757575757575757 2.5454545454545454 2.6363636363636362
10 9.52751706132778 2.3636363636363638 3.0 2.5757575757575757 2.787878787878788 2.878787878787879 1.5757575757575757 2.5454545454545454 2.6363636363636362
11 51.38959219454557 2.3636363636363638 3.0 2.5757575757575757 2.787878787878788 2.878787878787879 1.5757575757575757 2.5454545454545454 2.6363636363636362
12 21.687736013278805 1.5757575757575757 2.0 1.7171717171717171 1.8585858585858586 1.9191919191919191 1.0505050505050506 1.696969696969697 1.7575757575757576
13 4.2146464646464645 1.5757575757575757 2.0 1.7171717171717171 1.8585858585858586 1.9191919191919191 1.0505050505050506 1.696969696969697 1.7575757575757576
14 1.704324098060277 2.3636363636363638 3.0 2.5757575757575757 2.787878787878788 2.878787878787879 1.5757575757575757 2.5454545454545454 2.6363636363636362
15 32.26174117822966 1.5757575757575757 2.0 1.7171717171717171 1.8585858585858586 1.9191919191919191 1.0505050505050506 1.696969696969697 1.7575757575757576
16 0.9844079135539433 1.5757575757575757 2.0 1.7171717171717171 1.8585858585858586 1.9191919191919191 1.0505050505050506 1.696969696969697 1.7575757575757576
17 31.560600848526537 2.3636363636363638 3.0 2.5757575757575757 2.787878787878788 2.878787878787879 1.5757575757575757 2.5454545454545454 2.6363636363636362
18 29.426402488471457 1.5757575757575757 2.0 1.7171717171717171 1.8585858585858586 1.9191919191919191 1.0505050505050506 1.696969696969697 1.7575757575757576
19 73.06730986100732 1.5757575757575757 2.0 1.7171717171717171 1.8585858585858586 1.9191919191919191 1.0505050505050506 1.696969696969697 1.7575757575757576
20 15.725296665845445 1.5757575757575757 2.0 1.7171717171717171 1.8585858585858586 1.9191919191919191 1.0505050505050506 1.696969696969697 1.7575757575757576
21 26.854988649065092 1.5757575757575757 2.0 1.7171717171717171 1.8585858585858586 1.9191919191919191 1.0505050505050506 1.696969696969697 1.7575757575757576
22 1.5715168462799665 2.3636363636363638 3.0 2.5757575757575757 2.787878787878788 2.878787878787879 1.5757575757575757 2.5454545454545454 2.6363636363636362
23 1.5376483139390822 1.5757575757575757 2.0 1.7171717171717171 1.8585858585858586 1.9191919191919191 1.0505050505050506 1.696969696969697 1.7575757575757576
24 82.10083969710635 2.3636363636363638 3.0 2.5757575757575757 2.787878787878788 2.878787878787879 1.5757575757575757 2.5454545454545454 2.6363636363636362
25 39.180315215476625 1.5757575757575757 2.0 1.7171717171717171 1.8585858585858586 1.9191919191919191 1.0505050505050506 1.696969696969697 1.7575757575757576
26 18.836930883989705 1.5757575757575757 2.0 1.7171717171717171 1.8585858585858586 1.9191919191919191 1.0505050505050506 1.696969696969697 1.7575757575757576
27 49.50111343764592 2.3636363636363638 3.0 2.5757575757575757 2.787878787878788 2.878787878787879 1.5757575757575757 2.5454545454545454 2.6363636363636362
28 1.3250646670151314 1.5757575757575757 2.0 1.7171717171717171 1.8585858585858586 1.9191919191919191 1.0505050505050506 1.696969696969697 1.7575757575757576
29 1.0193206882723012 2.3636363636363638 3.0 2.5757575757575757 2.787878787878788 2.878787878787879 1.5757575757575757 2.5454545454545454 2.6363636363636362
30 12.91418533157663 1.5757575757575757 2.0 1.7171717171717171 1.8585858585858586 1.9191919191919191 1.0505050505050506 1.696969696969697 1.7575757575757576
31 30.848279220779222 1.5757575757575757 2.0 1.7171717171717171 1.8585858585858586 1.9191919191919191 1.0505050505050506 1.696969696969697 1.7575757575757576
32 24.171519926288486 1.5757575757575757 2.0 1.7171717171717171 1.8585858585858586 1.9191919191919191 1.0505050505050506 1.696969696969697 1.7575757575757576
33 4.182884930686788 2.3636363636363638 3.0 2.5757575757575757 2.787878787878788 2.878787878787879 1.5757575757575757 2.5454545454545454 2.6363636363636362
34 54.72943611905837 1.5757575757575757 2.0 1.7171717171717171 1.8585858585858586 1.9191919191919191 1.0505050505050506 1.696969696969697 1.7575757575757576
35 20.47299663299663 2.3636363636363638 3.0 2.5757575757575757 2.787878787878788 2.878787878787879 1.5757575757575757 2.5454545454545454 2.6363636363636362
36 35.98472532464129 2.3636363636363638 3.0 2.5757575757575757 2.787878787878788 2.878787878787879 1.5757575757575757 2.5454545454545454 2.6363636363636362
37 4.2534775441276995 2.3636363636363638 3.0 2.5757575757575757 2.787878787878788 2.878787878787879 1.5757575757575757 2.5454545454545454 2.6363636363636362
38 30.653339427403463 2.3636363636363638 3.0 2.5757575757575757 2.787878787878788 2.878787878787879 1.5757575757575757 2.5454545454545454 2.6363636363636362
39 9.430930935190572 2.3636363636363638 3.0 2.5757575757575757 2.787878787878788 2.878787878787879 1.5757575757575757 2.5454545454545454 2.6363636363636362
40 16.528474399164054 1.5757575757575757 2.0 1.7171717171717171 1.8585858585858586 1.9191919191919191 1.0505050505050506 1.696969696969697 1.7575757575757576
41 30.604224755134766 2.3636363636363638 3.0 2.5757575757575757 2.787878787878788 2.878787878787879 1.5757575757575757 2.5454545454545454 2.6363636363636362
42 59.0 2.3636363636363638 3.0 2.5757575757575757 2.787878787878788 2.878787878787879 1.5757575757575757 2.5454545454545454 2.6363636363636362
43 109.0 1.5757575757575757 2.0 1.7171717171717171 1.8585858585858586 1.9191919191919191 1.0505050505050506 1.696969696969697 1.7575757575757576
44 113.49265948305155 1.5757575757575757 2.0 1.7171717171717171 1.8585858585858586 1.9191919191919191 1.0505050505050506 1.696969696969697 1.7575757575757576
45 51.0 1.5757575757575757 2.0 1.7171717171717171 1.8585858585858586 1.9191919191919191 1.0505050505050506 1.696969696969697 1.7575757575757576
46 2.3474418433901536 1.5757575757575757 2.0 1.7171717171717171 1.8585858585858586 1.9191919191919191 1.0505050505050506 1.696969696969697 1.7575757575757576
47 1.2376054335702662 1.5757575757575757 2.0 1.7171717171717171 1.8585858585858586 1.9191919191919191 1.0505050505050506 1.696969696969697 1.7575757575757576
48 22.281518046223923 1.5757575757575757 2.0 1.7171717171717171 1.8585858585858586 1.9191919191919191 1.0505050505050506 1.696969696969697 1.7575757575757576
49 101.0 1.5757575757575757 2.0 1.7171717171717171 1.8585858585858586 1.9191919191919191 1.0505050505050506 1.696969696969697 1.7575757575757576
50 42.30136723767555 1.5757575757575757 2.0 1.7171717171717171 1.8585858585858586 1.9191919191919191 1.0505050505050506 1.696969696969697 1.7575757575757576
51 57.136424876877925 1.5757575757575757 2.0 1.7171717171717171 1.8585858585858586 1.9191919191919191 1.0505050505050506 1.696969696969697 1.7575757575757576
52 11.963150443317407 2.3636363636363638 3.0 2.5757575757575757 2.787878787878788 2.878787878787879 1.5757575757575757 2.5454545454545454 2.6363636363636362
53 6.509854982989265 2.3636363636363638 3.0 2.5757575757575757 2.787878787878788 2.878787878787879 1.5757575757575757 2.5454545454545454 2.6363636363636362
54 22.695124691124896 2.3636363636363638 3.0 2.5757575757575757 2.787878787878788 2.878787878787879 1.5757575757575757 2.5454545454545454 2.6363636363636362
55 107.0 2.3636363636363638 3.0 2.5757575757575757 2.787878787878788 2.878787878787879 1.5757575757575757 2.5454545454545454 2.6363636363636362
56 101.0 2.3636363636363638 3.0 2.5757575757575757 2.787878787878788 2.878787878787879 1.5757575757575757 2.5454545454545454 2.6363636363636362
57 36.62719543114581 1.5757575757575757 2.0 1.7171717171717171 1.8585858585858586 1.9191919191919191 1.0505050505050506 1.696969696969697 1.7575757575757576
58 13.383245798319326 2.3636363636363638 3.0 2.5757575757575757 2.787878787878788 2.878787878787879 1.5757575757575757 2.5454545454545454 2.6363636363636362
59 0.21569844042038178 1.5757575757575757 2.0 1.7171717171717171 1.8585858585858586 1.9191919191919191 1.0505050505050506 1.696969696969697 1.7575757575757576
60 6.598442338467368 1.5757575757575757 2.0 1.7171717171717171 1.8585858585858586 1.9191919191919191 1.0505050505050506 1.696969696969697 1.7575757575757576
61 48.90339719029375 2.3636363636363638 3.0 2.5757575757575757 2.787878787878788 2.878787878787879 1.5757575757575757 2.5454545454545454 2.6363636363636362
62 7.990637408568446 2.3636363636363638 3.0 2.5757575757575757 2.787878787878788 2.878787878787879 1.5757575757575757 2.5454545454545454 2.6363636363636362
63 8.808559454489925 1.5757575757575757 2.0 1.7171717171717171 1.8585858585858586 1.9191919191919191 1.0505050505050506 1.696969696969697 1.7575757575757576
64 12.828816275945382 2.3636363636363638 3.0 2.5757575757575757 2.787878787878788 2.878787878787879 1.5757575757575757 2.5454545454545454 2.6363636363636362
65 33.12234472564161 2.3636363636363638 3.0 2.5757575757575757 2.787878787878788 2.878787878787879 1.5757575757575757 2.5454545454545454 2.6363636363636362
66 55.6782670325345 1.5757575757575757 2.0 1.7171717171717171 1.8585858585858586 1.9191919191919191 1.0505050505050506 1.696969696969697 1.7575757575757576
67 60.059931992045954 2.3636363636363638 3.0 2.5757575757575757 2.787878787878788 2.878787878787879 1.5757575757575757 2.5454545454545454 2.6363636363636362
68 39.697257018575684 2.3636363636363638 3.0 2.5757575757575757 2.787878787878788 2.878787878787879 1.5757575757575757 2.5454545454545454 2.6363636363636362
69 10.858252135464372 1.5757575757575757 2.0 1.7171717171717171 1.8585858585858586 1.9191919191919191 1.0505050505050506 1.696969696969697 1.7575757575757576
70 12.386560663455931 2.3636363636363638 3.0 2.5757575757575757 2.787878787878788 2.878787878787879 1.5757575757575757 2.5454545454545454 2.6363636363636362
71 6.0733974055752915 2.3636363636363638 3.0 2.5757575757575757 2.787878787878788 2.878787878787879 1.5757575757575757 2.5454545454545454 2.6363636363636362
72 23.0 1.5757575757575757 2.0 1.7171717171717171 1.8585858585858586 1.9191919191919191 1.0505050505050506 1.696969696969697 1.7575757575757576
73 10.310868019659406 2.3636363636363638 3.0 2.5757575757575757 2.787878787878788 2.878787878787879 1.5757575757575757 2.5454545454545454 2.6363636363636362
74 2.8984009010547203 2.3636363636363638 3.0 2.5757575757575757 2.787878787878788 2.878787878787879 1.5757575757575757 2.5454545454545454 2.6363636363636362
75 55.217292495640635 1.5757575757575757 2.0 1.7171717171717171 1.8585858585858586 1.9191919191919191 1.0505050505050506 1.696969696969697 1.7575757575757576
76 31.97218587991831 2.3636363636363638 3.0 2.5757575757575757 2.787878787878788 2.878787878787879 1.5757575757575757 2.5454545454545454 2.6363636363636362
77 7.865847391206542 2.3636363636363638 3.0 2.5757575757575757 2.787878787878788 2.878787878787879 1.5757575757575757 2.5454545454545454 2.6363636363636362
78 7.621899746950885 1.5757575757575757 2.0 1.7171717171717171 1.8585858585858586 1.9191919191919191 1.0505050505050506 1.696969696969697 1.7575757575757576
79 12.187357661495597 2.3636363636363638 3.0 2.5757575757575757 2.787878787878788 2.878787878787879 1.5757575757575757 2.5454545454545454 2.6363636363636362
80 4.089359079929731 2.3636363636363638 3.0 2.5757575757575757 2.787878787878788 2.878787878787879 1.5757575757575757 2.5454545454545454 2.6363636363636362
81 70.53230462858221 2.3636363636363638 3.0 2.5757575757575757 2.787878787878788 2.878787878787879 1.5757575757575757 2.5454545454545454 2.6363636363636362
82 2.5676504026322533 1.5757575757575757 2.0 1.7171717171717171 1.8585858585858586 1.9191919191919191 1.0505050505050506 1.696969696969697 1.7575757575757576
83 68.6456064415264 2.3636363636363638 3.0 2.5757575757575757 2.787878787878788 2.878787878787879 1.5757575757575757 2.5454545454545454 2.6363636363636362
84 60.2385611946264 2.3636363636363638 3.0 2.5757575757575757 2.787878787878788 2.878787878787879 1.5757575757575757 2.5454545454545454 2.6363636363636362
85 14.079101091514884 1.5757575757575757 2.0 1.7171717171717171 1.8585858585858586 1.9191919191919191 1.0505050505050506 1.696969696969697 1.7575757575757576
86 82.15516006918037 1.5757575757575757 2.0 1.7171717171717171 1.8585858585858586 1.9191919191919191 1.0505050505050506 1.696969696969697 1.7575757575757576
87 98.0 2.3636363636363638 3.0 2.5757575757575757 2.787878787878788 2.878787878787879 1.5757575757575757 2.5454545454545454 2.6363636363636362
88 35.12139776889776 2.3636363636363638 3.0 2.5757575757575757 2.787878787878788 2.878787878787879 1.5757575757575757 2.5454545454545454 2.6363636363636362
89 4.039803608843857 2.3636363636363638 3.0 2.5757575757575757 2.787878787878788 2.878787878787879 1.5757575757575757 2.5454545454545454 2.6363636363636362
90 73.82022342581436 1.5757575757575757 2.0 1.7171717171717171 1.8585858585858586 1.9191919191919191 1.0505050505050506 1.696969696969697 1.7575757575757576
91 110.64453067965836 2.3636363636363638 3.0 2.5757575757575757 2.787878787878788 2.878787878787879 1.5757575757575757 2.5454545454545454 2.6363636363636362
92 9.304666365076017 1.5757575757575757 2.0 1.7171717171717171 1.8585858585858586 1.9191919191919191 1.0505050505050506 1.696969696969697 1.7575757575757576
93 24.31612240784067 2.3636363636363638 3.0 2.5757575757575757 2.787878787878788 2.878787878787879 1.5757575757575757 2.5454545454545454 2.6363636363636362
94 10.562445147089111 1.5757575757575757 2.0 1.7171717171717171 1.8585858585858586 1.9191919191919191 1.0505050505050506 1.696969696969697 1.7575757575757576
95 9.41663022264911 2.3636363636363638 3.0 2.5757575757575757 2.787878787878788 2.878787878787879 1.5757575757575757 2.5454545454545454 2.6363636363636362
96 0.13542319749216283 2.3636363636363638 3.0 2.5757575757575757 2.787878787878788 2.878787878787879 1.5757575757575757 2.5454545454545454 2.6363636363636362
97 4.991134870216031 2.3636363636363638 3.0 2.5757575757575757 2.787878787878788 2.878787878787879 1.5757575757575757 2.5454545454545454 2.6363636363636362
98 5.879468173570666 2.3636363636363638 3.0 2.5757575757575757 2.787878787878788 2.878787878787879 1.5757575757575757 2.5454545454545454 2.6363636363636362
99 1.7204276631521216 2.3636363636363638 3.0 2.5757575757575757 2.787878787878788 2.878787878787879 1.5757575757575757 2.5454545454545454 2.6363636363636362
100 5.51801446829033 1.5757575757575757 2.0 1.7171717171717171 1.8585858585858586 1.9191919191919191 1.0505050505050506 1.696969696969697 1.7575757575757576
101 18.799222106118663 1.5757575757575757 2.0 1.7171717171717171 1.8585858585858586 1.9191919191919191 1.0505050505050506 1.696969696969697 1.7575757575757576
102 20.293169223052622 1.5757575757575757 2.0 1.7171717171717171 1.8585858585858586 1.9191919191919191 1.0505050505050506 1.696969696969697 1.7575757575757576
103 4.388115299334811 1.5757575757575757 2.0 1.7171717171717171 1.8585858585858586 1.9191919191919191 1.0505050505050506 1.696969696969697 1.7575757575757576
104 9.98823813103732 1.5757575757575757 2.0 1.7171717171717171 1.8585858585858586 1.9191919191919191 1.0505050505050506 1.696969696969697 1.7575757575757576
105 77.51942028846051 1.5757575757575757 2.0 1.7171717171717171 1.8585858585858586 1.9191919191919191 1.0505050505050506 1.696969696969697 1.7575757575757576
106 33.63661629013049 2.3636363636363638 3.0 2.5757575757575757 2.787878787878788 2.878787878787879 1.5757575757575757 2.5454545454545454 2.6363636363636362
107 12.574285628164942 2.3636363636363638 3.0 2.5757575757575757 2.787878787878788 2.878787878787879 1.5757575757575757 2.5454545454545454 2.6363636363636362
108 10.501340326340328 1.5757575757575757 2.0 1.7171717171717171 1.8585858585858586 1.9191919191919191 1.0505050505050506 1.696969696969697 1.7575757575757576
109 19.663051661610037 2.3636363636363638 3.0 2.5757575757575757 2.787878787878788 2.878787878787879 1.5757575757575757 2.5454545454545454 2.6363636363636362
110 10.697614684550468 2.3636363636363638 3.0 2.5757575757575757 2.787878787878788 2.878787878787879 1.5757575757575757 2.5454545454545454 2.6363636363636362
111 2.641131568809587 2.3636363636363638 3.0 2.5757575757575757 2.787878787878788 2.878787878787879 1.5757575757575757 2.5454545454545454 2.6363636363636362
112 24.51019331845345 1.5757575757575757 2.0 1.7171717171717171 1.8585858585858586 1.9191919191919191 1.0505050505050506 1.696969696969697 1.7575757575757576
113 41.0 1.5757575757575757 2.0 1.7171717171717171 1.8585858585858586 1.9191919191919191 1.0505050505050506 1.696969696969697 1.7575757575757576
114 16.29456435795394 1.5757575757575757 2.0 1.7171717171717171 1.8585858585858586 1.9191919191919191 1.0505050505050506 1.696969696969697 1.7575757575757576
115 108.0 1.5757575757575757 2.0 1.7171717171717171 1.8585858585858586 1.9191919191919191 1.0505050505050506 1.696969696969697 1.7575757575757576
116 1.098227558604917 2.3636363636363638 3.0 2.5757575757575757 2.787878787878788 2.878787878787879 1.5757575757575757 2.5454545454545454 2.6363636363636362
117 13.151478707497596 1.5757575757575757 2.0 1.7171717171717171 1.8585858585858586 1.9191919191919191 1.0505050505050506 1.696969696969697 1.7575757575757576
118 5.110000000000003 1.5757575757575757 2.0 1.7171717171717171 1.8585858585858586 1.9191919191919191 1.0505050505050506 1.696969696969697 1.7575757575757576
119 22.59930826657594 1.5757575757575757 2.0 1.7171717171717171 1.8585858585858586 1.9191919191919191 1.0505050505050506 1.696969696969697 1.7575757575757576
120 8.478651272184514 1.5757575757575757 2.0 1.7171717171717171 1.8585858585858586 1.9191919191919191 1.0505050505050506 1.696969696969697 1.7575757575757576
121 11.540409750308223 2.3636363636363638 3.0 2.5757575757575757 2.787878787878788 2.878787878787879 1.5757575757575757 2.5454545454545454 2.6363636363636362
122 16.223177530667865 2.3636363636363638 3.0 2.5757575757575757 2.787878787878788 2.878787878787879 1.5757575757575757 2.5454545454545454 2.6363636363636362
123 21.52618415624442 1.5757575757575757 2.0 1.7171717171717171 1.8585858585858586 1.9191919191919191 1.0505050505050506 1.696969696969697 1.7575757575757576
124 5.389647278665928 1.5757575757575757 2.0 1.7171717171717171 1.8585858585858586 1.9191919191919191 1.0505050505050506 1.696969696969697 1.7575757575757576
125 2.1988269794721407 1.5757575757575757 2.0 1.7171717171717171 1.8585858585858586 1.9191919191919191 1.0505050505050506 1.696969696969697 1.7575757575757576
126 38.880034491370694 2.3636363636363638 3.0 2.5757575757575757 2.787878787878788 2.878787878787879 1.5757575757575757 2.5454545454545454 2.6363636363636362
127 22.824074074074073 2.3636363636363638 3.0 2.5757575757575757 2.787878787878788 2.878787878787879 1.5757575757575757 2.5454545454545454 2.6363636363636362
128 38.0 2.3636363636363638 3.0 2.5757575757575757 2.787878787878788 2.878787878787879 1.5757575757575757 2.5454545454545454 2.6363636363636362
129 16.314018261432054 1.5757575757575757 2.0 1.7171717171717171 1.8585858585858586 1.9191919191919191 1.0505050505050506 1.696969696969697 1.7575757575757576
130 13.522452336935096 1.5757575757575757 2.0 1.7171717171717171 1.8585858585858586 1.9191919191919191 1.0505050505050506 1.696969696969697 1.7575757575757576
131 36.32439782439783 2.3636363636363638 3.0 2.5757575757575757 2.787878787878788 2.878787878787879 1.5757575757575757 2.5454545454545454 2.6363636363636362
132 48.81558805769333 2.3636363636363638 3.0 2.5757575757575757 2.787878787878788 2.878787878787879 1.5757575757575757 2.5454545454545454 2.6363636363636362
133 2.4479776798149255 1.5757575757575757 2.0 1.7171717171717171 1.8585858585858586 1.9191919191919191 1.0505050505050506 1.696969696969697 1.7575757575757576
134 34.723178980664585 1.5757575757575757 2.0 1.7171717171717171 1.8585858585858586 1.9191919191919191 1.0505050505050506 1.696969696969697 1.7575757575757576
135 23.387027637496562 1.5757575757575757 2.0 1.7171717171717171 1.8585858585858586 1.9191919191919191 1.0505050505050506 1.696969696969697 1.7575757575757576
136 9.518931541084443 1.5757575757575757 2.0 1.7171717171717171 1.8585858585858586 1.9191919191919191 1.0505050505050506 1.696969696969697 1.7575757575757576
137 79.0 2.3636363636363638 3.0 2.5757575757575757 2.787878787878788 2.878787878787879 1.5757575757575757 2.5454545454545454 2.6363636363636362
138 55.475704882601434 2.3636363636363638 3.0 2.5757575757575757 2.787878787878788 2.878787878787879 1.5757575757575757 2.5454545454545454 2.6363636363636362
139 19.286061889310524 2.3636363636363638 3.0 2.5757575757575757 2.787878787878788 2.878787878787879 1.5757575757575757 2.5454545454545454 2.6363636363636362
140 27.404236277583127 1.5757575757575757 2.0 1.7171717171717171 1.8585858585858586 1.9191919191919191 1.0505050505050506 1.696969696969697 1.7575757575757576
141 15.014461434441152 1.5757575757575757 2.0 1.7171717171717171 1.8585858585858586 1.9191919191919191 1.0505050505050506 1.696969696969697 1.7575757575757576
142 118.21576581886174 1.5757575757575757 2.0 1.7171717171717171 1.8585858585858586 1.9191919191919191 1.0505050505050506 1.696969696969697 1.7575757575757576
143 6.207243584366931 2.3636363636363638 3.0 2.5757575757575757 2.787878787878788 2.878787878787879 1.5757575757575757 2.5454545454545454 2.6363636363636362
144 42.44908293460925 1.5757575757575757 2.0 1.7171717171717171 1.8585858585858586 1.9191919191919191 1.0505050505050506 1.696969696969697 1.7575757575757576
145 0.5560501567398123 2.3636363636363638 3.0 2.5757575757575757 2.787878787878788 2.878787878787879 1.5757575757575757 2.5454545454545454 2.6363636363636362
146 88.0 2.3636363636363638 3.0 2.5757575757575757 2.787878787878788 2.878787878787879 1.5757575757575757 2.5454545454545454 2.6363636363636362
147 63.0 1.5757575757575757 2.0 1.7171717171717171 1.8585858585858586 1.9191919191919191 1.0505050505050506 1.696969696969697 1.7575757575757576
148 1.1468509666942428 1.5757575757575757 2.0 1.7171717171717171 1.8585858585858586 1.9191919191919191 1.0505050505050506 1.696969696969697 1.7575757575757576
149 5.251010101010102 1.5757575757575757 2.0 1.7171717171717171 1.8585858585858586 1.9191919191919191 1.0505050505050506 1.696969696969697 1.7575757575757576
150 35.32766676048409 2.3636363636363638 3.0 2.5757575757575757 2.787878787878788 2.878787878787879 1.5757575757575757 2.5454545454545454 2.6363636363636362
151 11.616666666666664 2.3636363636363638 3.0 2.5757575757575757 2.787878787878788 2.878787878787879 1.5757575757575757 2.5454545454545454 2.6363636363636362
152 10.722314999355229 1.5757575757575757 2.0 1.7171717171717171 1.8585858585858586 1.9191919191919191 1.0505050505050506 1.696969696969697 1.7575757575757576
153 21.138232948681868 1.5757575757575757 2.0 1.7171717171717171 1.8585858585858586 1.9191919191919191 1.0505050505050506 1.696969696969697 1.7575757575757576
154 11.595130616509932 1.5757575757575757 2.0 1.7171717171717171 1.8585858585858586 1.9191919191919191 1.0505050505050506 1.696969696969697 1.7575757575757576
155 11.327080594600062 2.3636363636363638 3.0 2.5757575757575757 2.787878787878788 2.878787878787879 1.5757575757575757 2.5454545454545454 2.6363636363636362
156 6.996955620008063 2.3636363636363638 3.0 2.5757575757575757 2.787878787878788 2.878787878787879 1.5757575757575757 2.5454545454545454 2.6363636363636362
157 23.11644723093 2.3636363636363638 3.0 2.5757575757575757 2.787878787878788 2.878787878787879 1.5757575757575757 2.5454545454545454 2.6363636363636362
158 8.051096521730377 2.3636363636363638 3.0 2.5757575757575757 2.787878787878788 2.878787878787879 1.5757575757575757 2.5454545454545454 2.6363636363636362
159 0.7891502417727464 2.3636363636363638 3.0 2.5757575757575757 2.787878787878788 2.878787878787879 1.5757575757575757 2.5454545454545454 2.6363636363636362
160 2.281944749541782 2.3636363636363638 3.0 2.5757575757575757 2.787878787878788 2.878787878787879 1.5757575757575757 2.5454545454545454 2.6363636363636362
161 38.76669054677207 1.5757575757575757 2.0 1.7171717171717171 1.8585858585858586 1.9191919191919191 1.0505050505050506 1.696969696969697 1.7575757575757576
162 22.375841162432042 2.3636363636363638 3.0 2.5757575757575757 2.787878787878788 2.878787878787879 1.5757575757575757 2.5454545454545454 2.6363636363636362
163 11.470810961489017 2.3636363636363638 3.0 2.5757575757575757 2.787878787878788 2.878787878787879 1.5757575757575757 2.5454545454545454 2.6363636363636362
164 38.85059127864005 2.3636363636363638 3.0 2.5757575757575757 2.787878787878788 2.878787878787879 1.5757575757575757 2.5454545454545454 2.6363636363636362
165 12.157737524842748 2.3636363636363638 3.0 2.5757575757575757 2.787878787878788 2.878787878787879 1.5757575757575757 2.5454545454545454 2.6363636363636362
166 4.083333333333335 1.5757575757575757 2.0 1.7171717171717171 1.8585858585858586 1.9191919191919191 1.0505050505050506 1.696969696969697 1.7575757575757576
167 2.2640531922497873 1.5757575757575757 2.0 1.7171717171717171 1.8585858585858586 1.9191919191919191 1.0505050505050506 1.696969696969697 1.7575757575757576
168 32.901539229228156 1.5757575757575757 2.0 1.7171717171717171 1.8585858585858586 1.9191919191919191 1.0505050505050506 1.696969696969697 1.7575757575757576
169 51.55974756856489 1.5757575757575757 2.0 1.7171717171717171 1.8585858585858586 1.9191919191919191 1.0505050505050506 1.696969696969697 1.7575757575757576
170 5.3496325483941565 2.3636363636363638 3.0 2.5757575757575757 2.787878787878788 2.878787878787879 1.5757575757575757 2.5454545454545454 2.6363636363636362
171 52.772450226635144 1.5757575757575757 2.0 1.7171717171717171 1.8585858585858586 1.9191919191919191 1.0505050505050506 1.696969696969697 1.7575757575757576
172 19.739727730574582 2.3636363636363638 3.0 2.5757575757575757 2.787878787878788 2.878787878787879 1.5757575757575757 2.5454545454545454 2.6363636363636362
173 21.421519170484682 2.3636363636363638 3.0 2.5757575757575757 2.787878787878788 2.878787878787879 1.5757575757575757 2.5454545454545454 2.6363636363636362
174 9.212362945696276 2.3636363636363638 3.0 2.5757575757575757 2.787878787878788 2.878787878787879 1.5757575757575757 2.5454545454545454 2.6363636363636362
175 22.340456095628507 1.5757575757575757 2.0 1.7171717171717171 1.8585858585858586 1.9191919191919191 1.0505050505050506 1.696969696969697 1.7575757575757576
176 5.644188942581036 2.3636363636363638 3.0 2.5757575757575757 2.787878787878788 2.878787878787879 1.5757575757575757 2.5454545454545454 2.6363636363636362
177 1.6872328548644338 1.5757575757575757 2.0 1.7171717171717171 1.8585858585858586 1.9191919191919191 1.0505050505050506 1.696969696969697 1.7575757575757576
178 21.301334259610115 2.3636363636363638 3.0 2.5757575757575757 2.787878787878788 2.878787878787879 1.5757575757575757 2.5454545454545454 2.6363636363636362
179 17.79362018326107 2.3636363636363638 3.0 2.5757575757575757 2.787878787878788 2.878787878787879 1.5757575757575757 2.5454545454545454 2.6363636363636362
180 25.692395362765414 2.3636363636363638 3.0 2.5757575757575757 2.787878787878788 2.878787878787879 1.5757575757575757 2.5454545454545454 2.6363636363636362
181 13.103107032286596 2.3636363636363638 3.0 2.5757575757575757 2.787878787878788 2.878787878787879 1.5757575757575757 2.5454545454545454 2.6363636363636362
182 4.286655570664192 1.5757575757575757 2.0 1.7171717171717171 1.8585858585858586 1.9191919191919191 1.0505050505050506 1.696969696969697 1.7575757575757576
183 10.0 2.3636363636363638 3.0 2.5757575757575757 2.787878787878788 2.878787878787879 1.5757575757575757 2.5454545454545454 2.6363636363636362
184 12.89324543581193 2.3636363636363638 3.0 2.5757575757575757 2.787878787878788 2.878787878787879 1.5757575757575757 2.5454545454545454 2.6363636363636362
185 52.98685349040015 2.3636363636363638 3.0 2.5757575757575757 2.787878787878788 2.878787878787879 1.5757575757575757 2.5454545454545454 2.6363636363636362
186 32.563567549471806 1.5757575757575757 2.0 1.7171717171717171 1.8585858585858586 1.9191919191919191 1.0505050505050506 1.696969696969697 1.7575757575757576
187 44.35122024875033 2.3636363636363638 3.0 2.5757575757575757 2.787878787878788 2.878787878787879 1.5757575757575757 2.5454545454545454 2.6363636363636362
188 23.335704287231202 1.5757575757575757 2.0 1.7171717171717171 1.8585858585858586 1.9191919191919191 1.0505050505050506 1.696969696969697 1.7575757575757576
189 16.912874833533753 2.3636363636363638 3.0 2.5757575757575757 2.787878787878788 2.878787878787879 1.5757575757575757 2.5454545454545454 2.6363636363636362
190 5.253623138934153 2.3636363636363638 3.0 2.5757575757575757 2.787878787878788 2.878787878787879 1.5757575757575757 2.5454545454545454 2.6363636363636362
191 49.0 1.5757575757575757 2.0 1.7171717171717171 1.8585858585858586 1.9191919191919191 1.0505050505050506 1.696969696969697 1.7575757575757576
192 29.594074761445462 2.3636363636363638 3.0 2.5757575757575757 2.787878787878788 2.878787878787879 1.5757575757575757 2.5454545454545454 2.6363636363636362
193 35.32206182683132 1.5757575757575757 2.0 1.7171717171717171 1.8585858585858586 1.9191919191919191 1.0505050505050506 1.696969696969697 1.7575757575757576
194 25.579130136043304 1.5757575757575757 2.0 1.7171717171717171 1.8585858585858586 1.9191919191919191 1.0505050505050506 1.696969696969697 1.7575757575757576
195 25.24727407845733 1.5757575757575757 2.0 1.7171717171717171 1.8585858585858586 1.9191919191919191 1.0505050505050506 1.696969696969697 1.7575757575757576
196 43.0 2.3636363636363638 3.0 2.5757575757575757 2.787878787878788 2.878787878787879 1.5757575757575757 2.5454545454545454 2.6363636363636362
197 9.630431173157394 2.3636363636363638 3.0 2.5757575757575757 2.787878787878788 2.878787878787879 1.5757575757575757 2.5454545454545454 2.6363636363636362
198 1.0325701597253323 1.5757575757575757 2.0 1.7171717171717171 1.8585858585858586 1.9191919191919191 1.0505050505050506 1.696969696969697 1.7575757575757576
199 9.737725263242503 2.3636363636363638 3.0 2.5757575757575757 2.787878787878788 2.878787878787879 1.5757575757575757 2.5454545454545454 2.6363636363636362
200 2.717702221150496 2.3636363636363638 3.0 2.5757575757575757 2.787878787878788 2.878787878787879 1.5757575757575757 2.5454545454545454 2.6363636363636362
201 8.011767542802026 1.5757575757575757 2.0 1.7171717171717171 1.8585858585858586 1.9191919191919191 1.0505050505050506 1.696969696969697 1.7575757575757576
202 16.58658925819943 2.3636363636363638 3.0 2.5757575757575757 2.787878787878788 2.878787878787879 1.5757575757575757 2.5454545454545454 2.6363636363636362
203 23.032787793649863 1.5757575757575757 2.0 1.7171717171717171 1.8585858585858586 1.9191919191919191 1.0505050505050506 1.696969696969697 1.7575757575757576
204 9.3970034563138 1.5757575757575757 2.0 1.7171717171717171 1.8585858585858586 1.9191919191919191 1.0505050505050506 1.696969696969697 1.7575757575757576
205 11.659677232091022 1.5757575757575757 2.0 1.7171717171717171 1.8585858585858586 1.9191919191919191 1.0505050505050506 1.696969696969697 1.7575757575757576
206 3.5683176593521413 1.5757575757575757 2.0 1.7171717171717171 1.8585858585858586 1.9191919191919191 1.0505050505050506 1.696969696969697 1.7575757575757576
207 19.06961105305933 2.3636363636363638 3.0 2.5757575757575757 2.787878787878788 2.878787878787879 1.5757575757575757 2.5454545454545454 2.6363636363636362
208 37.50519038743177 2.3636363636363638 3.0 2.5757575757575757 2.787878787878788 2.878787878787879 1.5757575757575757 2.5454545454545454 2.6363636363636362
209 1.663114478114478 1.5757575757575757 2.0 1.7171717171717171 1.8585858585858586 1.9191919191919191 1.0505050505050506 1.696969696969697 1.7575757575757576
210 12.0 1.5757575757575757 2.0 1.7171717171717171 1.8585858585858586 1.9191919191919191 1.0505050505050506 1.696969696969697 1.7575757575757576
211 29.898755041512583 1.5757575757575757 2.0 1.7171717171717171 1.8585858585858586 1.9191919191919191 1.0505050505050506 1.696969696969697 1.7575757575757576
212 48.0 1.5757575757575757 2.0 1.7171717171717171 1.8585858585858586 1.9191919191919191 1.0505050505050506 1.696969696969697 1.7575757575757576
213 50.515834612259624 1.5757575757575757 2.0 1.7171717171717171 1.8585858585858586 1.9191919191919191 1.0505050505050506 1.696969696969697 1.7575757575757576
214 19.921806928703482 2.3636363636363638 3.0 2.5757575757575757 2.787878787878788 2.878787878787879 1.5757575757575757 2.5454545454545454 2.6363636363636362
215 20.33600474104229 1.5757575757575757 2.0 1.7171717171717171 1.8585858585858586 1.9191919191919191 1.0505050505050506 1.696969696969697 1.7575757575757576
216 38.82429067630828 2.3636363636363638 3.0 2.5757575757575757 2.787878787878788 2.878787878787879 1.5757575757575757 2.5454545454545454 2.6363636363636362
217 76.84282229716163 1.5757575757575757 2.0 1.7171717171717171 1.8585858585858586 1.9191919191919191 1.0505050505050506 1.696969696969697 1.7575757575757576
218 21.687279016717063 2.3636363636363638 3.0 2.5757575757575757 2.787878787878788 2.878787878787879 1.5757575757575757 2.5454545454545454 2.6363636363636362
219 8.428802576233492 2.3636363636363638 3.0 2.5757575757575757 2.787878787878788 2.878787878787879 1.5757575757575757 2.5454545454545454 2.6363636363636362
220 46.15596321577908 2.3636363636363638 3.0 2.5757575757575757 2.787878787878788 2.878787878787879 1.5757575757575757 2.5454545454545454 2.6363636363636362
221 12.003630753097692 1.5757575757575757 2.0 1.7171717171717171 1.8585858585858586 1.9191919191919191 1.0505050505050506 1.696969696969697 1.7575757575757576
222 12.009242424242426 1.5757575757575757 2.0 1.7171717171717171 1.8585858585858586 1.9191919191919191 1.0505050505050506 1.696969696969697 1.7575757575757576
223 10.070658614804895 2.3636363636363638 3.0 2.5757575757575757 2.787878787878788 2.878787878787879 1.5757575757575757 2.5454545454545454 2.6363636363636362
224 79.0 1.5757575757575757 2.0 1.7171717171717171 1.8585858585858586 1.9191919191919191 1.0505050505050506 1.696969696969697 1.7575757575757576
225 0.8314500921330779 2.3636363636363638 3.0 2.5757575757575757 2.787878787878788 2.878787878787879 1.5757575757575757 2.5454545454545454 2.6363636363636362
226 17.750145417018476 2.3636363636363638 3.0 2.5757575757575757 2.787878787878788 2.878787878787879 1.5757575757575757 2.5454545454545454 2.6363636363636362
227 67.45848407508072 2.3636363636363638 3.0 2.5757575757575757 2.787878787878788 2.878787878787879 1.5757575757575757 2.5454545454545454 2.6363636363636362
228 3.085572833599149 2.3636363636363638 3.0 2.5757575757575757 2.787878787878788 2.878787878787879 1.5757575757575757 2.5454545454545454 2.6363636363636362
229 64.36757618256068 1.5757575757575757 2.0 1.7171717171717171 1.8585858585858586 1.9191919191919191 1.0505050505050506 1.696969696969697 1.7575757575757576
230 2.705721474198358 2.3636363636363638 3.0 2.5757575757575757 2.787878787878788 2.878787878787879 1.5757575757575757 2.5454545454545454 2.6363636363636362
231 0.8608317789852138 2.3636363636363638 3.0 2.5757575757575757 2.787878787878788 2.878787878787879 1.5757575757575757 2.5454545454545454 2.6363636363636362
232 2.444075235109718 2.3636363636363638 3.0 2.5757575757575757 2.787878787878788 2.878787878787879 1.5757575757575757 2.5454545454545454 2.6363636363636362
233 1.8576705675603051 2.3636363636363638 3.0 2.5757575757575757 2.787878787878788 2.878787878787879 1.5757575757575757 2.5454545454545454 2.6363636363636362
234 8.761950369141038 1.5757575757575757 2.0 1.7171717171717171 1.8585858585858586 1.9191919191919191 1.0505050505050506 1.696969696969697 1.7575757575757576
235 8.97131313131313 2.3636363636363638 3.0 2.5757575757575757 2.787878787878788 2.878787878787879 1.5757575757575757 2.5454545454545454 2.6363636363636362
236 23.511111111111106 2.3636363636363638 3.0 2.5757575757575757 2.787878787878788 2.878787878787879 1.5757575757575757 2.5454545454545454 2.6363636363636362
237 1.75339393939394 1.5757575757575757 2.0 1.7171717171717171 1.8585858585858586 1.9191919191919191 1.0505050505050506 1.696969696969697 1.7575757575757576
238 8.269050505050503 2.3636363636363638 3.0 2.5757575757575757 2.787878787878788 2.878787878787879 1.5757575757575757 2.5454545454545454 2.6363636363636362
239 33.886455049161576 1.5757575757575757 2.0 1.7171717171717171 1.8585858585858586 1.9191919191919191 1.0505050505050506 1.696969696969697 1.7575757575757576
240 15.608519404572036 1.5757575757575757 2.0 1.7171717171717171 1.8585858585858586 1.9191919191919191 1.0505050505050506 1.696969696969697 1.7575757575757576
241 30.23230780413537 2.3636363636363638 3.0 2.5757575757575757 2.787878787878788 2.878787878787879 1.5757575757575757 2.5454545454545454 2.6363636363636362
242 13.63575504954815 1.5757575757575757 2.0 1.7171717171717171 1.8585858585858586 1.9191919191919191 1.0505050505050506 1.696969696969697 1.7575757575757576
243 64.3319382472246 1.5757575757575757 2.0 1.7171717171717171 1.8585858585858586 1.9191919191919191 1.0505050505050506 1.696969696969697 1.7575757575757576
244 11.571768024962749 1.5757575757575757 2.0 1.7171717171717171 1.8585858585858586 1.9191919191919191 1.0505050505050506 1.696969696969697 1.7575757575757576
245 5.1134994024452425 1.5757575757575757 2.0 1.7171717171717171 1.8585858585858586 1.9191919191919191 1.0505050505050506 1.696969696969697 1.7575757575757576
246 1.8091178919282194 2.3636363636363638 3.0 2.5757575757575757 2.787878787878788 2.878787878787879 1.5757575757575757 2.5454545454545454 2.6363636363636362
247 24.970025220931813 2.3636363636363638 3.0 2.5757575757575757 2.787878787878788 2.878787878787879 1.5757575757575757 2.5454545454545454 2.6363636363636362
248 9.1169393615384 2.3636363636363638 3.0 2.5757575757575757 2.787878787878788 2.878787878787879 1.5757575757575757 2.5454545454545454 2.6363636363636362
249 24.799573566179735 2.3636363636363638 3.0 2.5757575757575757 2.787878787878788 2.878787878787879 1.5757575757575757 2.5454545454545454 2.6363636363636362
250 13.515073899827593 1.5757575757575757 2.0 1.7171717171717171 1.8585858585858586 1.9191919191919191 1.0505050505050506 1.696969696969697 1.7575757575757576
251 7.035734405207913 2.3636363636363638 3.0 2.5757575757575757 2.787878787878788 2.878787878787879 1.5757575757575757 2.5454545454545454 2.6363636363636362
252 34.316391941391934 2.3636363636363638 3.0 2.5757575757575757 2.787878787878788 2.878787878787879 1.5757575757575757 2.5454545454545454 2.6363636363636362
253 96.42204305466208 1.5757575757575757 2.0 1.7171717171717171 1.8585858585858586 1.9191919191919191 1.0505050505050506 1.696969696969697 1.7575757575757576
254 8.422613930443408 1.5757575757575757 2.0 1.7171717171717171 1.8585858585858586 1.9191919191919191 1.0505050505050506 1.696969696969697 1.7575757575757576
255 27.248581889586113 1.5757575757575757 2.0 1.7171717171717171 1.8585858585858586 1.9191919191919191 1.0505050505050506 1.696969696969697 1.7575757575757576
256 18.611918736680295 2.3636363636363638 3.0 2.5757575757575757 2.787878787878788 2.878787878787879 1.5757575757575757 2.5454545454545454 2.6363636363636362
257 3.1210077951204953 1.5757575757575757 2.0 1.7171717171717171 1.8585858585858586 1.9191919191919191 1.0505050505050506 1.696969696969697 1.7575757575757576
258 3.4698796569694594 2.3636363636363638 3.0 2.5757575757575757 2.787878787878788 2.878787878787879 1.5757575757575757 2.5454545454545454 2.6363636363636362
259 50.40980192399599 1.5757575757575757 2.0 1.7171717171717171 1.8585858585858586 1.9191919191919191 1.0505050505050506 1.696969696969697 1.7575757575757576
260 0.9419074029418857 1.5757575757575757 2.0 1.7171717171717171 1.8585858585858586 1.9191919191919191 1.0505050505050506 1.696969696969697 1.7575757575757576
261 2.698821332710935 2.3636363636363638 3.0 2.5757575757575757 2.787878787878788 2.878787878787879 1.5757575757575757 2.5454545454545454 2.6363636363636362
262 64.6512699466481 2.3636363636363638 3.0 2.5757575757575757 2.787878787878788 2.878787878787879 1.5757575757575757 2.5454545454545454 2.6363636363636362
263 15.328131642614403 1.5757575757575757 2.0 1.7171717171717171 1.8585858585858586 1.9191919191919191 1.0505050505050506 1.696969696969697 1.7575757575757576
264 6.415178571428573 1.5757575757575757 2.0 1.7171717171717171 1.8585858585858586 1.9191919191919191 1.0505050505050506 1.696969696969697 1.7575757575757576
265 12.290347679695504 2.3636363636363638 3.0 2.5757575757575757 2.787878787878788 2.878787878787879 1.5757575757575757 2.5454545454545454 2.6363636363636362
266 5.621517027863779 1.5757575757575757 2.0 1.7171717171717171 1.8585858585858586 1.9191919191919191 1.0505050505050506 1.696969696969697 1.7575757575757576
267 30.095861292505802 1.5757575757575757 2.0 1.7171717171717171 1.8585858585858586 1.9191919191919191 1.0505050505050506 1.696969696969697 1.7575757575757576
268 41.49650215684698 1.5757575757575757 2.0 1.7171717171717171 1.8585858585858586 1.9191919191919191 1.0505050505050506 1.696969696969697 1.7575757575757576
269 20.34865304980247 2.3636363636363638 3.0 2.5757575757575757 2.787878787878788 2.878787878787879 1.5757575757575757 2.5454545454545454 2.6363636363636362
270 77.18173415768764 1.5757575757575757 2.0 1.7171717171717171 1.8585858585858586 1.9191919191919191 1.0505050505050506 1.696969696969697 1.7575757575757576
271 8.088888888888887 2.3636363636363638 3.0 2.5757575757575757 2.787878787878788 2.878787878787879 1.5757575757575757 2.5454545454545454 2.6363636363636362
272 25.39532063110933 2.3636363636363638 3.0 2.5757575757575757 2.787878787878788 2.878787878787879 1.5757575757575757 2.5454545454545454 2.6363636363636362
273 19.621517595307918 1.5757575757575757 2.0 1.7171717171717171 1.8585858585858586 1.9191919191919191 1.0505050505050506 1.696969696969697 1.7575757575757576
274 7.324567877661474 1.5757575757575757 2.0 1.7171717171717171 1.8585858585858586 1.9191919191919191 1.0505050505050506 1.696969696969697 1.7575757575757576
275 11.030760451827408 1.5757575757575757 2.0 1.7171717171717171 1.8585858585858586 1.9191919191919191 1.0505050505050506 1.696969696969697 1.7575757575757576
276 62.558723626631796 1.5757575757575757 2.0 1.7171717171717171 1.8585858585858586 1.9191919191919191 1.0505050505050506 1.696969696969697 1.7575757575757576
277 27.953848651348647 1.5757575757575757 2.0 1.7171717171717171 1.8585858585858586 1.9191919191919191 1.0505050505050506 1.696969696969697 1.7575757575757576
278 23.55916425528494 1.5757575757575757 2.0 1.7171717171717171 1.8585858585858586 1.9191919191919191 1.0505050505050506 1.696969696969697 1.7575757575757576
279 0.45134953963841407 1.5757575757575757 2.0 1.7171717171717171 1.8585858585858586 1.9191919191919191 1.0505050505050506 1.696969696969697 1.7575757575757576
280 39.0 2.3636363636363638 3.0 2.5757575757575757 2.787878787878788 2.878787878787879 1.5757575757575757 2.5454545454545454 2.6363636363636362
281 5.751828783885492 2.3636363636363638 3.0 2.5757575757575757 2.787878787878788 2.878787878787879 1.5757575757575757 2.5454545454545454 2.6363636363636362
282 3.0431872363836416 2.3636363636363638 3.0 2.5757575757575757 2.787878787878788 2.878787878787879 1.5757575757575757 2.5454545454545454 2.6363636363636362
283 0.2553030303030303 2.3636363636363638 3.0 2.5757575757575757 2.787878787878788 2.878787878787879 1.5757575757575757 2.5454545454545454 2.6363636363636362
284 3.884368667167854 2.3636363636363638 3.0 2.5757575757575757 2.787878787878788 2.878787878787879 1.5757575757575757 2.5454545454545454 2.6363636363636362
285 17.311525974025972 2.3636363636363638 3.0 2.5757575757575757 2.787878787878788 2.878787878787879 1.5757575757575757 2.5454545454545454 2.6363636363636362
286 38.99719055246062 1.5757575757575757 2.0 1.7171717171717171 1.8585858585858586 1.9191919191919191 1.0505050505050506 1.696969696969697 1.7575757575757576
287 6.6100180249235 2.3636363636363638 3.0 2.5757575757575757 2.787878787878788 2.878787878787879 1.5757575757575757 2.5454545454545454 2.6363636363636362
288 33.68500883712771 1.5757575757575757 2.0 1.7171717171717171 1.8585858585858586 1.9191919191919191 1.0505050505050506 1.696969696969697 1.7575757575757576
289 1.6383157288506276 1.5757575757575757 2.0 1.7171717171717171 1.8585858585858586 1.9191919191919191 1.0505050505050506 1.696969696969697 1.7575757575757576
290 14.411020573089536 1.5757575757575757 2.0 1.7171717171717171 1.8585858585858586 1.9191919191919191 1.0505050505050506 1.696969696969697 1.7575757575757576
291 12.297975678921599 2.3636363636363638 3.0 2.5757575757575757 2.787878787878788 2.878787878787879 1.5757575757575757 2.5454545454545454 2.6363636363636362
292 55.300925545251886 2.3636363636363638 3.0 2.5757575757575757 2.787878787878788 2.878787878787879 1.5757575757575757 2.5454545454545454 2.6363636363636362
293 34.42934826875252 1.5757575757575757 2.0 1.7171717171717171 1.8585858585858586 1.9191919191919191 1.0505050505050506 1.696969696969697 1.7575757575757576
294 41.32824068154102 1.5757575757575757 2.0 1.7171717171717171 1.8585858585858586 1.9191919191919191 1.0505050505050506 1.696969696969697 1.7575757575757576
295 4.485616509926855 1.5757575757575757 2.0 1.7171717171717171 1.8585858585858586 1.9191919191919191 1.0505050505050506 1.696969696969697 1.7575757575757576
296 5.658640652061705 2.3636363636363638 3.0 2.5757575757575757 2.787878787878788 2.878787878787879 1.5757575757575757 2.5454545454545454 2.6363636363636362
297 2.939913062513682 2.3636363636363638 3.0 2.5757575757575757 2.787878787878788 2.878787878787879 1.5757575757575757 2.5454545454545454 2.6363636363636362
298 27.930380730380723 1.5757575757575757 2.0 1.7171717171717171 1.8585858585858586 1.9191919191919191 1.0505050505050506 1.696969696969697 1.7575757575757576
299 20.0 2.3636363636363638 3.0 2.5757575757575757 2.787878787878788 2.878787878787879 1.5757575757575757 2.5454545454545454 2.6363636363636362
300 10.585511542749256 2.3636363636363638 3.0 2.5757575757575757 2.787878787878788 2.878787878787879 1.5757575757575757 2.5454545454545454 2.6363636363636362
301 49.3140121937839 2.3636363636363638 3.0 2.5757575757575757 2.787878787878788 2.878787878787879 1.5757575757575757 2.5454545454545454 2.6363636363636362
302 61.426903991198465 1.5757575757575757 2.0 1.7171717171717171 1.8585858585858586 1.9191919191919191 1.0505050505050506 1.696969696969697 1.7575757575757576
303 9.547272727272729 1.5757575757575757 2.0 1.7171717171717171 1.8585858585858586 1.9191919191919191 1.0505050505050506 1.696969696969697 1.7575757575757576
304 60.97295617295619 1.5757575757575757 2.0 1.7171717171717171 1.8585858585858586 1.9191919191919191 1.0505050505050506 1.696969696969697 1.7575757575757576
305 59.93607543461019 2.3636363636363638 3.0 2.5757575757575757 2.787878787878788 2.878787878787879 1.5757575757575757 2.5454545454545454 2.6363636363636362
306 16.637949486355478 2.3636363636363638 3.0 2.5757575757575757 2.787878787878788 2.878787878787879 1.5757575757575757 2.5454545454545454 2.6363636363636362
307 3.2921212121212124 2.3636363636363638 3.0 2.5757575757575757 2.787878787878788 2.878787878787879 1.5757575757575757 2.5454545454545454 2.6363636363636362
308 66.90026473415554 2.3636363636363638 3.0 2.5757575757575757 2.787878787878788 2.878787878787879 1.5757575757575757 2.5454545454545454 2.6363636363636362
309 12.401098429266993 2.3636363636363638 3.0 2.5757575757575757 2.787878787878788 2.878787878787879 1.5757575757575757 2.5454545454545454 2.6363636363636362
310 2.2060606060606074 1.5757575757575757 2.0 1.7171717171717171 1.8585858585858586 1.9191919191919191 1.0505050505050506 1.696969696969697 1.7575757575757576
311 108.0 2.3636363636363638 3.0 2.5757575757575757 2.787878787878788 2.878787878787879 1.5757575757575757 2.5454545454545454 2.6363636363636362
312 31.3154689751785 2.3636363636363638 3.0 2.5757575757575757 2.787878787878788 2.878787878787879 1.5757575757575757 2.5454545454545454 2.6363636363636362
313 29.0 1.5757575757575757 2.0 1.7171717171717171 1.8585858585858586 1.9191919191919191 1.0505050505050506 1.696969696969697 1.7575757575757576
314 84.0 2.3636363636363638 3.0 2.5757575757575757 2.787878787878788 2.878787878787879 1.5757575757575757 2.5454545454545454 2.6363636363636362
315 41.62621401335103 2.3636363636363638 3.0 2.5757575757575757 2.787878787878788 2.878787878787879 1.5757575757575757 2.5454545454545454 2.6363636363636362
316 7.865398687122367 1.5757575757575757 2.0 1.7171717171717171 1.8585858585858586 1.9191919191919191 1.0505050505050506 1.696969696969697 1.7575757575757576
317 28.757245532245527 1.5757575757575757 2.0 1.7171717171717171 1.8585858585858586 1.9191919191919191 1.0505050505050506 1.696969696969697 1.7575757575757576
318 15.211640945261639 1.5757575757575757 2.0 1.7171717171717171 1.8585858585858586 1.9191919191919191 1.0505050505050506 1.696969696969697 1.7575757575757576
319 76.0 2.3636363636363638 3.0 2.5757575757575757 2.787878787878788 2.878787878787879 1.5757575757575757 2.5454545454545454 2.6363636363636362
320 52.55109724530295 2.3636363636363638 3.0 2.5757575757575757 2.787878787878788 2.878787878787879 1.5757575757575757 2.5454545454545454 2.6363636363636362
321 8.849250022630356 1.5757575757575757 2.0 1.7171717171717171 1.8585858585858586 1.9191919191919191 1.0505050505050506 1.696969696969697 1.7575757575757576
322 24.097794440824526 2.3636363636363638 3.0 2.5757575757575757 2.787878787878788 2.878787878787879 1.5757575757575757 2.5454545454545454 2.6363636363636362
323 10.130453964936727 1.5757575757575757 2.0 1.7171717171717171 1.8585858585858586 1.9191919191919191 1.0505050505050506 1.696969696969697 1.7575757575757576
324 25.297985427025665 2.3636363636363638 3.0 2.5757575757575757 2.787878787878788 2.878787878787879 1.5757575757575757 2.5454545454545454 2.6363636363636362
325 47.0 2.3636363636363638 3.0 2.5757575757575757 2.787878787878788 2.878787878787879 1.5757575757575757 2.5454545454545454 2.6363636363636362
326 37.08778853164867 2.3636363636363638 3.0 2.5757575757575757 2.787878787878788 2.878787878787879 1.5757575757575757 2.5454545454545454 2.6363636363636362
327 26.514769133165686 1.5757575757575757 2.0 1.7171717171717171 1.8585858585858586 1.9191919191919191 1.0505050505050506 1.696969696969697 1.7575757575757576
328 60.0 2.3636363636363638 3.0 2.5757575757575757 2.787878787878788 2.878787878787879 1.5757575757575757 2.5454545454545454 2.6363636363636362
329 15.6969696969697 1.5757575757575757 2.0 1.7171717171717171 1.8585858585858586 1.9191919191919191 1.0505050505050506 1.696969696969697 1.7575757575757576
330 21.409009568018185 2.3636363636363638 3.0 2.5757575757575757 2.787878787878788 2.878787878787879 1.5757575757575757 2.5454545454545454 2.6363636363636362
331 11.201884800646408 2.3636363636363638 3.0 2.5757575757575757 2.787878787878788 2.878787878787879 1.5757575757575757 2.5454545454545454 2.6363636363636362
332 24.51067538126362 2.3636363636363638 3.0 2.5757575757575757 2.787878787878788 2.878787878787879 1.5757575757575757 2.5454545454545454 2.6363636363636362
333 8.070883580705011 1.5757575757575757 2.0 1.7171717171717171 1.8585858585858586 1.9191919191919191 1.0505050505050506 1.696969696969697 1.7575757575757576
334 10.712078207609235 2.3636363636363638 3.0 2.5757575757575757 2.787878787878788 2.878787878787879 1.5757575757575757 2.5454545454545454 2.6363636363636362
335 48.717327278345365 2.3636363636363638 3.0 2.5757575757575757 2.787878787878788 2.878787878787879 1.5757575757575757 2.5454545454545454 2.6363636363636362
336 22.19035206879446 2.3636363636363638 3.0 2.5757575757575757 2.787878787878788 2.878787878787879 1.5757575757575757 2.5454545454545454 2.6363636363636362
337 24.41307189542483 2.3636363636363638 3.0 2.5757575757575757 2.787878787878788 2.878787878787879 1.5757575757575757 2.5454545454545454 2.6363636363636362
338 19.341016548463358 2.3636363636363638 3.0 2.5757575757575757 2.787878787878788 2.878787878787879 1.5757575757575757 2.5454545454545454 2.6363636363636362
339 11.852593058729518 1.5757575757575757 2.0 1.7171717171717171 1.8585858585858586 1.9191919191919191 1.0505050505050506 1.696969696969697 1.7575757575757576
340 47.12731758634651 1.5757575757575757 2.0 1.7171717171717171 1.8585858585858586 1.9191919191919191 1.0505050505050506 1.696969696969697 1.7575757575757576
341 4.9339354483770395 2.3636363636363638 3.0 2.5757575757575757 2.787878787878788 2.878787878787879 1.5757575757575757 2.5454545454545454 2.6363636363636362
342 11.487863006222272 2.3636363636363638 3.0 2.5757575757575757 2.787878787878788 2.878787878787879 1.5757575757575757 2.5454545454545454 2.6363636363636362
343 38.6460085935948 1.5757575757575757 2.0 1.7171717171717171 1.8585858585858586 1.9191919191919191 1.0505050505050506 1.696969696969697 1.7575757575757576
344 32.70238095238094 2.3636363636363638 3.0 2.5757575757575757 2.787878787878788 2.878787878787879 1.5757575757575757 2.5454545454545454 2.6363636363636362
345 16.58788181424754 2.3636363636363638 3.0 2.5757575757575757 2.787878787878788 2.878787878787879 1.5757575757575757 2.5454545454545454 2.6363636363636362
346 8.639684651391965 2.3636363636363638 3.0 2.5757575757575757 2.787878787878788 2.878787878787879 1.5757575757575757 2.5454545454545454 2.6363636363636362
347 39.71510273008727 2.3636363636363638 3.0 2.5757575757575757 2.787878787878788 2.878787878787879 1.5757575757575757 2.5454545454545454 2.6363636363636362
348 29.43021796916533 2.3636363636363638 3.0 2.5757575757575757 2.787878787878788 2.878787878787879 1.5757575757575757 2.5454545454545454 2.6363636363636362
349 22.230883894204112 1.5757575757575757 2.0 1.7171717171717171 1.8585858585858586 1.9191919191919191 1.0505050505050506 1.696969696969697 1.7575757575757576
350 25.158663558663555 1.5757575757575757 2.0 1.7171717171717171 1.8585858585858586 1.9191919191919191 1.0505050505050506 1.696969696969697 1.7575757575757576
351 39.66713941518236 2.3636363636363638 3.0 2.5757575757575757 2.787878787878788 2.878787878787879 1.5757575757575757 2.5454545454545454 2.6363636363636362
352 2.155196078431373 2.3636363636363638 3.0 2.5757575757575757 2.787878787878788 2.878787878787879 1.5757575757575757 2.5454545454545454 2.6363636363636362
353 9.475326452721252 1.5757575757575757 2.0 1.7171717171717171 1.8585858585858586 1.9191919191919191 1.0505050505050506 1.696969696969697 1.7575757575757576
354 21.250079744816585 2.3636363636363638 3.0 2.5757575757575757 2.787878787878788 2.878787878787879 1.5757575757575757 2.5454545454545454 2.6363636363636362
355 35.33689620374966 2.3636363636363638 3.0 2.5757575757575757 2.787878787878788 2.878787878787879 1.5757575757575757 2.5454545454545454 2.6363636363636362
356 5.187365691693282 1.5757575757575757 2.0 1.7171717171717171 1.8585858585858586 1.9191919191919191 1.0505050505050506 1.696969696969697 1.7575757575757576
357 3.649235489910547 1.5757575757575757 2.0 1.7171717171717171 1.8585858585858586 1.9191919191919191 1.0505050505050506 1.696969696969697 1.7575757575757576
358 31.319985227674152 1.5757575757575757 2.0 1.7171717171717171 1.8585858585858586 1.9191919191919191 1.0505050505050506 1.696969696969697 1.7575757575757576
359 20.22858335049641 1.5757575757575757 2.0 1.7171717171717171 1.8585858585858586 1.9191919191919191 1.0505050505050506 1.696969696969697 1.7575757575757576
360 13.618042698793209 2.3636363636363638 3.0 2.5757575757575757 2.787878787878788 2.878787878787879 1.5757575757575757 2.5454545454545454 2.6363636363636362
361 98.71305144803598 2.3636363636363638 3.0 2.5757575757575757 2.787878787878788 2.878787878787879 1.5757575757575757 2.5454545454545454 2.6363636363636362
362 29.98863636363636 2.3636363636363638 3.0 2.5757575757575757 2.787878787878788 2.878787878787879 1.5757575757575757 2.5454545454545454 2.6363636363636362
363 21.262593313732747 2.3636363636363638 3.0 2.5757575757575757 2.787878787878788 2.878787878787879 1.5757575757575757 2.5454545454545454 2.6363636363636362
364 0.9638175547823874 2.3636363636363638 3.0 2.5757575757575757 2.787878787878788 2.878787878787879 1.5757575757575757 2.5454545454545454 2.6363636363636362
365 11.218679759956355 2.3636363636363638 3.0 2.5757575757575757 2.787878787878788 2.878787878787879 1.5757575757575757 2.5454545454545454 2.6363636363636362
366 21.0 1.5757575757575757 2.0 1.7171717171717171 1.8585858585858586 1.9191919191919191 1.0505050505050506 1.696969696969697 1.7575757575757576
367 65.64325246546113 1.5757575757575757 2.0 1.7171717171717171 1.8585858585858586 1.9191919191919191 1.0505050505050506 1.696969696969697 1.7575757575757576
368 26.034392197840468 2.3636363636363638 3.0 2.5757575757575757 2.787878787878788 2.878787878787879 1.5757575757575757 2.5454545454545454 2.6363636363636362
369 24.746185181363924 2.3636363636363638 3.0 2.5757575757575757 2.787878787878788 2.878787878787879 1.5757575757575757 2.5454545454545454 2.6363636363636362
370 17.10226217847701 2.3636363636363638 3.0 2.5757575757575757 2.787878787878788 2.878787878787879 1.5757575757575757 2.5454545454545454 2.6363636363636362
371 8.757277205553066 1.5757575757575757 2.0 1.7171717171717171 1.8585858585858586 1.9191919191919191 1.0505050505050506 1.696969696969697 1.7575757575757576
372 8.169761273209547 2.3636363636363638 3.0 2.5757575757575757 2.787878787878788 2.878787878787879 1.5757575757575757 2.5454545454545454 2.6363636363636362
373 42.7500494536628 1.5757575757575757 2.0 1.7171717171717171 1.8585858585858586 1.9191919191919191 1.0505050505050506 1.696969696969697 1.7575757575757576
374 15.242454666023628 2.3636363636363638 3.0 2.5757575757575757 2.787878787878788 2.878787878787879 1.5757575757575757 2.5454545454545454 2.6363636363636362
375 6.7381915757357325 2.3636363636363638 3.0 2.5757575757575757 2.787878787878788 2.878787878787879 1.5757575757575757 2.5454545454545454 2.6363636363636362
376 20.293367346938773 2.3636363636363638 3.0 2.5757575757575757 2.787878787878788 2.878787878787879 1.5757575757575757 2.5454545454545454 2.6363636363636362
377 28.43840112623286 2.3636363636363638 3.0 2.5757575757575757 2.787878787878788 2.878787878787879 1.5757575757575757 2.5454545454545454 2.6363636363636362
378 14.405245625183703 1.5757575757575757 2.0 1.7171717171717171 1.8585858585858586 1.9191919191919191 1.0505050505050506 1.696969696969697 1.7575757575757576
379 99.0 2.3636363636363638 3.0 2.5757575757575757 2.787878787878788 2.878787878787879 1.5757575757575757 2.5454545454545454 2.6363636363636362
380 111.57443517540044 1.5757575757575757 2.0 1.7171717171717171 1.8585858585858586 1.9191919191919191 1.0505050505050506 1.696969696969697 1.7575757575757576
381 57.0 1.5757575757575757 2.0 1.7171717171717171 1.8585858585858586 1.9191919191919191 1.0505050505050506 1.696969696969697 1.7575757575757576
382 19.41101606932152 1.5757575757575757 2.0 1.7171717171717171 1.8585858585858586 1.9191919191919191 1.0505050505050506 1.696969696969697 1.7575757575757576
383 8.637748053740484 2.3636363636363638 3.0 2.5757575757575757 2.787878787878788 2.878787878787879 1.5757575757575757 2.5454545454545454 2.6363636363636362
384 26.64169840514988 2.3636363636363638 3.0 2.5757575757575757 2.787878787878788 2.878787878787879 1.5757575757575757 2.5454545454545454 2.6363636363636362
385 10.226251152498616 2.3636363636363638 3.0 2.5757575757575757 2.787878787878788 2.878787878787879 1.5757575757575757 2.5454545454545454 2.6363636363636362
386 3.682112068965518 2.3636363636363638 3.0 2.5757575757575757 2.787878787878788 2.878787878787879 1.5757575757575757 2.5454545454545454 2.6363636363636362
387 49.62279503777955 2.3636363636363638 3.0 2.5757575757575757 2.787878787878788 2.878787878787879 1.5757575757575757 2.5454545454545454 2.6363636363636362
388 21.228490736337438 2.3636363636363638 3.0 2.5757575757575757 2.787878787878788 2.878787878787879 1.5757575757575757 2.5454545454545454 2.6363636363636362
389 1.7169191919191917 2.3636363636363638 3.0 2.5757575757575757 2.787878787878788 2.878787878787879 1.5757575757575757 2.5454545454545454 2.6363636363636362
390 12.45111831753567 2.3636363636363638 3.0 2.5757575757575757 2.787878787878788 2.878787878787879 1.5757575757575757 2.5454545454545454 2.6363636363636362
391 8.762759808277051 2.3636363636363638 3.0 2.5757575757575757 2.787878787878788 2.878787878787879 1.5757575757575757 2.5454545454545454 2.6363636363636362
392 22.0 1.5757575757575757 2.0 1.7171717171717171 1.8585858585858586 1.9191919191919191 1.0505050505050506 1.696969696969697 1.7575757575757576
393 41.64810299021536 2.3636363636363638 3.0 2.5757575757575757 2.787878787878788 2.878787878787879 1.5757575757575757 2.5454545454545454 2.6363636363636362
394 32.175840442330475 2.3636363636363638 3.0 2.5757575757575757 2.787878787878788 2.878787878787879 1.5757575757575757 2.5454545454545454 2.6363636363636362
395 36.40680586728068 1.5757575757575757 2.0 1.7171717171717171 1.8585858585858586 1.9191919191919191 1.0505050505050506 1.696969696969697 1.7575757575757576
396 45.86984363896568 1.5757575757575757 2.0 1.7171717171717171 1.8585858585858586 1.9191919191919191 1.0505050505050506 1.696969696969697 1.7575757575757576
397 6.352065446593311 1.5757575757575757 2.0 1.7171717171717171 1.8585858585858586 1.9191919191919191 1.0505050505050506 1.696969696969697 1.7575757575757576
398 5.795704168117964 1.5757575757575757 2.0 1.7171717171717171 1.8585858585858586 1.9191919191919191 1.0505050505050506 1.696969696969697 1.7575757575757576
399 14.80907981873499 2.3636363636363638 3.0 2.5757575757575757 2.787878787878788 2.878787878787879 1.5757575757575757 2.5454545454545454 2.6363636363636362
