300 2
TREE NETWORK (nID nID Weight):
56 0 41
238 0 43
239 56 54
24 239 42
106 0 46
180 238 53
148 238 35
237 238 49
46 238 52
253 46 34
198 46 43
65 56 42
60 237 35
40 60 49
274 60 59
224 46 58
7 0 37
291 24 33
209 40 37
99 40 44
296 148 51
23 65 32
103 46 53
100 24 46
32 296 51
150 56 43
154 180 44
164 253 58
272 164 41
36 209 49
152 103 52
75 56 44
172 209 45
21 32 32
16 0 50
25 56 36
138 238 47
156 46 51
105 65 33
250 237 38
299 164 33
229 103 45
122 103 58
175 180 45
95 24 46
235 272 54
265 16 50
83 56 57
4 274 53
48 32 35
80 299 53
15 296 56
220 65 51
240 0 34
259 48 44
6 95 48
51 16 38
96 229 40
177 105 56
283 253 56
50 148 55
167 198 53
165 148 48
179 56 36
182 296 44
121 224 46
258 237 53
120 7 58
288 258 33
173 238 31
273 95 49
3 122 37
11 259 35
31 167 33
286 99 38
93 182 30
85 56 35
203 95 51
141 75 41
33 182 43
252 229 40
146 6 54
161 16 30
231 121 45
125 273 42
277 253 41
110 46 48
97 180 48
74 0 49
73 100 59
128 235 56
135 80 39
64 100 58
144 152 31
245 120 37
68 172 34
63 25 38
145 175 31
45 296 31
1 229 55
22 274 55
127 93 35
276 167 53
263 164 56
285 0 56
34 31 42
199 138 34
241 259 43
293 7 50
59 179 40
108 103 50
143 258 54
247 277 32
248 143 42
147 59 57
57 51 51
134 143 37
261 147 34
29 296 49
18 34 35
158 296 42
290 7 58
118 85 49
225 173 36
116 40 53
101 173 31
98 172 40
244 120 41
44 244 47
188 154 32
183 36 51
207 173 40
30 229 32
69 65 46
133 75 38
132 103 32
292 83 38
287 4 52
205 274 30
72 125 33
226 103 34
91 207 33
217 93 47
38 247 37
176 288 55
8 158 58
215 68 31
42 188 49
243 32 37
282 237 41
131 18 40
213 40 52
19 42 47
5 132 36
13 16 30
82 292 33
89 217 57
76 231 38
61 293 37
197 263 46
10 34 41
280 74 53
12 82 34
281 118 37
71 138 44
284 8 51
181 8 56
114 148 47
111 175 30
269 36 39
236 22 44
123 158 55
230 164 45
208 71 47
153 261 42
201 259 45
264 50 51
228 293 57
210 217 42
298 89 44
92 63 33
267 68 34
266 32 42
140 167 45
109 173 53
232 236 40
262 291 56
278 31 45
43 51 49
168 247 56
49 284 46
84 161 43
289 46 36
117 0 57
126 145 36
233 148 42
187 274 44
66 283 43
86 22 48
79 143 57
159 71 39
130 76 49
81 29 51
190 38 52
195 23 36
166 225 51
294 8 48
234 121 50
227 284 38
163 118 41
279 106 50
222 23 41
136 225 36
151 48 54
26 232 31
270 92 41
139 133 40
113 245 48
174 294 58
260 279 58
9 230 38
193 3 56
160 270 38
211 111 53
169 235 42
58 284 37
20 225 37
219 250 41
39 84 36
102 46 48
256 165 51
192 75 50
275 205 57
221 217 50
17 130 53
257 81 33
137 120 45
47 134 31
35 16 55
119 43 35
189 65 32
255 76 35
2 269 43
254 172 33
170 4 49
90 99 41
162 132 33
104 108 35
149 232 57
200 116 59
185 174 39
295 96 34
297 220 39
53 257 44
112 292 58
223 210 56
186 225 47
218 82 43
242 229 30
87 250 47
142 60 36
206 40 51
27 181 51
216 237 42
70 282 33
37 143 38
28 256 50
271 120 36
268 272 45
78 207 30
204 298 30
94 142 48
251 24 41
54 78 58
67 32 54
124 206 52
55 91 51
171 261 55
115 143 32
129 182 53
157 114 52
214 131 56
196 267 46
62 285 36
249 259 59
184 148 48
77 38 59
178 281 50
155 292 41
41 43 59
107 122 43
194 155 43
202 281 47
88 296 57
14 57 31
191 160 53
52 17 37
246 179 34
212 136 46
PROGRAMS ASSIGNED TO NODES (nID pID1 pID2 ...):
0 1 2
2 2
3 2
6 1
10 1
13 2
16 1
18 1
20 2
21 2
23 1
25 1
28 2
29 1
31 1
33 1
34 2
36 1
39 1
40 2
41 1
42 1
43 1
45 1
50 2
51 1
55 2
56 2
57 1
58 1
59 2
61 1
62 2
63 1
64 1
65 2
69 1
70 2
71 2
72 2
73 1
80 1
81 2
83 2
84 2
85 1
88 1
89 1
93 2
94 1
95 1
96 2
104 1
105 1
106 1
109 2
110 2
111 1
112 2
113 1
114 2
116 1
118 1
122 1
123 1
125 1
128 2
130 1
131 1
132 2
133 1
134 2
136 1
137 2
139 1
140 2
142 2
143 2
145 1
151 2
152 2
153 2
154 2
155 2
157 2
159 1
161 1
162 2
163 2
164 2
165 2
166 1
172 1
173 1
174 2
175 1
177 1
178 1
180 1
181 2
186 1
188 2
189 1
190 1
192 2
193 2
194 1
195 1
196 1
197 2
198 1
199 1
201 1
202 1
204 1
205 2
208 2
216 2
217 2
218 1
219 1
226 2
227 1
228 1
230 1
231 1
234 1
236 2
237 1
239 1
240 1
242 1
243 2
244 1
245 1
247 2
248 1
249 1
250 1
251 1
255 2
256 1
257 1
258 2
262 2
263 1
264 1
265 1
267 1
268 2
269 2
270 2
271 2
272 1
273 2
275 2
277 1
280 1
281 1
284 1
286 1
287 2
288 2
289 1
292 1
294 2
296 1
SIZE OF PROGRAMS (pID SIZE):
1 42.0
2 65.0
COST TO INSTALL SERVERS AND PROGRAMS ON NODES (COST_TO_INSTALL_SERVER COST_TO_INSTALL_pID1 ...):
0 1493.8461538461538 1.9384615384615385 3.0
1 44.0 1.2923076923076924 2.0
2 1.0283413931254466 1.2923076923076924 2.0
3 0.38654894132455375 1.9384615384615385 3.0
4 0.502341138595836 1.2923076923076924 2.0
5 98.0 1.2923076923076924 2.0
6 1.9787422845800362 1.2923076923076924 2.0
7 0.7904504504504501 1.2923076923076924 2.0
8 6.703498048984156 1.2923076923076924 2.0
9 84.0 1.9384615384615385 3.0
10 0.4912289488142183 1.9384615384615385 3.0
11 69.0 1.9384615384615385 3.0
12 95.0 1.2923076923076924 2.0
13 0.1466666666666667 1.2923076923076924 2.0
14 15.0 1.2923076923076924 2.0
15 21.0 1.9384615384615385 3.0
16 11.0 1.9384615384615385 3.0
17 73.0 1.9384615384615385 3.0
18 0.573405309039359 1.2923076923076924 2.0
19 79.0 1.9384615384615385 3.0
20 0.5170714412837444 1.2923076923076924 2.0
21 2.969424223177643 1.9384615384615385 3.0
22 2.3872886840621512 1.9384615384615385 3.0
23 0.8390572232645404 1.9384615384615385 3.0
24 2.949020849671255 1.2923076923076924 2.0
25 0.22896706274755063 1.2923076923076924 2.0
26 29.0 1.2923076923076924 2.0
27 57.0 1.9384615384615385 3.0
28 2.5784683408247018 1.9384615384615385 3.0
29 2.1184653086040615 1.9384615384615385 3.0
30 99.0 1.2923076923076924 2.0
31 6.902622742427481 1.2923076923076924 2.0
32 0.4803131843077122 1.9384615384615385 3.0
33 0.36392555460954923 1.2923076923076924 2.0
34 7.593746063550804 1.9384615384615385 3.0
35 30.0 1.2923076923076924 2.0
36 1.169611955791358 1.2923076923076924 2.0
37 89.0 1.2923076923076924 2.0
38 2.731976671177148 1.9384615384615385 3.0
39 1.854661896243292 1.2923076923076924 2.0
40 5.075758217419347 1.2923076923076924 2.0
41 0.9454853300134297 1.9384615384615385 3.0
42 0.29549237894619645 1.9384615384615385 3.0
43 0.08639444765760554 1.9384615384615385 3.0
44 32.0 1.2923076923076924 2.0
45 0.24166507690270977 1.9384615384615385 3.0
46 0.12537567084078713 1.2923076923076924 2.0
47 30.0 1.2923076923076924 2.0
48 0.7860274700219979 1.9384615384615385 3.0
49 67.0 1.2923076923076924 2.0
50 1.9569227671553246 1.9384615384615385 3.0
51 6.80161943319857E-4 1.9384615384615385 3.0
52 109.0 1.9384615384615385 3.0
53 18.0 1.2923076923076924 2.0
54 45.0 1.9384615384615385 3.0
55 0.647760887414367 1.2923076923076924 2.0
56 0.8016635397123204 1.2923076923076924 2.0
57 0.14764848773517503 1.2923076923076924 2.0
58 0.47446145372840026 1.9384615384615385 3.0
59 0.20159214092140926 1.9384615384615385 3.0
60 2.139557275504119 1.9384615384615385 3.0
61 0.18179625779625777 1.2923076923076924 2.0
62 0.5797619047619048 1.2923076923076924 2.0
63 3.9141860775557826 1.2923076923076924 2.0
64 1.888225043200726 1.2923076923076924 2.0
65 1.42988504720212 1.2923076923076924 2.0
66 56.0 1.2923076923076924 2.0
67 52.0 1.2923076923076924 2.0
68 3.1537985687917285 1.9384615384615385 3.0
69 0.09989721837017702 1.9384615384615385 3.0
70 2.035932805546289 1.9384615384615385 3.0
71 0.22583244810607495 1.9384615384615385 3.0
72 0.7593578712803073 1.9384615384615385 3.0
73 1.4931686209555248 1.9384615384615385 3.0
74 16.0 1.2923076923076924 2.0
75 0.07905310137017398 1.9384615384615385 3.0
76 0.8972084656444651 1.9384615384615385 3.0
77 17.0 1.9384615384615385 3.0
78 31.0 1.2923076923076924 2.0
79 11.0 1.2923076923076924 2.0
80 2.7100445718171717 1.2923076923076924 2.0
81 6.618602021607688 1.2923076923076924 2.0
82 0.22007612413260685 1.9384615384615385 3.0
83 0.9158917305772246 1.2923076923076924 2.0
84 0.32565772212283833 1.9384615384615385 3.0
85 1.0289895470383275 1.2923076923076924 2.0
86 48.0 1.2923076923076924 2.0
87 37.0 1.9384615384615385 3.0
88 1.0791924987677017 1.9384615384615385 3.0
89 3.0280899842609323 1.9384615384615385 3.0
90 35.0 1.9384615384615385 3.0
91 0.4203099070222101 1.9384615384615385 3.0
92 3.0426868168203214 1.2923076923076924 2.0
93 6.672742731504701 1.9384615384615385 3.0
94 1.882255302836698 1.9384615384615385 3.0
95 0.6172635890875552 1.2923076923076924 2.0
96 3.0344924674564866 1.2923076923076924 2.0
97 73.0 1.9384615384615385 3.0
98 93.0 1.2923076923076924 2.0
99 0.29071138164161425 1.9384615384615385 3.0
100 0.2422903807633394 1.2923076923076924 2.0
101 54.0 1.2923076923076924 2.0
102 55.0 1.9384615384615385 3.0
103 1.2469609365331171 1.9384615384615385 3.0
104 1.607056671279576 1.9384615384615385 3.0
105 0.8151935869009038 1.9384615384615385 3.0
106 86.0 1.9384615384615385 3.0
107 42.0 1.9384615384615385 3.0
108 0.21245816316198063 1.2923076923076924 2.0
109 1.1008903169188522 1.9384615384615385 3.0
110 0.11157945736434112 1.9384615384615385 3.0
111 1.2984412866641912 1.9384615384615385 3.0
112 2.1341596210880436 1.2923076923076924 2.0
113 0.25771005089970606 1.2923076923076924 2.0
114 0.1751749487523857 1.9384615384615385 3.0
115 65.0 1.9384615384615385 3.0
116 2.034705022927928 1.2923076923076924 2.0
117 67.0 1.9384615384615385 3.0
118 0.291211088563005 1.9384615384615385 3.0
119 108.0 1.9384615384615385 3.0
120 0.6259117738428083 1.2923076923076924 2.0
121 2.3506908754924862 1.2923076923076924 2.0
122 1.5042292949619964 1.9384615384615385 3.0
123 2.082961361483933 1.2923076923076924 2.0
124 13.0 1.9384615384615385 3.0
125 4.011702310082355 1.9384615384615385 3.0
126 52.0 1.9384615384615385 3.0
127 41.0 1.2923076923076924 2.0
128 4.646319666664822 1.2923076923076924 2.0
129 58.0 1.9384615384615385 3.0
130 0.5025049559097406 1.2923076923076924 2.0
131 4.070431854236154 1.2923076923076924 2.0
132 1.81157580078982 1.9384615384615385 3.0
133 1.0751346984209627 1.2923076923076924 2.0
134 2.4150204444130345 1.9384615384615385 3.0
135 56.0 1.2923076923076924 2.0
136 2.0235651220497433 1.2923076923076924 2.0
137 0.23218908563736154 1.2923076923076924 2.0
138 25.0 1.9384615384615385 3.0
139 0.2841891164034938 1.2923076923076924 2.0
140 0.3944115352737556 1.9384615384615385 3.0
141 52.0 1.2923076923076924 2.0
142 0.7409102949468398 1.2923076923076924 2.0
143 2.331371152982344 1.2923076923076924 2.0
144 10.0 1.9384615384615385 3.0
145 0.2765061366938252 1.2923076923076924 2.0
146 38.0 1.2923076923076924 2.0
147 1.893763371844245 1.9384615384615385 3.0
148 0.22532072578584206 1.2923076923076924 2.0
149 77.0 1.2923076923076924 2.0
150 54.0 1.9384615384615385 3.0
151 3.587182159685579 1.9384615384615385 3.0
152 1.94282580078982 1.2923076923076924 2.0
153 0.7615656039908476 1.2923076923076924 2.0
154 0.8669252197268871 1.9384615384615385 3.0
155 2.868747682213665 1.2923076923076924 2.0
156 99.0 1.9384615384615385 3.0
157 2.4010496925143143 1.2923076923076924 2.0
158 0.6898865521163742 1.2923076923076924 2.0
159 1.17802092019806 1.9384615384615385 3.0
160 94.0 1.9384615384615385 3.0
161 0.33288888888888857 1.9384615384615385 3.0
162 3.593393982608002 1.2923076923076924 2.0
163 2.612643106022897 1.2923076923076924 2.0
164 4.788326390577204 1.2923076923076924 2.0
165 0.4482373924525089 1.2923076923076924 2.0
166 0.3029471281847611 1.2923076923076924 2.0
167 0.41148428798055825 1.9384615384615385 3.0
168 43.0 1.2923076923076924 2.0
169 47.0 1.2923076923076924 2.0
170 102.0 1.9384615384615385 3.0
171 96.0 1.2923076923076924 2.0
172 2.800314405895801 1.2923076923076924 2.0
173 0.7678346509704344 1.9384615384615385 3.0
174 4.071867355603026 1.9384615384615385 3.0
175 0.1410222657260832 1.2923076923076924 2.0
176 79.0 1.2923076923076924 2.0
177 0.2108655978168173 1.9384615384615385 3.0
178 0.31182066977188927 1.9384615384615385 3.0
179 0.13909214092140926 1.2923076923076924 2.0
180 1.4592911870928547 1.9384615384615385 3.0
181 3.283382133928149 1.9384615384615385 3.0
182 0.5136910809209031 1.9384615384615385 3.0
183 15.0 1.2923076923076924 2.0
184 67.0 1.2923076923076924 2.0
185 65.0 1.9384615384615385 3.0
186 0.3099558891359501 1.2923076923076924 2.0
187 99.0 1.9384615384615385 3.0
188 4.0973324400296205 1.9384615384615385 3.0
189 0.13984287054409006 1.9384615384615385 3.0
190 3.6042843634848403 1.2923076923076924 2.0
191 78.0 1.2923076923076924 2.0
192 0.23626385809312644 1.2923076923076924 2.0
193 3.0157222193758932 1.9384615384615385 3.0
194 2.145193346820956 1.2923076923076924 2.0
195 0.3211249218261414 1.2923076923076924 2.0
196 0.7404668543894144 1.9384615384615385 3.0
197 3.820704019204 1.2923076923076924 2.0
198 0.9082558139534882 1.9384615384615385 3.0
199 1.088008579597484 1.2923076923076924 2.0
200 17.0 1.2923076923076924 2.0
201 0.49732202589931723 1.9384615384615385 3.0
202 0.3817977565149335 1.2923076923076924 2.0
203 29.0 1.9384615384615385 3.0
204 4.8285095646805125 1.2923076923076924 2.0
205 3.5781977749712417 1.2923076923076924 2.0
206 96.0 1.9384615384615385 3.0
207 1.9400412603150787 1.2923076923076924 2.0
208 0.2754858081057982 1.9384615384615385 3.0
209 6.0308240524851815 1.9384615384615385 3.0
210 78.0 1.9384615384615385 3.0
211 108.0 1.9384615384615385 3.0
212 47.0 1.2923076923076924 2.0
213 27.0 1.2923076923076924 2.0
214 93.0 1.2923076923076924 2.0
215 83.0 1.2923076923076924 2.0
216 1.431466540104414 1.2923076923076924 2.0
217 1.0980173220556548 1.9384615384615385 3.0
218 1.9065032564235473 1.9384615384615385 3.0
219 0.26712327526788526 1.2923076923076924 2.0
220 54.0 1.2923076923076924 2.0
221 71.0 1.9384615384615385 3.0
222 75.0 1.2923076923076924 2.0
223 28.0 1.9384615384615385 3.0
224 1.3427198609997328 1.2923076923076924 2.0
225 2.43528979467089 1.2923076923076924 2.0
226 0.289980770719872 1.9384615384615385 3.0
227 3.2165378437184704 1.2923076923076924 2.0
228 0.46410942116205267 1.9384615384615385 3.0
229 0.40042485645601045 1.9384615384615385 3.0
230 0.3384894183446003 1.2923076923076924 2.0
231 2.6677279125295232 1.9384615384615385 3.0
232 53.0 1.9384615384615385 3.0
233 10.0 1.2923076923076924 2.0
234 1.7815861264358874 1.2923076923076924 2.0
235 0.6583151825393753 1.2923076923076924 2.0
236 3.273652320425788 1.9384615384615385 3.0
237 69.0 1.9384615384615385 3.0
238 0.4810852713178293 1.2923076923076924 2.0
239 31.0 1.9384615384615385 3.0
240 0.6119457013574661 1.2923076923076924 2.0
241 77.0 1.2923076923076924 2.0
242 1.7830566712795757 1.9384615384615385 3.0
243 3.404728277231697 1.2923076923076924 2.0
244 0.5671210629663109 1.9384615384615385 3.0
245 0.6335679977059286 1.9384615384615385 3.0
246 34.0 1.2923076923076924 2.0
247 4.486872706115912 1.2923076923076924 2.0
248 1.86708597530888 1.2923076923076924 2.0
249 0.47517513324395 1.9384615384615385 3.0
250 0.6004131975735402 1.9384615384615385 3.0
251 1.5205503439649781 1.2923076923076924 2.0
252 102.0 1.2923076923076924 2.0
253 0.27546616857834366 1.9384615384615385 3.0
254 90.0 1.9384615384615385 3.0
255 4.984484794672083 1.2923076923076924 2.0
256 2.8515123607582566 1.2923076923076924 2.0
257 0.46613654471383614 1.2923076923076924 2.0
258 1.4727291776737024 1.2923076923076924 2.0
259 0.4039886925659839 1.9384615384615385 3.0
260 86.0 1.2923076923076924 2.0
261 0.5068036992289428 1.9384615384615385 3.0
262 0.44670998603925444 1.9384615384615385 3.0
263 4.991156060906873 1.9384615384615385 3.0
264 0.18254484229860427 1.9384615384615385 3.0
265 42.0 1.9384615384615385 3.0
266 48.0 1.9384615384615385 3.0
267 0.6491625065633273 1.9384615384615385 3.0
268 3.4943355396806957 1.9384615384615385 3.0
269 5.263071614566631 1.2923076923076924 2.0
270 3.3939063290154436 1.9384615384615385 3.0
271 0.16830019674847263 1.9384615384615385 3.0
272 0.8855399215705155 1.2923076923076924 2.0
273 3.621067389447433 1.2923076923076924 2.0
274 0.3796996291618737 1.2923076923076924 2.0
275 0.7104013835478388 1.2923076923076924 2.0
276 106.0 1.9384615384615385 3.0
277 3.0379143727825784 1.2923076923076924 2.0
278 36.0 1.2923076923076924 2.0
279 69.0 1.9384615384615385 3.0
280 0.21437279701430634 1.2923076923076924 2.0
281 0.22782066977188925 1.9384615384615385 3.0
282 0.14235243728801789 1.9384615384615385 3.0
283 98.0 1.9384615384615385 3.0
284 0.36094794021488674 1.9384615384615385 3.0
285 49.0 1.9384615384615385 3.0
286 0.40123769743108784 1.9384615384615385 3.0
287 3.1640468315750145 1.9384615384615385 3.0
288 0.4034270583258235 1.2923076923076924 2.0
289 0.6075849731663685 1.9384615384615385 3.0
290 75.0 1.9384615384615385 3.0
291 0.3306385574678258 1.9384615384615385 3.0
292 1.0245200399372414 1.9384615384615385 3.0
293 0.4096964656964655 1.2923076923076924 2.0
294 3.399453562499579 1.9384615384615385 3.0
295 105.0 1.9384615384615385 3.0
296 0.2705092627390848 1.9384615384615385 3.0
297 55.0 1.9384615384615385 3.0
298 3.6008172569882047 1.9384615384615385 3.0
299 0.30781342766860953 1.9384615384615385 3.0
