500 4
TREE NETWORK (nID nID Weight):
167 0 50
255 0 57
65 0 42
94 0 42
306 167 32
178 167 40
98 0 55
245 255 40
280 306 49
75 280 56
236 65 57
104 94 46
130 104 32
460 167 43
78 280 32
52 94 34
309 306 34
135 178 30
288 0 56
186 306 42
260 255 30
396 135 33
409 75 46
442 396 33
342 167 58
296 309 31
282 460 31
37 186 54
176 255 57
434 167 43
43 260 43
388 306 59
141 245 53
322 245 54
386 104 35
149 434 46
285 260 54
463 260 34
9 75 52
136 260 46
91 37 53
93 309 37
127 149 45
162 130 58
446 0 49
210 104 59
333 288 38
204 186 34
307 446 40
87 75 51
475 52 56
403 141 46
496 135 49
298 260 55
158 388 45
407 167 41
229 496 48
11 178 44
397 409 35
264 229 42
450 306 41
18 178 45
382 78 51
105 282 54
234 307 33
498 204 36
231 382 36
324 18 59
433 158 52
412 229 36
228 324 52
148 234 30
452 204 38
271 342 33
185 204 35
325 204 59
472 65 47
80 472 42
239 450 43
493 282 51
345 158 46
215 264 48
490 87 45
66 229 39
50 255 50
118 397 33
286 333 40
248 93 45
473 463 34
310 285 52
332 94 32
121 493 41
197 94 50
201 104 46
250 403 32
489 496 57
163 98 33
180 264 51
110 52 51
294 382 31
482 409 59
32 307 31
49 307 40
14 442 45
124 463 35
190 50 50
441 162 49
114 239 46
8 493 40
67 255 43
193 472 37
459 204 52
350 190 31
465 124 39
304 450 37
90 489 59
253 332 56
103 298 37
99 493 57
399 282 39
400 255 39
274 245 49
461 234 46
84 460 36
10 43 48
485 396 41
45 400 47
4 386 59
404 386 43
152 460 42
47 388 30
51 236 56
207 493 37
318 450 32
108 185 53
340 409 40
314 197 56
202 91 31
440 229 49
242 318 45
484 45 50
59 340 30
133 0 35
5 45 50
25 386 56
77 51 55
462 193 47
249 434 32
28 141 31
335 8 30
398 440 40
402 25 36
206 462 46
69 124 54
478 441 59
341 87 54
48 45 57
23 459 51
182 210 57
423 210 56
443 23 51
312 239 43
13 496 44
479 333 42
109 90 47
196 260 35
139 229 58
266 148 37
363 204 52
295 298 46
154 440 57
258 87 32
417 496 51
311 285 54
58 9 59
429 249 51
401 245 56
477 4 50
134 258 51
101 114 45
171 124 58
36 69 55
347 25 34
46 280 45
385 255 44
126 442 33
246 46 32
299 496 34
125 28 37
351 67 30
358 397 53
281 58 44
374 148 32
456 245 56
151 478 42
115 465 31
212 401 59
301 45 31
138 196 35
346 363 49
198 65 34
422 498 47
62 182 41
107 58 35
410 407 35
458 198 38
444 423 31
470 162 38
360 8 52
486 149 42
88 442 46
44 484 58
57 180 38
476 410 31
227 49 54
262 434 50
195 386 48
381 433 46
316 399 58
451 271 35
56 134 40
173 342 53
488 13 32
211 262 56
495 98 36
466 397 54
413 148 40
365 385 33
499 124 59
364 365 51
344 158 33
330 51 47
97 50 41
191 56 57
81 152 58
179 429 46
372 115 32
390 498 52
259 460 34
370 141 44
411 46 33
275 443 36
279 485 43
469 173 52
166 8 49
208 163 51
256 109 38
320 246 40
297 18 46
111 69 32
337 335 55
233 93 33
31 47 33
415 215 49
238 255 30
373 99 30
218 75 59
19 218 47
383 103 31
375 158 31
16 104 56
356 182 44
377 197 30
22 45 40
492 279 34
73 335 42
112 87 41
308 31 32
35 482 31
199 5 51
272 397 38
420 281 48
319 372 51
427 420 32
72 470 50
380 138 30
147 191 38
353 337 37
53 212 40
83 208 47
290 476 53
315 171 39
34 198 34
165 380 47
76 78 34
40 345 52
267 319 54
63 319 35
3 477 46
302 396 35
7 105 52
474 443 43
235 411 54
430 407 30
448 46 32
24 212 35
449 364 36
357 44 52
425 99 59
188 413 55
155 133 54
261 377 52
438 155 40
361 109 47
303 474 55
157 188 33
252 296 49
85 49 30
421 76 38
161 262 49
189 37 36
129 198 47
159 147 41
38 16 31
424 360 30
336 280 53
113 377 56
405 382 45
483 306 56
436 274 43
225 108 30
119 59 37
42 9 39
79 335 49
168 18 58
292 198 55
323 147 56
92 492 59
223 130 38
160 9 51
326 97 32
181 202 35
150 386 58
89 126 39
230 195 47
145 451 56
454 99 45
368 166 53
21 111 31
137 43 52
313 157 45
241 178 32
384 373 55
362 465 45
1 417 35
270 67 51
175 38 43
327 204 41
278 314 34
187 40 51
237 326 48
389 246 51
432 185 34
96 324 37
226 382 50
393 361 52
174 438 40
17 489 31
170 325 58
120 401 56
428 350 39
414 397 47
439 336 54
468 417 54
387 4 38
243 266 51
338 280 53
291 215 57
117 14 32
494 409 40
284 409 33
12 32 53
426 46 59
355 382 43
106 446 50
74 188 56
221 470 37
116 93 31
457 72 46
395 69 33
369 398 34
329 405 56
122 47 39
100 483 52
378 452 31
268 363 47
431 32 36
359 259 44
349 252 34
371 278 33
172 364 37
95 346 43
453 461 32
220 51 53
123 133 50
491 372 44
244 325 32
60 12 43
367 307 34
445 443 39
29 468 56
447 180 47
348 106 47
177 198 31
416 338 30
205 296 39
183 92 45
392 310 32
334 21 42
194 79 37
376 323 59
15 413 31
339 44 47
192 99 31
54 237 47
102 186 58
352 38 33
269 452 31
140 198 56
317 375 44
480 390 52
481 375 43
354 392 47
41 229 33
379 244 30
497 234 34
214 155 38
143 372 58
61 434 49
33 75 37
240 297 40
200 118 41
216 362 36
435 124 41
70 314 30
71 65 56
217 225 52
343 196 40
55 67 44
222 268 32
331 381 32
455 218 42
164 298 58
68 306 46
169 48 42
82 35 33
254 374 57
132 16 42
184 208 32
419 37 30
251 60 32
418 383 42
263 132 52
39 395 47
391 337 52
128 135 35
142 8 38
394 164 32
153 81 43
287 405 54
257 382 42
86 330 50
219 390 32
471 86 47
156 261 45
321 257 37
293 129 49
64 223 58
6 82 35
464 377 37
273 418 56
277 49 33
467 53 33
146 290 32
2 316 55
232 123 36
406 368 41
20 52 50
213 135 50
203 23 31
224 204 45
289 478 47
276 102 46
437 252 43
487 381 34
265 56 42
30 394 59
283 201 54
328 102 56
300 301 51
209 338 38
27 279 30
305 387 55
408 23 35
144 306 59
131 288 55
26 6 56
366 98 46
247 99 46
PROGRAMS ASSIGNED TO NODES (nID pID1 pID2 ...):
0 1 2 3 4
1 1 2 4
2 1 3 4
4 3
6 1 3 4
7 1 4
8 1
9 1 2
10 2 3 4
11 2 3 4
13 1 2 4
15 2 3 4
16 2 4
17 1
18 1
19 1
20 1 4
21 2 4
22 1
23 4
25 3 4
26 1 2 3
27 1 2 4
28 1 2
29 2 4
32 2
33 2 4
35 2 4
36 1 2
37 1 4
38 3 4
40 1 4
41 1 2 3
42 4
43 1 3 4
44 2 3
46 1 2 4
47 2
49 2 4
50 1 2 3
51 1 4
52 1 3 4
53 2
54 1 3 4
57 2 3
58 4
60 1 2
61 1
63 1 4
65 1 2 4
67 1 2 3
68 1 2 4
69 1 3
70 1 2
71 1 3 4
73 3
74 2
75 2 3
76 2
78 1 3
79 4
80 1 2 3
83 1 3 4
84 2 3 4
85 2 3
86 1
87 1 3
89 3
90 4
91 1 2 3
92 2 3
93 1
94 1 2 3
95 1
96 1 3
97 1 2 3
99 1 2 3
100 3
101 1
102 3
104 2
105 1 2 3
106 1 2 4
108 2 3
109 2 3 4
110 3
112 1
114 3
115 1 3 4
117 1 2 3
118 3
119 1 4
120 1 3
121 1 3 4
122 1 2 4
124 1 3 4
125 1 2 3
126 1 4
127 1 3 4
128 3
129 3 4
131 2 4
133 1 2 3
134 3
136 2 4
137 3
138 3
139 1 2 4
140 1 2 3
141 1
146 1 2 4
147 3 4
149 2 3 4
150 1 2 4
151 1
152 2 3
153 2 3 4
155 2
156 2 4
157 1 2 4
158 1 4
159 1 4
160 4
161 1
162 1 4
163 3 4
164 1 2 3
166 1
167 1 4
168 2
169 1
171 1 2
173 1
174 1 2 3
175 1 2 4
176 1 4
177 1 2 3
178 3
180 1 4
181 1
182 2
184 4
186 1 2 4
187 4
188 1
189 1 3
190 3
191 3 4
192 3
193 4
194 3
197 2 4
199 3
201 3
202 4
203 1 2 4
205 1 2 3
206 4
207 1 2 4
208 1 2 3
209 2 4
210 1 2
211 2
212 3 4
214 1
216 4
217 2 4
218 2 3 4
219 4
220 1 2 3
221 2 3
222 1
225 1 2
226 2 4
227 1 2 4
230 2 4
231 2 3 4
232 3 4
234 1 4
236 3
237 1 2 4
238 2 3 4
239 1 3 4
240 1 4
243 2 3 4
244 4
246 1 2 3
247 1 3
248 2 3 4
249 3 4
251 1
252 1 2 4
253 3
254 2
255 2
256 4
257 3 4
260 2 3 4
261 4
262 2 3 4
263 2 3
265 1 3 4
267 1 3
271 3 4
272 2 3 4
276 1 2 3
277 2 3 4
278 1 3 4
280 2 3
281 3
282 1 3
283 1 2
284 2
286 4
287 4
288 3
289 4
290 1 4
291 3
292 1 2 4
293 3
295 3
296 1 2 3
298 2 4
299 1 2 4
300 4
301 1
302 1 2
303 1 2
304 1 3
305 4
308 1 2 3
311 1 2 4
312 3
315 1 4
319 3
321 4
322 2 4
323 2
324 1 4
326 2 3
327 1 2
328 2 4
330 1
331 2
332 2
334 2 4
336 1 3 4
337 1 2 4
338 1 2
339 1 2 4
340 2 4
341 2
342 2
343 1 4
344 2 4
345 1 2 3
347 2 4
348 2 3
349 1 2 3
350 1 3 4
351 2 3
353 2 4
354 1 3
355 2 3 4
356 1 3
357 1
360 1 4
363 2 3 4
364 3
366 3 4
368 4
370 3
371 1 2 4
373 2 3
374 3 4
376 4
377 1 2 3
378 1 2 3
379 1 2 4
380 1 4
381 2 3
382 1
385 2 3
386 1 3
387 3 4
388 4
389 1 3 4
390 1 2 3
391 2 3 4
394 2 4
395 3 4
396 1 3
397 1
398 1 4
399 1
400 3
401 1 3
402 2
403 2 3 4
404 1 2 4
405 3 4
407 4
408 1 3
409 1 3
410 2
411 2 3 4
412 1 4
413 4
414 4
415 1 3 4
416 1
418 1 2 3
419 1
420 2 3
423 1 3 4
424 1 2 3
428 1 3 4
429 4
432 1 3 4
433 3
434 1 2 3
435 3 4
436 3
437 1
439 1 2
440 2 4
441 3
442 2
446 3
447 2 4
449 1 3 4
451 3 4
452 2
453 2
454 2 3 4
456 1 4
458 1 2 3
459 1 2 4
460 3
461 2 3
462 2 3
463 1 3
465 1 3 4
466 3
468 3 4
470 1 2 3
473 1 2
474 1 2 3
475 2
476 1 3 4
478 2 3
479 2
480 2 3
484 1 3 4
485 2 4
486 1 2 3
488 4
489 3 4
491 4
492 4
493 1 4
496 1
497 1 2 4
498 2 3 4
499 1 3 4
SIZE OF PROGRAMS (pID SIZE):
1 94.0
2 72.0
3 85.0
4 83.0
COST TO INSTALL SERVERS AND PROGRAMS ON NODES (COST_TO_INSTALL_SERVER COST_TO_INSTALL_pID1 ...):
0 2065.9574468085107 3.0 2.297872340425532 2.7127659574468086 2.648936170212766
1 24.340993378202334 3.0 2.297872340425532 2.7127659574468086 2.648936170212766
2 25.677645354604483 2.0 1.5319148936170213 1.8085106382978724 1.7659574468085106
3 83.0 2.0 1.5319148936170213 1.8085106382978724 1.7659574468085106
4 4.306436078751104 3.0 2.297872340425532 2.7127659574468086 2.648936170212766
5 0.4466459930513681 3.0 2.297872340425532 2.7127659574468086 2.648936170212766
6 31.299343551819565 3.0 2.297872340425532 2.7127659574468086 2.648936170212766
7 7.055369955373004 2.0 1.5319148936170213 1.8085106382978724 1.7659574468085106
8 2.946108054861025 3.0 2.297872340425532 2.7127659574468086 2.648936170212766
9 12.830807349944887 3.0 2.297872340425532 2.7127659574468086 2.648936170212766
10 12.862495117060341 3.0 2.297872340425532 2.7127659574468086 2.648936170212766
11 3.0082398452611203 3.0 2.297872340425532 2.7127659574468086 2.648936170212766
12 1.0726796942990817 3.0 2.297872340425532 2.7127659574468086 2.648936170212766
13 2.2298915051513837 3.0 2.297872340425532 2.7127659574468086 2.648936170212766
14 11.354324575542659 3.0 2.297872340425532 2.7127659574468086 2.648936170212766
15 29.585303117316055 2.0 1.5319148936170213 1.8085106382978724 1.7659574468085106
16 1.0517961763798958 3.0 2.297872340425532 2.7127659574468086 2.648936170212766
17 7.177848931083469 2.0 1.5319148936170213 1.8085106382978724 1.7659574468085106
18 5.896323877068558 3.0 2.297872340425532 2.7127659574468086 2.648936170212766
19 1.0007659114493255 2.0 1.5319148936170213 1.8085106382978724 1.7659574468085106
20 3.9841579355146313 2.0 1.5319148936170213 1.8085106382978724 1.7659574468085106
21 2.628960790020873 2.0 1.5319148936170213 1.8085106382978724 1.7659574468085106
22 3.8456275303643728 2.0 1.5319148936170213 1.8085106382978724 1.7659574468085106
23 3.7205932426980617 3.0 2.297872340425532 2.7127659574468086 2.648936170212766
24 21.0 3.0 2.297872340425532 2.7127659574468086 2.648936170212766
25 14.422928505352187 2.0 1.5319148936170213 1.8085106382978724 1.7659574468085106
26 5.152486879430882 3.0 2.297872340425532 2.7127659574468086 2.648936170212766
27 25.149870366692955 2.0 1.5319148936170213 1.8085106382978724 1.7659574468085106
28 15.445100516642027 2.0 1.5319148936170213 1.8085106382978724 1.7659574468085106
29 1.9035566661652845 3.0 2.297872340425532 2.7127659574468086 2.648936170212766
30 89.0 2.0 1.5319148936170213 1.8085106382978724 1.7659574468085106
31 2.775028902894798 2.0 1.5319148936170213 1.8085106382978724 1.7659574468085106
32 0.9360678918101215 2.0 1.5319148936170213 1.8085106382978724 1.7659574468085106
33 10.056560731106702 3.0 2.297872340425532 2.7127659574468086 2.648936170212766
34 36.0 3.0 2.297872340425532 2.7127659574468086 2.648936170212766
35 41.83902839603842 2.0 1.5319148936170213 1.8085106382978724 1.7659574468085106
36 2.06311651177602 2.0 1.5319148936170213 1.8085106382978724 1.7659574468085106
37 12.074341579421368 2.0 1.5319148936170213 1.8085106382978724 1.7659574468085106
38 10.646077656093027 3.0 2.297872340425532 2.7127659574468086 2.648936170212766
39 63.0 3.0 2.297872340425532 2.7127659574468086 2.648936170212766
40 7.629838408366738 3.0 2.297872340425532 2.7127659574468086 2.648936170212766
41 19.367350432242528 2.0 1.5319148936170213 1.8085106382978724 1.7659574468085106
42 5.1031159273856845 3.0 2.297872340425532 2.7127659574468086 2.648936170212766
43 4.230254954556108 3.0 2.297872340425532 2.7127659574468086 2.648936170212766
44 16.316426621042137 3.0 2.297872340425532 2.7127659574468086 2.648936170212766
45 1.4423751686909583 2.0 1.5319148936170213 1.8085106382978724 1.7659574468085106
46 14.487531999324554 3.0 2.297872340425532 2.7127659574468086 2.648936170212766
47 2.680546730376247 2.0 1.5319148936170213 1.8085106382978724 1.7659574468085106
48 2.825101214574898 3.0 2.297872340425532 2.7127659574468086 2.648936170212766
49 11.571076856274427 3.0 2.297872340425532 2.7127659574468086 2.648936170212766
50 1.6920671892497214 3.0 2.297872340425532 2.7127659574468086 2.648936170212766
51 6.33496640537514 2.0 1.5319148936170213 1.8085106382978724 1.7659574468085106
52 7.468669169795578 2.0 1.5319148936170213 1.8085106382978724 1.7659574468085106
53 0.5837296269884954 2.0 1.5319148936170213 1.8085106382978724 1.7659574468085106
54 23.022534258095938 3.0 2.297872340425532 2.7127659574468086 2.648936170212766
55 19.0 2.0 1.5319148936170213 1.8085106382978724 1.7659574468085106
56 49.209541633674746 2.0 1.5319148936170213 1.8085106382978724 1.7659574468085106
57 18.944881928919383 3.0 2.297872340425532 2.7127659574468086 2.648936170212766
58 2.506047171621846 2.0 1.5319148936170213 1.8085106382978724 1.7659574468085106
59 20.125826331596464 2.0 1.5319148936170213 1.8085106382978724 1.7659574468085106
60 6.321146892350284 3.0 2.297872340425532 2.7127659574468086 2.648936170212766
61 1.790648315140009 3.0 2.297872340425532 2.7127659574468086 2.648936170212766
62 104.0 2.0 1.5319148936170213 1.8085106382978724 1.7659574468085106
63 29.076962056814835 3.0 2.297872340425532 2.7127659574468086 2.648936170212766
64 93.0 3.0 2.297872340425532 2.7127659574468086 2.648936170212766
65 0.25379939209726443 2.0 1.5319148936170213 1.8085106382978724 1.7659574468085106
66 78.0 3.0 2.297872340425532 2.7127659574468086 2.648936170212766
67 0.4900292542340511 2.0 1.5319148936170213 1.8085106382978724 1.7659574468085106
68 10.94495796716004 2.0 1.5319148936170213 1.8085106382978724 1.7659574468085106
69 3.5438171217223977 2.0 1.5319148936170213 1.8085106382978724 1.7659574468085106
70 9.382531914893617 2.0 1.5319148936170213 1.8085106382978724 1.7659574468085106
71 1.869769503546099 2.0 1.5319148936170213 1.8085106382978724 1.7659574468085106
72 105.0 2.0 1.5319148936170213 1.8085106382978724 1.7659574468085106
73 7.955387133257478 2.0 1.5319148936170213 1.8085106382978724 1.7659574468085106
74 0.9948138791299886 3.0 2.297872340425532 2.7127659574468086 2.648936170212766
75 5.7715613330438575 3.0 2.297872340425532 2.7127659574468086 2.648936170212766
76 0.7229162473500037 3.0 2.297872340425532 2.7127659574468086 2.648936170212766
77 13.0 3.0 2.297872340425532 2.7127659574468086 2.648936170212766
78 11.85587603126357 3.0 2.297872340425532 2.7127659574468086 2.648936170212766
79 10.333838030042106 3.0 2.297872340425532 2.7127659574468086 2.648936170212766
80 0.9282168186423505 3.0 2.297872340425532 2.7127659574468086 2.648936170212766
81 4.400913170332202 3.0 2.297872340425532 2.7127659574468086 2.648936170212766
82 28.304510725071847 2.0 1.5319148936170213 1.8085106382978724 1.7659574468085106
83 15.16424242424242 2.0 1.5319148936170213 1.8085106382978724 1.7659574468085106
84 10.150427181263398 2.0 1.5319148936170213 1.8085106382978724 1.7659574468085106
85 9.926025232788149 2.0 1.5319148936170213 1.8085106382978724 1.7659574468085106
86 0.7445789473684212 2.0 1.5319148936170213 1.8085106382978724 1.7659574468085106
87 23.20880164619039 3.0 2.297872340425532 2.7127659574468086 2.648936170212766
88 58.0 2.0 1.5319148936170213 1.8085106382978724 1.7659574468085106
89 8.85394956107722 2.0 1.5319148936170213 1.8085106382978724 1.7659574468085106
90 9.404464695818161 2.0 1.5319148936170213 1.8085106382978724 1.7659574468085106
91 3.0450569951295563 2.0 1.5319148936170213 1.8085106382978724 1.7659574468085106
92 12.338984081818712 2.0 1.5319148936170213 1.8085106382978724 1.7659574468085106
93 7.592544591211988 3.0 2.297872340425532 2.7127659574468086 2.648936170212766
94 0.7613981762917933 2.0 1.5319148936170213 1.8085106382978724 1.7659574468085106
95 8.2394443720243 2.0 1.5319148936170213 1.8085106382978724 1.7659574468085106
96 1.4191747963253551 3.0 2.297872340425532 2.7127659574468086 2.648936170212766
97 3.0079248354409636 3.0 2.297872340425532 2.7127659574468086 2.648936170212766
98 63.0 2.0 1.5319148936170213 1.8085106382978724 1.7659574468085106
99 24.273656704275535 3.0 2.297872340425532 2.7127659574468086 2.648936170212766
100 3.420127133504793 2.0 1.5319148936170213 1.8085106382978724 1.7659574468085106
101 6.2571579529293775 3.0 2.297872340425532 2.7127659574468086 2.648936170212766
102 2.016892717395102 3.0 2.297872340425532 2.7127659574468086 2.648936170212766
103 15.960594545986483 2.0 1.5319148936170213 1.8085106382978724 1.7659574468085106
104 3.187573234659265 3.0 2.297872340425532 2.7127659574468086 2.648936170212766
105 2.4300437615313997 2.0 1.5319148936170213 1.8085106382978724 1.7659574468085106
106 4.472960486322188 2.0 1.5319148936170213 1.8085106382978724 1.7659574468085106
107 23.0 3.0 2.297872340425532 2.7127659574468086 2.648936170212766
108 39.26859418865901 2.0 1.5319148936170213 1.8085106382978724 1.7659574468085106
109 25.009627027230117 3.0 2.297872340425532 2.7127659574468086 2.648936170212766
110 2.629179331306991 2.0 1.5319148936170213 1.8085106382978724 1.7659574468085106
111 15.05784832633024 3.0 2.297872340425532 2.7127659574468086 2.648936170212766
112 0.9550258957241433 3.0 2.297872340425532 2.7127659574468086 2.648936170212766
113 10.0 2.0 1.5319148936170213 1.8085106382978724 1.7659574468085106
114 7.706914828486994 2.0 1.5319148936170213 1.8085106382978724 1.7659574468085106
115 30.029888589537826 3.0 2.297872340425532 2.7127659574468086 2.648936170212766
116 18.0 3.0 2.297872340425532 2.7127659574468086 2.648936170212766
117 4.028467735869332 3.0 2.297872340425532 2.7127659574468086 2.648936170212766
118 7.048914092548127 3.0 2.297872340425532 2.7127659574468086 2.648936170212766
119 22.34977687788744 3.0 2.297872340425532 2.7127659574468086 2.648936170212766
120 4.4198688654259755 2.0 1.5319148936170213 1.8085106382978724 1.7659574468085106
121 13.770259701467994 3.0 2.297872340425532 2.7127659574468086 2.648936170212766
122 14.231637514216759 3.0 2.297872340425532 2.7127659574468086 2.648936170212766
123 2.1453617021276594 3.0 2.297872340425532 2.7127659574468086 2.648936170212766
124 23.12981508840938 3.0 2.297872340425532 2.7127659574468086 2.648936170212766
125 14.972694164370528 2.0 1.5319148936170213 1.8085106382978724 1.7659574468085106
126 30.582841070277247 3.0 2.297872340425532 2.7127659574468086 2.648936170212766
127 1.7276429566842841 2.0 1.5319148936170213 1.8085106382978724 1.7659574468085106
128 0.727839412360689 2.0 1.5319148936170213 1.8085106382978724 1.7659574468085106
129 0.8941176470588236 2.0 1.5319148936170213 1.8085106382978724 1.7659574468085106
130 9.272183769437468 2.0 1.5319148936170213 1.8085106382978724 1.7659574468085106
131 0.2769998618402869 3.0 2.297872340425532 2.7127659574468086 2.648936170212766
132 7.93682455251604 2.0 1.5319148936170213 1.8085106382978724 1.7659574468085106
133 2.1928267477203645 2.0 1.5319148936170213 1.8085106382978724 1.7659574468085106
134 29.94185389474939 3.0 2.297872340425532 2.7127659574468086 2.648936170212766
135 1.9056950354609925 2.0 1.5319148936170213 1.8085106382978724 1.7659574468085106
136 3.44831837534014 2.0 1.5319148936170213 1.8085106382978724 1.7659574468085106
137 0.6127410335872796 2.0 1.5319148936170213 1.8085106382978724 1.7659574468085106
138 11.963730603103501 3.0 2.297872340425532 2.7127659574468086 2.648936170212766
139 10.069277316319042 2.0 1.5319148936170213 1.8085106382978724 1.7659574468085106
140 1.250026074259491 2.0 1.5319148936170213 1.8085106382978724 1.7659574468085106
141 2.9555884341524234 3.0 2.297872340425532 2.7127659574468086 2.648936170212766
142 13.0 2.0 1.5319148936170213 1.8085106382978724 1.7659574468085106
143 42.0 2.0 1.5319148936170213 1.8085106382978724 1.7659574468085106
144 29.0 3.0 2.297872340425532 2.7127659574468086 2.648936170212766
145 45.0 2.0 1.5319148936170213 1.8085106382978724 1.7659574468085106
146 20.028723226578474 2.0 1.5319148936170213 1.8085106382978724 1.7659574468085106
147 6.932639128887837 2.0 1.5319148936170213 1.8085106382978724 1.7659574468085106
148 23.18516776536534 3.0 2.297872340425532 2.7127659574468086 2.648936170212766
149 9.943863261837661 3.0 2.297872340425532 2.7127659574468086 2.648936170212766
150 1.480219555875558 3.0 2.297872340425532 2.7127659574468086 2.648936170212766
151 1.1589446078154282 3.0 2.297872340425532 2.7127659574468086 2.648936170212766
152 5.061663957022689 3.0 2.297872340425532 2.7127659574468086 2.648936170212766
153 7.24801856370182 2.0 1.5319148936170213 1.8085106382978724 1.7659574468085106
154 10.0 3.0 2.297872340425532 2.7127659574468086 2.648936170212766
155 1.3331284475965326 3.0 2.297872340425532 2.7127659574468086 2.648936170212766
156 11.564771213813767 2.0 1.5319148936170213 1.8085106382978724 1.7659574468085106
157 13.126052086211658 3.0 2.297872340425532 2.7127659574468086 2.648936170212766
158 5.862349410986899 3.0 2.297872340425532 2.7127659574468086 2.648936170212766
159 16.97493657145758 3.0 2.297872340425532 2.7127659574468086 2.648936170212766
160 0.8004439064496505 3.0 2.297872340425532 2.7127659574468086 2.648936170212766
161 3.5186483151400094 2.0 1.5319148936170213 1.8085106382978724 1.7659574468085106
162 21.872689405677107 2.0 1.5319148936170213 1.8085106382978724 1.7659574468085106
163 0.9087556415215987 2.0 1.5319148936170213 1.8085106382978724 1.7659574468085106
164 19.54615269581945 2.0 1.5319148936170213 1.8085106382978724 1.7659574468085106
165 40.0 3.0 2.297872340425532 2.7127659574468086 2.648936170212766
166 14.739054313324827 3.0 2.297872340425532 2.7127659574468086 2.648936170212766
167 39.0 3.0 2.297872340425532 2.7127659574468086 2.648936170212766
168 2.270104181951577 3.0 2.297872340425532 2.7127659574468086 2.648936170212766
169 4.767958357432042 2.0 1.5319148936170213 1.8085106382978724 1.7659574468085106
170 28.0 3.0 2.297872340425532 2.7127659574468086 2.648936170212766
171 22.186247193552475 2.0 1.5319148936170213 1.8085106382978724 1.7659574468085106
172 55.0 2.0 1.5319148936170213 1.8085106382978724 1.7659574468085106
173 1.9645647364996746 2.0 1.5319148936170213 1.8085106382978724 1.7659574468085106
174 9.815363053022628 3.0 2.297872340425532 2.7127659574468086 2.648936170212766
175 14.587876126062044 2.0 1.5319148936170213 1.8085106382978724 1.7659574468085106
176 0.43055244494214334 3.0 2.297872340425532 2.7127659574468086 2.648936170212766
177 5.640212227650154 2.0 1.5319148936170213 1.8085106382978724 1.7659574468085106
178 1.3111276595744683 3.0 2.297872340425532 2.7127659574468086 2.648936170212766
179 29.0 3.0 2.297872340425532 2.7127659574468086 2.648936170212766
180 39.401837360476115 3.0 2.297872340425532 2.7127659574468086 2.648936170212766
181 7.972735940836062 3.0 2.297872340425532 2.7127659574468086 2.648936170212766
182 10.267846980886892 3.0 2.297872340425532 2.7127659574468086 2.648936170212766
183 28.0 3.0 2.297872340425532 2.7127659574468086 2.648936170212766
184 0.5596507234421816 3.0 2.297872340425532 2.7127659574468086 2.648936170212766
185 26.130919169795575 2.0 1.5319148936170213 1.8085106382978724 1.7659574468085106
186 7.205153242147923 3.0 2.297872340425532 2.7127659574468086 2.648936170212766
187 0.988399058788159 3.0 2.297872340425532 2.7127659574468086 2.648936170212766
188 25.463918702877663 3.0 2.297872340425532 2.7127659574468086 2.648936170212766
189 1.6009925841494987 3.0 2.297872340425532 2.7127659574468086 2.648936170212766
190 3.3257081000373274 2.0 1.5319148936170213 1.8085106382978724 1.7659574468085106
191 39.8886082807143 3.0 2.297872340425532 2.7127659574468086 2.648936170212766
192 5.763446359910245 3.0 2.297872340425532 2.7127659574468086 2.648936170212766
193 5.7885484268462974 3.0 2.297872340425532 2.7127659574468086 2.648936170212766
194 1.4362904887318988 3.0 2.297872340425532 2.7127659574468086 2.648936170212766
195 8.75526215805471 2.0 1.5319148936170213 1.8085106382978724 1.7659574468085106
196 4.358842851810376 3.0 2.297872340425532 2.7127659574468086 2.648936170212766
197 1.9864032421479223 3.0 2.297872340425532 2.7127659574468086 2.648936170212766
198 3.5581679480302766 3.0 2.297872340425532 2.7127659574468086 2.648936170212766
199 0.6133126597180347 3.0 2.297872340425532 2.7127659574468086 2.648936170212766
200 10.0 3.0 2.297872340425532 2.7127659574468086 2.648936170212766
201 1.1548808422536452 2.0 1.5319148936170213 1.8085106382978724 1.7659574468085106
202 2.1846656106119253 2.0 1.5319148936170213 1.8085106382978724 1.7659574468085106
203 13.446492865422657 2.0 1.5319148936170213 1.8085106382978724 1.7659574468085106
204 8.336108215626679 2.0 1.5319148936170213 1.8085106382978724 1.7659574468085106
205 2.9438349038707403 2.0 1.5319148936170213 1.8085106382978724 1.7659574468085106
206 0.7789738992329188 2.0 1.5319148936170213 1.8085106382978724 1.7659574468085106
207 21.349591159003094 2.0 1.5319148936170213 1.8085106382978724 1.7659574468085106
208 1.563657602305913 2.0 1.5319148936170213 1.8085106382978724 1.7659574468085106
209 1.4812618636004764 2.0 1.5319148936170213 1.8085106382978724 1.7659574468085106
210 5.10734649933289 3.0 2.297872340425532 2.7127659574468086 2.648936170212766
211 0.35422605499399173 3.0 2.297872340425532 2.7127659574468086 2.648936170212766
212 1.345765423294985 2.0 1.5319148936170213 1.8085106382978724 1.7659574468085106
213 78.0 2.0 1.5319148936170213 1.8085106382978724 1.7659574468085106
214 0.39001392369813426 3.0 2.297872340425532 2.7127659574468086 2.648936170212766
215 13.107698074974671 2.0 1.5319148936170213 1.8085106382978724 1.7659574468085106
216 7.598808610531817 3.0 2.297872340425532 2.7127659574468086 2.648936170212766
217 2.674677683714378 3.0 2.297872340425532 2.7127659574468086 2.648936170212766
218 22.409599253368857 3.0 2.297872340425532 2.7127659574468086 2.648936170212766
219 1.2517640178275349 3.0 2.297872340425532 2.7127659574468086 2.648936170212766
220 1.425726562995204 2.0 1.5319148936170213 1.8085106382978724 1.7659574468085106
221 15.178989477195712 2.0 1.5319148936170213 1.8085106382978724 1.7659574468085106
222 8.73929605688429 2.0 1.5319148936170213 1.8085106382978724 1.7659574468085106
223 39.0 3.0 2.297872340425532 2.7127659574468086 2.648936170212766
224 19.0 2.0 1.5319148936170213 1.8085106382978724 1.7659574468085106
225 3.817894125153072 3.0 2.297872340425532 2.7127659574468086 2.648936170212766
226 1.8792108651971429 2.0 1.5319148936170213 1.8085106382978724 1.7659574468085106
227 10.106922854248083 2.0 1.5319148936170213 1.8085106382978724 1.7659574468085106
228 24.0 2.0 1.5319148936170213 1.8085106382978724 1.7659574468085106
229 8.783525618758144 3.0 2.297872340425532 2.7127659574468086 2.648936170212766
230 6.377704451345757 2.0 1.5319148936170213 1.8085106382978724 1.7659574468085106
231 10.837443828595266 2.0 1.5319148936170213 1.8085106382978724 1.7659574468085106
232 0.9252198581560283 2.0 1.5319148936170213 1.8085106382978724 1.7659574468085106
233 17.0 2.0 1.5319148936170213 1.8085106382978724 1.7659574468085106
234 9.09057783655048 2.0 1.5319148936170213 1.8085106382978724 1.7659574468085106
235 85.0 2.0 1.5319148936170213 1.8085106382978724 1.7659574468085106
236 6.035082386818107 2.0 1.5319148936170213 1.8085106382978724 1.7659574468085106
237 19.19557461602891 3.0 2.297872340425532 2.7127659574468086 2.648936170212766
238 4.262486002239641 2.0 1.5319148936170213 1.8085106382978724 1.7659574468085106
239 10.529439018356042 3.0 2.297872340425532 2.7127659574468086 2.648936170212766
240 1.4522223250077089 3.0 2.297872340425532 2.7127659574468086 2.648936170212766
241 47.0 2.0 1.5319148936170213 1.8085106382978724 1.7659574468085106
242 53.0 3.0 2.297872340425532 2.7127659574468086 2.648936170212766
243 17.82208849664598 3.0 2.297872340425532 2.7127659574468086 2.648936170212766
244 18.04087878764921 3.0 2.297872340425532 2.7127659574468086 2.648936170212766
245 3.195067189249723 3.0 2.297872340425532 2.7127659574468086 2.648936170212766
246 28.02057685627442 3.0 2.297872340425532 2.7127659574468086 2.648936170212766
247 7.949793555254374 3.0 2.297872340425532 2.7127659574468086 2.648936170212766
248 15.64335622230491 2.0 1.5319148936170213 1.8085106382978724 1.7659574468085106
249 0.8942508659079664 2.0 1.5319148936170213 1.8085106382978724 1.7659574468085106
250 71.0 2.0 1.5319148936170213 1.8085106382978724 1.7659574468085106
251 1.1197756828743188 3.0 2.297872340425532 2.7127659574468086 2.648936170212766
252 3.387197502267894 3.0 2.297872340425532 2.7127659574468086 2.648936170212766
253 0.34851507092198575 3.0 2.297872340425532 2.7127659574468086 2.648936170212766
254 5.439894894738921 3.0 2.297872340425532 2.7127659574468086 2.648936170212766
255 0.9038820455393801 3.0 2.297872340425532 2.7127659574468086 2.648936170212766
256 1.2359696032492753 3.0 2.297872340425532 2.7127659574468086 2.648936170212766
257 1.922098694797068 3.0 2.297872340425532 2.7127659574468086 2.648936170212766
258 3.9778248874017694 2.0 1.5319148936170213 1.8085106382978724 1.7659574468085106
259 27.0 2.0 1.5319148936170213 1.8085106382978724 1.7659574468085106
260 4.433385591638671 3.0 2.297872340425532 2.7127659574468086 2.648936170212766
261 7.659846075909904 3.0 2.297872340425532 2.7127659574468086 2.648936170212766
262 7.327507174666006 3.0 2.297872340425532 2.7127659574468086 2.648936170212766
263 5.070605736898521 3.0 2.297872340425532 2.7127659574468086 2.648936170212766
264 33.50771971341728 3.0 2.297872340425532 2.7127659574468086 2.648936170212766
265 17.19502650634722 2.0 1.5319148936170213 1.8085106382978724 1.7659574468085106
266 8.749159466180743 3.0 2.297872340425532 2.7127659574468086 2.648936170212766
267 15.840737924945099 3.0 2.297872340425532 2.7127659574468086 2.648936170212766
268 6.97679605688429 2.0 1.5319148936170213 1.8085106382978724 1.7659574468085106
269 85.0 3.0 2.297872340425532 2.7127659574468086 2.648936170212766
270 87.0 2.0 1.5319148936170213 1.8085106382978724 1.7659574468085106
271 4.5890816603303755 3.0 2.297872340425532 2.7127659574468086 2.648936170212766
272 3.2214422636477544 3.0 2.297872340425532 2.7127659574468086 2.648936170212766
273 89.0 2.0 1.5319148936170213 1.8085106382978724 1.7659574468085106
274 0.26381559902796503 3.0 2.297872340425532 2.7127659574468086 2.648936170212766
275 23.0 3.0 2.297872340425532 2.7127659574468086 2.648936170212766
276 8.149268011605898 2.0 1.5319148936170213 1.8085106382978724 1.7659574468085106
277 9.90666719298938 3.0 2.297872340425532 2.7127659574468086 2.648936170212766
278 2.3313813099707974 2.0 1.5319148936170213 1.8085106382978724 1.7659574468085106
279 20.769377155170048 3.0 2.297872340425532 2.7127659574468086 2.648936170212766
280 11.946826856274424 3.0 2.297872340425532 2.7127659574468086 2.648936170212766
281 15.304128750503958 2.0 1.5319148936170213 1.8085106382978724 1.7659574468085106
282 16.303727187115932 2.0 1.5319148936170213 1.8085106382978724 1.7659574468085106
283 3.8765887291635046 3.0 2.297872340425532 2.7127659574468086 2.648936170212766
284 0.8660222720321835 2.0 1.5319148936170213 1.8085106382978724 1.7659574468085106
285 14.46460619634192 2.0 1.5319148936170213 1.8085106382978724 1.7659574468085106
286 0.3975395936650136 2.0 1.5319148936170213 1.8085106382978724 1.7659574468085106
287 1.0901373842681281 3.0 2.297872340425532 2.7127659574468086 2.648936170212766
288 86.0 2.0 1.5319148936170213 1.8085106382978724 1.7659574468085106
289 1.0905979997073412 2.0 1.5319148936170213 1.8085106382978724 1.7659574468085106
290 8.03285672259631 3.0 2.297872340425532 2.7127659574468086 2.648936170212766
291 8.184732499942864 2.0 1.5319148936170213 1.8085106382978724 1.7659574468085106
292 7.488900736309997 2.0 1.5319148936170213 1.8085106382978724 1.7659574468085106
293 0.6258503401360546 2.0 1.5319148936170213 1.8085106382978724 1.7659574468085106
294 41.0 2.0 1.5319148936170213 1.8085106382978724 1.7659574468085106
295 0.500507607847303 3.0 2.297872340425532 2.7127659574468086 2.648936170212766
296 9.18265199442852 2.0 1.5319148936170213 1.8085106382978724 1.7659574468085106
297 5.191420855175249 2.0 1.5319148936170213 1.8085106382978724 1.7659574468085106
298 8.684294682547762 3.0 2.297872340425532 2.7127659574468086 2.648936170212766
299 15.96737383464024 2.0 1.5319148936170213 1.8085106382978724 1.7659574468085106
300 4.733529488587912 2.0 1.5319148936170213 1.8085106382978724 1.7659574468085106
301 10.237608288711852 2.0 1.5319148936170213 1.8085106382978724 1.7659574468085106
302 1.7478621166067976 3.0 2.297872340425532 2.7127659574468086 2.648936170212766
303 13.169466937586964 2.0 1.5319148936170213 1.8085106382978724 1.7659574468085106
304 11.169513657858687 2.0 1.5319148936170213 1.8085106382978724 1.7659574468085106
305 0.9486090523321142 2.0 1.5319148936170213 1.8085106382978724 1.7659574468085106
306 3.228962765957445 3.0 2.297872340425532 2.7127659574468086 2.648936170212766
307 0.8059943551888843 2.0 1.5319148936170213 1.8085106382978724 1.7659574468085106
308 11.523339192046684 3.0 2.297872340425532 2.7127659574468086 2.648936170212766
309 5.950393929912391 2.0 1.5319148936170213 1.8085106382978724 1.7659574468085106
310 9.242649216391285 2.0 1.5319148936170213 1.8085106382978724 1.7659574468085106
311 11.852259549583177 3.0 2.297872340425532 2.7127659574468086 2.648936170212766
312 0.857439846550247 2.0 1.5319148936170213 1.8085106382978724 1.7659574468085106
313 109.0 2.0 1.5319148936170213 1.8085106382978724 1.7659574468085106
314 4.968546099290779 3.0 2.297872340425532 2.7127659574468086 2.648936170212766
315 2.309251659756283 2.0 1.5319148936170213 1.8085106382978724 1.7659574468085106
316 13.59487447718355 3.0 2.297872340425532 2.7127659574468086 2.648936170212766
317 75.0 3.0 2.297872340425532 2.7127659574468086 2.648936170212766
318 22.0 2.0 1.5319148936170213 1.8085106382978724 1.7659574468085106
319 5.144126963808789 2.0 1.5319148936170213 1.8085106382978724 1.7659574468085106
320 44.0 2.0 1.5319148936170213 1.8085106382978724 1.7659574468085106
321 7.573382882422664 2.0 1.5319148936170213 1.8085106382978724 1.7659574468085106
322 2.6722783860755124 2.0 1.5319148936170213 1.8085106382978724 1.7659574468085106
323 3.4940284237995303 2.0 1.5319148936170213 1.8085106382978724 1.7659574468085106
324 11.63751835156469 3.0 2.297872340425532 2.7127659574468086 2.648936170212766
325 13.37212878764921 3.0 2.297872340425532 2.7127659574468086 2.648936170212766
326 2.401710760749825 2.0 1.5319148936170213 1.8085106382978724 1.7659574468085106
327 7.738943111356289 2.0 1.5319148936170213 1.8085106382978724 1.7659574468085106
328 5.255331733512676 3.0 2.297872340425532 2.7127659574468086 2.648936170212766
329 59.0 3.0 2.297872340425532 2.7127659574468086 2.648936170212766
330 0.5565789473684211 2.0 1.5319148936170213 1.8085106382978724 1.7659574468085106
331 0.9412299418545047 3.0 2.297872340425532 2.7127659574468086 2.648936170212766
332 2.7858419875042206 3.0 2.297872340425532 2.7127659574468086 2.648936170212766
333 0.8233316002772887 3.0 2.297872340425532 2.7127659574468086 2.648936170212766
334 12.991369772630133 2.0 1.5319148936170213 1.8085106382978724 1.7659574468085106
335 13.244281611391587 2.0 1.5319148936170213 1.8085106382978724 1.7659574468085106
336 5.872841656493993 3.0 2.297872340425532 2.7127659574468086 2.648936170212766
337 42.00042703920377 3.0 2.297872340425532 2.7127659574468086 2.648936170212766
338 6.035093232064002 2.0 1.5319148936170213 1.8085106382978724 1.7659574468085106
339 7.936276619507456 3.0 2.297872340425532 2.7127659574468086 2.648936170212766
340 2.8629482362325134 2.0 1.5319148936170213 1.8085106382978724 1.7659574468085106
341 4.594971111848994 2.0 1.5319148936170213 1.8085106382978724 1.7659574468085106
342 0.53371386647102 3.0 2.297872340425532 2.7127659574468086 2.648936170212766
343 6.379294379565936 2.0 1.5319148936170213 1.8085106382978724 1.7659574468085106
344 10.553530277380123 3.0 2.297872340425532 2.7127659574468086 2.648936170212766
345 24.121830841656347 3.0 2.297872340425532 2.7127659574468086 2.648936170212766
346 1.0546360775079262 3.0 2.297872340425532 2.7127659574468086 2.648936170212766
347 1.5517421168282302 2.0 1.5319148936170213 1.8085106382978724 1.7659574468085106
348 4.863795918367345 2.0 1.5319148936170213 1.8085106382978724 1.7659574468085106
349 3.283704075762083 3.0 2.297872340425532 2.7127659574468086 2.648936170212766
350 1.5166402003636406 3.0 2.297872340425532 2.7127659574468086 2.648936170212766
351 2.8722389761307445 3.0 2.297872340425532 2.7127659574468086 2.648936170212766
352 57.0 2.0 1.5319148936170213 1.8085106382978724 1.7659574468085106
353 11.914513945826853 2.0 1.5319148936170213 1.8085106382978724 1.7659574468085106
354 8.473241717127728 3.0 2.297872340425532 2.7127659574468086 2.648936170212766
355 9.563981846078361 3.0 2.297872340425532 2.7127659574468086 2.648936170212766
356 9.723536850436751 3.0 2.297872340425532 2.7127659574468086 2.648936170212766
357 0.8367761180138675 3.0 2.297872340425532 2.7127659574468086 2.648936170212766
358 70.0 2.0 1.5319148936170213 1.8085106382978724 1.7659574468085106
359 55.0 3.0 2.297872340425532 2.7127659574468086 2.648936170212766
360 10.765247241506154 3.0 2.297872340425532 2.7127659574468086 2.648936170212766
361 59.0 2.0 1.5319148936170213 1.8085106382978724 1.7659574468085106
362 1.1242104185401731 2.0 1.5319148936170213 1.8085106382978724 1.7659574468085106
363 10.263031292549755 2.0 1.5319148936170213 1.8085106382978724 1.7659574468085106
364 1.5265983396310778 3.0 2.297872340425532 2.7127659574468086 2.648936170212766
365 10.978568156367709 2.0 1.5319148936170213 1.8085106382978724 1.7659574468085106
366 0.313225128248255 2.0 1.5319148936170213 1.8085106382978724 1.7659574468085106
367 35.0 2.0 1.5319148936170213 1.8085106382978724 1.7659574468085106
368 6.348649206016261 3.0 2.297872340425532 2.7127659574468086 2.648936170212766
369 82.0 3.0 2.297872340425532 2.7127659574468086 2.648936170212766
370 0.5343309198601408 2.0 1.5319148936170213 1.8085106382978724 1.7659574468085106
371 2.492611161679372 2.0 1.5319148936170213 1.8085106382978724 1.7659574468085106
372 26.110068416144344 3.0 2.297872340425532 2.7127659574468086 2.648936170212766
373 7.761516226815965 3.0 2.297872340425532 2.7127659574468086 2.648936170212766
374 17.1385820866064 2.0 1.5319148936170213 1.8085106382978724 1.7659574468085106
375 69.0 2.0 1.5319148936170213 1.8085106382978724 1.7659574468085106
376 2.0116738317491856 2.0 1.5319148936170213 1.8085106382978724 1.7659574468085106
377 1.5106139817629176 3.0 2.297872340425532 2.7127659574468086 2.648936170212766
378 3.2913692470937734 3.0 2.297872340425532 2.7127659574468086 2.648936170212766
379 3.836813131274868 3.0 2.297872340425532 2.7127659574468086 2.648936170212766
380 14.850803071508553 3.0 2.297872340425532 2.7127659574468086 2.648936170212766
381 1.5617791787660733 3.0 2.297872340425532 2.7127659574468086 2.648936170212766
382 3.0260771670370277 3.0 2.297872340425532 2.7127659574468086 2.648936170212766
383 9.405880486677544 2.0 1.5319148936170213 1.8085106382978724 1.7659574468085106
384 46.0 2.0 1.5319148936170213 1.8085106382978724 1.7659574468085106
385 1.3954918728155015 3.0 2.297872340425532 2.7127659574468086 2.648936170212766
386 15.884752213558874 2.0 1.5319148936170213 1.8085106382978724 1.7659574468085106
387 6.222225552435315 3.0 2.297872340425532 2.7127659574468086 2.648936170212766
388 6.0594712405337186 3.0 2.297872340425532 2.7127659574468086 2.648936170212766
389 25.125756706228586 3.0 2.297872340425532 2.7127659574468086 2.648936170212766
390 39.13909387764926 2.0 1.5319148936170213 1.8085106382978724 1.7659574468085106
391 4.070185118594694 2.0 1.5319148936170213 1.8085106382978724 1.7659574468085106
392 12.071261805043763 3.0 2.297872340425532 2.7127659574468086 2.648936170212766
393 103.0 2.0 1.5319148936170213 1.8085106382978724 1.7659574468085106
394 6.466389879360856 2.0 1.5319148936170213 1.8085106382978724 1.7659574468085106
395 2.1128862966001494 3.0 2.297872340425532 2.7127659574468086 2.648936170212766
396 8.753448742746617 2.0 1.5319148936170213 1.8085106382978724 1.7659574468085106
397 11.878636792274728 2.0 1.5319148936170213 1.8085106382978724 1.7659574468085106
398 18.05734111304096 3.0 2.297872340425532 2.7127659574468086 2.648936170212766
399 10.884529649597342 3.0 2.297872340425532 2.7127659574468086 2.648936170212766
400 1.8820886094122384 3.0 2.297872340425532 2.7127659574468086 2.648936170212766
401 6.660052258305339 3.0 2.297872340425532 2.7127659574468086 2.648936170212766
402 0.6324487908021673 3.0 2.297872340425532 2.7127659574468086 2.648936170212766
403 1.4849836528206348 2.0 1.5319148936170213 1.8085106382978724 1.7659574468085106
404 16.10641706184442 2.0 1.5319148936170213 1.8085106382978724 1.7659574468085106
405 15.901858314957186 2.0 1.5319148936170213 1.8085106382978724 1.7659574468085106
406 12.0 3.0 2.297872340425532 2.7127659574468086 2.648936170212766
407 5.403970939283861 2.0 1.5319148936170213 1.8085106382978724 1.7659574468085106
408 19.20806054481257 3.0 2.297872340425532 2.7127659574468086 2.648936170212766
409 21.036819181974362 2.0 1.5319148936170213 1.8085106382978724 1.7659574468085106
410 4.112887241456002 3.0 2.297872340425532 2.7127659574468086 2.648936170212766
411 2.4697636811010675 2.0 1.5319148936170213 1.8085106382978724 1.7659574468085106
412 17.10851482365996 2.0 1.5319148936170213 1.8085106382978724 1.7659574468085106
413 33.89804010579087 2.0 1.5319148936170213 1.8085106382978724 1.7659574468085106
414 6.433540849364724 3.0 2.297872340425532 2.7127659574468086 2.648936170212766
415 24.006162396873645 3.0 2.297872340425532 2.7127659574468086 2.648936170212766
416 5.185671351559492 3.0 2.297872340425532 2.7127659574468086 2.648936170212766
417 16.211148246532655 2.0 1.5319148936170213 1.8085106382978724 1.7659574468085106
418 27.922614515264513 2.0 1.5319148936170213 1.8085106382978724 1.7659574468085106
419 5.957801587301588 2.0 1.5319148936170213 1.8085106382978724 1.7659574468085106
420 2.3232740399208063 2.0 1.5319148936170213 1.8085106382978724 1.7659574468085106
421 95.0 3.0 2.297872340425532 2.7127659574468086 2.648936170212766
422 97.0 2.0 1.5319148936170213 1.8085106382978724 1.7659574468085106
423 7.614776807413099 3.0 2.297872340425532 2.7127659574468086 2.648936170212766
424 32.30315888474983 2.0 1.5319148936170213 1.8085106382978724 1.7659574468085106
425 51.0 3.0 2.297872340425532 2.7127659574468086 2.648936170212766
426 38.0 2.0 1.5319148936170213 1.8085106382978724 1.7659574468085106
427 45.0 2.0 1.5319148936170213 1.8085106382978724 1.7659574468085106
428 7.659522752554792 3.0 2.297872340425532 2.7127659574468086 2.648936170212766
429 3.0974984209913554 3.0 2.297872340425532 2.7127659574468086 2.648936170212766
430 80.0 2.0 1.5319148936170213 1.8085106382978724 1.7659574468085106
431 68.0 3.0 2.297872340425532 2.7127659574468086 2.648936170212766
432 20.52082326121938 3.0 2.297872340425532 2.7127659574468086 2.648936170212766
433 5.288724267406606 3.0 2.297872340425532 2.7127659574468086 2.648936170212766
434 1.1363602177140026 3.0 2.297872340425532 2.7127659574468086 2.648936170212766
435 14.422255632977249 2.0 1.5319148936170213 1.8085106382978724 1.7659574468085106
436 3.311493297285059 2.0 1.5319148936170213 1.8085106382978724 1.7659574468085106
437 7.6313266832614515 2.0 1.5319148936170213 1.8085106382978724 1.7659574468085106
438 1.2754151187661824 2.0 1.5319148936170213 1.8085106382978724 1.7659574468085106
439 9.816041435663728 3.0 2.297872340425532 2.7127659574468086 2.648936170212766
440 2.9557892965696912 2.0 1.5319148936170213 1.8085106382978724 1.7659574468085106
441 24.809510942802596 3.0 2.297872340425532 2.7127659574468086 2.648936170212766
442 19.649687298517083 2.0 1.5319148936170213 1.8085106382978724 1.7659574468085106
443 19.729029270791788 3.0 2.297872340425532 2.7127659574468086 2.648936170212766
444 25.0 3.0 2.297872340425532 2.7127659574468086 2.648936170212766
445 109.0 3.0 2.297872340425532 2.7127659574468086 2.648936170212766
446 55.0 2.0 1.5319148936170213 1.8085106382978724 1.7659574468085106
447 2.526379051620648 2.0 1.5319148936170213 1.8085106382978724 1.7659574468085106
448 60.0 2.0 1.5319148936170213 1.8085106382978724 1.7659574468085106
449 7.890316410930995 3.0 2.297872340425532 2.7127659574468086 2.648936170212766
450 1.1456041774779449 3.0 2.297872340425532 2.7127659574468086 2.648936170212766
451 1.2572992729940637 2.0 1.5319148936170213 1.8085106382978724 1.7659574468085106
452 2.7487131043346795 2.0 1.5319148936170213 1.8085106382978724 1.7659574468085106
453 4.64070506076453 2.0 1.5319148936170213 1.8085106382978724 1.7659574468085106
454 14.828099020012232 3.0 2.297872340425532 2.7127659574468086 2.648936170212766
455 86.0 3.0 2.297872340425532 2.7127659574468086 2.648936170212766
456 3.0008419986135557 2.0 1.5319148936170213 1.8085106382978724 1.7659574468085106
457 44.0 2.0 1.5319148936170213 1.8085106382978724 1.7659574468085106
458 10.160193035780942 3.0 2.297872340425532 2.7127659574468086 2.648936170212766
459 9.197073845741244 3.0 2.297872340425532 2.7127659574468086 2.648936170212766
460 0.734105888174171 2.0 1.5319148936170213 1.8085106382978724 1.7659574468085106
461 9.168777758040676 2.0 1.5319148936170213 1.8085106382978724 1.7659574468085106
462 12.54086913661382 3.0 2.297872340425532 2.7127659574468086 2.648936170212766
463 4.847081219945986 3.0 2.297872340425532 2.7127659574468086 2.648936170212766
464 64.0 3.0 2.297872340425532 2.7127659574468086 2.648936170212766
465 2.96649018329013 2.0 1.5319148936170213 1.8085106382978724 1.7659574468085106
466 1.074650665256338 3.0 2.297872340425532 2.7127659574468086 2.648936170212766
467 90.0 3.0 2.297872340425532 2.7127659574468086 2.648936170212766
468 9.709666050817487 2.0 1.5319148936170213 1.8085106382978724 1.7659574468085106
469 48.0 2.0 1.5319148936170213 1.8085106382978724 1.7659574468085106
470 14.92133162891838 2.0 1.5319148936170213 1.8085106382978724 1.7659574468085106
471 88.0 3.0 2.297872340425532 2.7127659574468086 2.648936170212766
472 1.3197568389057754 3.0 2.297872340425532 2.7127659574468086 2.648936170212766
473 11.253443851598123 2.0 1.5319148936170213 1.8085106382978724 1.7659574468085106
474 35.180766891662266 2.0 1.5319148936170213 1.8085106382978724 1.7659574468085106
475 0.3585732165206509 2.0 1.5319148936170213 1.8085106382978724 1.7659574468085106
476 8.411102752780641 2.0 1.5319148936170213 1.8085106382978724 1.7659574468085106
477 81.0 2.0 1.5319148936170213 1.8085106382978724 1.7659574468085106
478 18.39016585414745 2.0 1.5319148936170213 1.8085106382978724 1.7659574468085106
479 0.2596864501679731 3.0 2.297872340425532 2.7127659574468086 2.648936170212766
480 2.179092664861908 3.0 2.297872340425532 2.7127659574468086 2.648936170212766
481 16.0 2.0 1.5319148936170213 1.8085106382978724 1.7659574468085106
482 3.5713615780544496 2.0 1.5319148936170213 1.8085106382978724 1.7659574468085106
483 0.406559650455927 2.0 1.5319148936170213 1.8085106382978724 1.7659574468085106
484 10.551875843454788 2.0 1.5319148936170213 1.8085106382978724 1.7659574468085106
485 30.394181204887484 3.0 2.297872340425532 2.7127659574468086 2.648936170212766
486 1.6949495985731595 2.0 1.5319148936170213 1.8085106382978724 1.7659574468085106
487 92.0 2.0 1.5319148936170213 1.8085106382978724 1.7659574468085106
488 6.016033010302768 3.0 2.297872340425532 2.7127659574468086 2.648936170212766
489 28.559633407226276 2.0 1.5319148936170213 1.8085106382978724 1.7659574468085106
490 29.0 3.0 2.297872340425532 2.7127659574468086 2.648936170212766
491 9.403328405253223 3.0 2.297872340425532 2.7127659574468086 2.648936170212766
492 13.811077598093368 2.0 1.5319148936170213 1.8085106382978724 1.7659574468085106
493 17.26499042658036 2.0 1.5319148936170213 1.8085106382978724 1.7659574468085106
494 56.0 2.0 1.5319148936170213 1.8085106382978724 1.7659574468085106
495 25.0 3.0 2.297872340425532 2.7127659574468086 2.648936170212766
496 6.696025618758143 3.0 2.297872340425532 2.7127659574468086 2.648936170212766
497 12.526646561912965 2.0 1.5319148936170213 1.8085106382978724 1.7659574468085106
498 16.755806836919163 3.0 2.297872340425532 2.7127659574468086 2.648936170212766
499 8.610138963475379 3.0 2.297872340425532 2.7127659574468086 2.648936170212766
