100 2
TREE NETWORK (nID nID Weight):
50 0 35
30 0 33
18 30 34
61 18 46
63 50 46
7 18 47
16 50 37
52 16 37
47 7 45
12 47 46
10 52 41
62 12 49
60 7 31
35 61 36
74 7 59
57 30 47
56 52 42
5 0 53
78 50 52
31 35 54
29 12 43
88 30 40
9 7 38
53 16 52
82 52 50
32 78 42
98 29 40
22 78 36
39 9 59
79 47 30
86 82 54
49 9 52
66 16 31
64 56 42
92 53 58
72 10 46
73 35 48
33 60 58
15 31 47
51 15 31
34 15 39
67 47 39
38 30 51
36 0 39
21 64 53
8 36 35
80 10 44
95 56 45
55 57 39
94 72 34
84 18 46
71 92 39
45 21 57
89 35 52
85 94 50
87 74 51
91 50 59
65 18 39
13 7 44
43 32 31
37 7 58
99 43 58
83 60 44
2 57 43
69 9 44
27 65 36
28 33 39
48 15 38
17 99 42
19 65 43
24 83 46
93 78 51
59 73 39
97 65 34
77 22 36
54 9 48
26 85 39
1 47 35
44 0 40
20 7 59
6 56 55
4 56 56
81 7 46
42 93 40
3 80 50
11 52 51
14 89 53
75 87 39
40 87 47
68 35 33
58 60 40
90 26 36
41 39 53
46 30 31
96 88 34
23 88 44
25 64 37
76 61 35
70 90 30
PROGRAMS ASSIGNED TO NODES (nID pID1 pID2 ...):
0 1 2
1 1
2 2
4 1
5 1
6 1
10 2
12 2
14 1
15 2
16 2
20 2
22 1
28 1
30 1
32 1
33 1
34 1
36 2
38 2
39 1
40 2
42 2
45 1
46 2
49 1
50 2
51 2
53 1
56 2
57 1
58 2
59 2
60 1
61 2
62 1
65 1
67 1
70 1
73 1
75 1
77 1
78 2
80 2
82 1
87 1
89 1
92 1
94 1
95 2
97 1
SIZE OF PROGRAMS (pID SIZE):
1 76.0
2 97.0
COST TO INSTALL SERVERS AND PROGRAMS ON NODES (COST_TO_INSTALL_SERVER COST_TO_INSTALL_pID1 ...):
0 1356.701030927835 1.5670103092783505 2.0
1 0.8448652848312217 1.5670103092783505 2.0
2 2.555422608069812 2.350515463917526 3.0
3 88.0 2.350515463917526 3.0
4 0.7095687882285819 2.350515463917526 3.0
5 49.0 2.350515463917526 3.0
6 4.272217924176687 2.350515463917526 3.0
7 8.00745022317155 1.5670103092783505 2.0
8 12.0 1.5670103092783505 2.0
9 3.4828981400133485 2.350515463917526 3.0
10 5.7040555976789316 2.350515463917526 3.0
11 75.0 2.350515463917526 3.0
12 13.838190963912288 1.5670103092783505 2.0
13 105.0 1.5670103092783505 2.0
14 0.9630099861243008 1.5670103092783505 2.0
15 15.663861703380283 2.350515463917526 3.0
16 0.42680173546152905 2.350515463917526 3.0
17 57.0 1.5670103092783505 2.0
18 0.4980144072624363 2.350515463917526 3.0
19 11.0 1.5670103092783505 2.0
20 0.750023269970874 1.5670103092783505 2.0
21 5.859321752074135 1.5670103092783505 2.0
22 0.4177067834799793 1.5670103092783505 2.0
23 65.0 2.350515463917526 3.0
24 76.0 1.5670103092783505 2.0
25 72.0 2.350515463917526 3.0
26 1.3138865731613008 2.350515463917526 3.0
27 10.0 1.5670103092783505 2.0
28 1.0299011067524717 1.5670103092783505 2.0
29 67.0 1.5670103092783505 2.0
30 62.0 2.350515463917526 3.0
31 1.8533778051740186 1.5670103092783505 2.0
32 0.30919753785733173 2.350515463917526 3.0
33 0.835029311880677 1.5670103092783505 2.0
34 1.1707745768274702 1.5670103092783505 2.0
35 1.3546569193397309 2.350515463917526 3.0
36 108.0 2.350515463917526 3.0
37 53.0 1.5670103092783505 2.0
38 1.7048128342245992 1.5670103092783505 2.0
39 0.7092965826575921 2.350515463917526 3.0
40 6.879613962753904 1.5670103092783505 2.0
41 93.0 2.350515463917526 3.0
42 0.6963773971126912 1.5670103092783505 2.0
43 68.0 1.5670103092783505 2.0
44 42.0 1.5670103092783505 2.0
45 1.1098869586790225 1.5670103092783505 2.0
46 0.40684261974584557 1.5670103092783505 2.0
47 1.4288944735537772 1.5670103092783505 2.0
48 87.0 1.5670103092783505 2.0
49 0.8049873849533219 1.5670103092783505 2.0
50 0.5962002945508103 1.5670103092783505 2.0
51 9.350780132446644 1.5670103092783505 2.0
52 1.0727198184930145 1.5670103092783505 2.0
53 0.3336505623103561 2.350515463917526 3.0
54 33.0 1.5670103092783505 2.0
55 59.0 2.350515463917526 3.0
56 5.66052094804672 2.350515463917526 3.0
57 0.535626499697568 1.5670103092783505 2.0
58 6.246118296697852 2.350515463917526 3.0
59 1.3103488032995707 1.5670103092783505 2.0
60 6.171377462355938 2.350515463917526 3.0
61 0.8741013637841756 2.350515463917526 3.0
62 0.8696913443451213 2.350515463917526 3.0
63 96.0 1.5670103092783505 2.0
64 4.998944393583568 1.5670103092783505 2.0
65 2.9520192360701767 1.5670103092783505 2.0
66 69.0 2.350515463917526 3.0
67 4.935565335360956 1.5670103092783505 2.0
68 52.0 1.5670103092783505 2.0
69 85.0 1.5670103092783505 2.0
70 10.66998610563447 2.350515463917526 3.0
71 35.0 1.5670103092783505 2.0
72 4.931015291932304 1.5670103092783505 2.0
73 1.7150735860063984 2.350515463917526 3.0
74 1.3376703680923834 1.5670103092783505 2.0
75 0.853187985372524 2.350515463917526 3.0
76 61.0 1.5670103092783505 2.0
77 3.772907367546543 1.5670103092783505 2.0
78 0.29192647558626933 2.350515463917526 3.0
79 35.0 1.5670103092783505 2.0
80 6.351042556652312 1.5670103092783505 2.0
81 12.0 2.350515463917526 3.0
82 0.6232526370258329 1.5670103092783505 2.0
83 39.0 2.350515463917526 3.0
84 86.0 2.350515463917526 3.0
85 7.1841917625205385 1.5670103092783505 2.0
86 56.0 2.350515463917526 3.0
87 12.856126416812844 1.5670103092783505 2.0
88 86.0 2.350515463917526 3.0
89 0.8196137597092064 1.5670103092783505 2.0
90 9.620089198417974 1.5670103092783505 2.0
91 41.0 2.350515463917526 3.0
92 0.5430355605328944 1.5670103092783505 2.0
93 0.45387739711269126 1.5670103092783505 2.0
94 1.0453652937534232 1.5670103092783505 2.0
95 1.047975117975118 1.5670103092783505 2.0
96 109.0 2.350515463917526 3.0
97 0.715532617776402 1.5670103092783505 2.0
98 38.0 2.350515463917526 3.0
99 82.0 1.5670103092783505 2.0
