100 5
TREE NETWORK (nID nID Weight):
87 0 53
91 0 41
58 0 38
65 58 42
20 58 53
27 20 58
32 0 32
98 0 53
52 20 33
81 98 33
14 65 32
25 0 53
24 65 43
4 24 52
21 24 55
64 21 34
56 98 51
9 64 53
78 87 56
55 81 53
29 64 42
8 14 45
80 4 39
97 56 55
12 52 51
50 98 52
10 29 38
96 78 51
75 98 48
17 12 39
83 27 42
88 20 40
34 27 52
30 88 40
47 25 42
42 47 44
22 24 50
66 83 51
49 58 34
18 66 37
45 75 50
15 27 50
38 17 35
95 21 33
57 81 52
2 27 37
54 0 33
1 91 59
11 9 46
40 98 59
60 66 55
85 75 36
73 21 51
51 24 58
76 1 46
19 21 52
16 40 45
5 20 47
70 5 31
86 12 38
68 5 42
39 22 50
94 21 54
59 85 38
26 66 56
69 96 47
23 0 36
82 55 40
74 80 52
71 9 47
31 80 52
46 16 59
93 85 38
61 86 35
72 60 58
13 59 36
36 34 43
89 2 59
99 91 44
43 88 59
6 58 49
79 29 50
3 95 39
84 68 38
37 73 52
44 5 45
90 45 38
48 5 56
28 32 54
53 26 36
63 8 59
77 96 38
7 6 55
33 10 45
92 97 32
62 56 39
67 48 53
35 7 54
41 36 31
PROGRAMS ASSIGNED TO NODES (nID pID1 pID2 ...):
0 1 2 3 4 5
1 2 3 5
2 1 4
4 1 2 3 5
5 1 2 3 4
6 1 3 4
8 1 4 5
9 2 3 4 5
10 1
11 1 4 5
12 1 2 3 4
14 1 2 3 5
17 1 5
18 1 2 3 4
19 4
20 1 2
21 4 5
22 1 2 4 5
23 1
25 3 4
26 3 5
27 1 2 3 5
28 2
29 2 4 5
30 3 4 5
31 1 2 4 5
32 1 2 3 4
33 1
34 1 4
35 5
36 1 3 4 5
37 1 3 4 5
39 1
40 3 4 5
41 5
42 3 4 5
43 1 2 4 5
44 1 2 4
45 5
49 1 2 4 5
51 4
52 1 2 4 5
53 1 3 4
54 1 2 4 5
55 1 2 3
56 3 5
57 1 4 5
58 1 2 3 4
59 2 3 4 5
60 5
61 1 3 4 5
62 2 3 4
64 1 2 3 5
66 1 2 3 5
67 1 2 3 4
68 1 2 5
69 2
70 4
71 2 3 4 5
72 1 3
73 2
74 1
75 2
76 2 3 4 5
80 1 2 3 4
81 4
82 4
83 3 4 5
84 1 2 3 4
85 1 2 4
86 1 4 5
88 2
89 1 3
90 2
91 1 2 4
92 1 2 4 5
93 2 4 5
94 1 3
95 1 2
96 1 3 5
97 1 3 4 5
98 2 4
SIZE OF PROGRAMS (pID SIZE):
1 42.0
2 43.0
3 49.0
4 90.0
5 96.0
COST TO INSTALL SERVERS AND PROGRAMS ON NODES (COST_TO_INSTALL_SERVER COST_TO_INSTALL_pID1 ...):
0 2000.0 1.3125 1.34375 1.53125 2.8125 3.0
1 0.5700685544991044 0.875 0.8958333333333334 1.0208333333333333 1.875 2.0
2 10.55700038087689 0.875 0.8958333333333334 1.0208333333333333 1.875 2.0
3 31.0 1.3125 1.34375 1.53125 2.8125 3.0
4 13.7814841217534 0.875 0.8958333333333334 1.0208333333333333 1.875 2.0
5 11.193818213404514 0.875 0.8958333333333334 1.0208333333333333 1.875 2.0
6 2.1515104726100978 0.875 0.8958333333333334 1.0208333333333333 1.875 2.0
7 2.5385724050385705 0.875 0.8958333333333334 1.0208333333333333 1.875 2.0
8 1.6495238095238094 1.3125 1.34375 1.53125 2.8125 3.0
9 3.474964308886362 1.3125 1.34375 1.53125 2.8125 3.0
10 0.5873700983119409 1.3125 1.34375 1.53125 2.8125 3.0
11 3.209064243994577 0.875 0.8958333333333334 1.0208333333333333 1.875 2.0
12 2.376360131486015 0.875 0.8958333333333334 1.0208333333333333 1.875 2.0
13 45.0 0.875 0.8958333333333334 1.0208333333333333 1.875 2.0
14 9.62406015037594 1.3125 1.34375 1.53125 2.8125 3.0
15 105.0 0.875 0.8958333333333334 1.0208333333333333 1.875 2.0
16 10.0 0.875 0.8958333333333334 1.0208333333333333 1.875 2.0
17 5.351239662381156 1.3125 1.34375 1.53125 2.8125 3.0
18 2.2762765152094615 1.3125 1.34375 1.53125 2.8125 3.0
19 0.7158934318435544 1.3125 1.34375 1.53125 2.8125 3.0
20 0.44587884806355516 1.3125 1.34375 1.53125 2.8125 3.0
21 9.807839542478465 0.875 0.8958333333333334 1.0208333333333333 1.875 2.0
22 5.8981356443434185 0.875 0.8958333333333334 1.0208333333333333 1.875 2.0
23 0.029166666666666674 0.875 0.8958333333333334 1.0208333333333333 1.875 2.0
24 12.89172543762507 0.875 0.8958333333333334 1.0208333333333333 1.875 2.0
25 2.0553262578616356 0.875 0.8958333333333334 1.0208333333333333 1.875 2.0
26 14.246978364934305 0.875 0.8958333333333334 1.0208333333333333 1.875 2.0
27 5.985617915967538 1.3125 1.34375 1.53125 2.8125 3.0
28 0.12442129629629628 0.875 0.8958333333333334 1.0208333333333333 1.875 2.0
29 3.076777739609253 1.3125 1.34375 1.53125 2.8125 3.0
30 1.5024422790466734 1.3125 1.34375 1.53125 2.8125 3.0
31 22.128572913724373 0.875 0.8958333333333334 1.0208333333333333 1.875 2.0
32 0.7000000000000001 0.875 0.8958333333333334 1.0208333333333333 1.875 2.0
33 4.084220589871644 1.3125 1.34375 1.53125 2.8125 3.0
34 11.793488413773789 0.875 0.8958333333333334 1.0208333333333333 1.875 2.0
35 0.6008731786175396 0.875 0.8958333333333334 1.0208333333333333 1.875 2.0
36 14.282999072688515 1.3125 1.34375 1.53125 2.8125 3.0
37 24.718483356184105 1.3125 1.34375 1.53125 2.8125 3.0
38 56.0 0.875 0.8958333333333334 1.0208333333333333 1.875 2.0
39 2.332204406364749 0.875 0.8958333333333334 1.0208333333333333 1.875 2.0
40 0.35211797782752374 0.875 0.8958333333333334 1.0208333333333333 1.875 2.0
41 6.10097708233253 1.3125 1.34375 1.53125 2.8125 3.0
42 4.815815670178876 1.3125 1.34375 1.53125 2.8125 3.0
43 1.5144256833521288 1.3125 1.34375 1.53125 2.8125 3.0
44 10.09256829703893 0.875 0.8958333333333334 1.0208333333333333 1.875 2.0
45 2.34114465408805 0.875 0.8958333333333334 1.0208333333333333 1.875 2.0
46 60.0 1.3125 1.34375 1.53125 2.8125 3.0
47 0.2685450359389037 1.3125 1.34375 1.53125 2.8125 3.0
48 12.798398444928056 0.875 0.8958333333333334 1.0208333333333333 1.875 2.0
49 4.643392027863776 1.3125 1.34375 1.53125 2.8125 3.0
50 46.0 0.875 0.8958333333333334 1.0208333333333333 1.875 2.0
51 3.768615353540226 0.875 0.8958333333333334 1.0208333333333333 1.875 2.0
52 3.774868847361399 1.3125 1.34375 1.53125 2.8125 3.0
53 8.276300412970151 0.875 0.8958333333333334 1.0208333333333333 1.875 2.0
54 2.3096590909090895 0.875 0.8958333333333334 1.0208333333333333 1.875 2.0
55 3.1722126929674097 0.875 0.8958333333333334 1.0208333333333333 1.875 2.0
56 0.6165988407941796 1.3125 1.34375 1.53125 2.8125 3.0
57 5.082355851695474 1.3125 1.34375 1.53125 2.8125 3.0
58 90.0 1.3125 1.34375 1.53125 2.8125 3.0
59 1.7387461381441023 1.3125 1.34375 1.53125 2.8125 3.0
60 11.578024041072103 0.875 0.8958333333333334 1.0208333333333333 1.875 2.0
61 9.86661303600162 1.3125 1.34375 1.53125 2.8125 3.0
62 0.7877589715131335 0.875 0.8958333333333334 1.0208333333333333 1.875 2.0
63 41.0 1.3125 1.34375 1.53125 2.8125 3.0
64 22.01246221718538 1.3125 1.34375 1.53125 2.8125 3.0
65 5.624060150375938 0.875 0.8958333333333334 1.0208333333333333 1.875 2.0
66 18.300016916901562 1.3125 1.34375 1.53125 2.8125 3.0
67 1.6113524477593018 1.3125 1.34375 1.53125 2.8125 3.0
68 20.738368066560085 0.875 0.8958333333333334 1.0208333333333333 1.875 2.0
69 0.19934587694973616 1.3125 1.34375 1.53125 2.8125 3.0
70 4.205792210190983 0.875 0.8958333333333334 1.0208333333333333 1.875 2.0
71 32.4932814454244 1.3125 1.34375 1.53125 2.8125 3.0
72 1.0959341522032477 0.875 0.8958333333333334 1.0208333333333333 1.875 2.0
73 19.607233459015443 1.3125 1.34375 1.53125 2.8125 3.0
74 2.9395890217493648 0.875 0.8958333333333334 1.0208333333333333 1.875 2.0
75 1.6100628930817609 0.875 0.8958333333333334 1.0208333333333333 1.875 2.0
76 8.220914664102425 0.875 0.8958333333333334 1.0208333333333333 1.875 2.0
77 95.0 1.3125 1.34375 1.53125 2.8125 3.0
78 0.8814858490566043 1.3125 1.34375 1.53125 2.8125 3.0
79 13.0 1.3125 1.34375 1.53125 2.8125 3.0
80 13.508849643488569 0.875 0.8958333333333334 1.0208333333333333 1.875 2.0
81 0.5734705546026299 1.3125 1.34375 1.53125 2.8125 3.0
82 3.3365994854202397 1.3125 1.34375 1.53125 2.8125 3.0
83 1.7595077478993517 1.3125 1.34375 1.53125 2.8125 3.0
84 19.30366160282279 0.875 0.8958333333333334 1.0208333333333333 1.875 2.0
85 11.443745632424877 0.875 0.8958333333333334 1.0208333333333333 1.875 2.0
86 12.487212202859837 1.3125 1.34375 1.53125 2.8125 3.0
87 30.0 0.875 0.8958333333333334 1.0208333333333333 1.875 2.0
88 14.739313693037625 0.875 0.8958333333333334 1.0208333333333333 1.875 2.0
89 5.243053804715421 1.3125 1.34375 1.53125 2.8125 3.0
90 0.2354983035418736 1.3125 1.34375 1.53125 2.8125 3.0
91 86.0 1.3125 1.34375 1.53125 2.8125 3.0
92 9.088561215652643 0.875 0.8958333333333334 1.0208333333333333 1.875 2.0
93 1.6708181617565927 0.875 0.8958333333333334 1.0208333333333333 1.875 2.0
94 3.5193512834725604 0.875 0.8958333333333334 1.0208333333333333 1.875 2.0
95 3.337688439076903 1.3125 1.34375 1.53125 2.8125 3.0
96 2.4494708260662756 0.875 0.8958333333333334 1.0208333333333333 1.875 2.0
97 8.78888328344488 0.875 0.8958333333333334 1.0208333333333333 1.875 2.0
98 67.0 1.3125 1.34375 1.53125 2.8125 3.0
99 50.0 1.3125 1.34375 1.53125 2.8125 3.0
