200 6
TREE NETWORK (nID nID Weight):
167 0 35
114 0 49
105 0 47
85 0 49
83 167 39
122 0 45
17 105 48
7 105 31
186 105 34
196 114 51
20 122 41
151 114 42
18 20 35
149 167 37
58 83 48
133 151 35
101 105 36
27 133 50
115 58 30
112 105 48
70 17 51
169 101 49
185 105 33
191 169 50
148 101 39
60 167 59
181 27 31
66 148 46
2 114 59
193 196 51
55 60 45
94 27 50
134 114 40
22 134 37
48 22 52
161 48 32
72 58 32
64 112 54
56 161 55
52 7 36
95 167 59
102 55 42
121 0 44
194 72 34
188 167 58
145 101 50
139 185 57
153 149 44
57 20 41
117 153 53
89 0 59
170 94 47
33 191 33
38 161 36
109 102 31
23 2 44
51 122 37
8 145 45
34 56 40
78 151 31
171 8 33
135 60 47
175 56 31
129 20 35
176 70 46
126 148 47
87 196 33
97 17 44
37 89 42
113 78 38
91 135 53
92 57 56
12 78 30
187 153 39
99 181 47
63 56 37
178 97 35
103 92 42
5 186 49
110 48 51
195 196 52
71 178 39
96 115 42
25 110 58
199 105 36
69 148 43
14 23 55
90 105 58
80 25 46
19 38 38
140 22 30
30 112 39
189 149 52
86 175 59
165 114 39
172 193 57
39 172 32
1 187 40
81 94 40
177 38 43
128 5 57
75 56 38
157 91 51
123 0 46
59 23 42
9 178 52
125 2 32
154 51 34
192 154 39
160 189 56
40 125 40
47 191 45
100 25 58
65 14 58
162 7 37
49 58 53
31 102 32
98 86 35
24 97 36
124 149 37
120 92 46
10 66 48
142 105 57
3 193 44
41 91 46
88 90 34
4 160 43
147 126 51
168 3 58
44 175 42
152 157 39
107 81 40
198 110 35
131 103 39
16 172 32
111 80 41
197 188 34
141 197 51
138 124 55
53 75 55
73 7 42
46 40 38
159 101 33
35 9 55
146 115 36
74 123 32
108 124 44
130 110 53
11 185 42
68 46 58
173 63 58
180 123 31
190 99 40
36 199 55
119 99 54
106 64 40
163 114 56
62 9 46
45 94 30
76 88 32
144 0 31
150 11 59
137 181 31
118 66 59
143 191 34
79 163 30
127 101 40
77 110 58
179 129 55
164 139 30
82 181 45
184 173 47
104 157 51
136 78 54
67 79 54
26 75 47
183 124 31
93 146 37
32 191 52
21 106 56
132 47 42
182 90 33
116 164 55
29 185 41
43 126 34
50 159 56
158 99 47
13 138 37
174 148 57
42 87 31
6 154 55
84 58 33
28 67 49
155 115 55
15 55 52
54 167 56
156 113 49
166 152 38
61 96 48
PROGRAMS ASSIGNED TO NODES (nID pID1 pID2 ...):
0 1 2 3 4 5 6
1 1 2 4
2 3
3 2 4 5
4 6
5 1 3 4 5
6 1
8 1
10 1 4 5 6
11 1 2 6
12 1 5
13 1 5
14 2 5 6
15 1 2 3
16 1 2 5 6
17 3 6
18 1 2 3 4 6
19 2 5
20 2 3 4 5
21 1
22 1 3 4 5
23 4
24 2
25 3 4 5
26 2 4
28 2 4 5 6
29 3 5
30 6
31 1 4
32 2 4
33 4 5
34 1 2 3 4 6
35 2 3 4 5 6
36 1 2 5 6
37 2 3 4 5 6
38 1 2 4 5 6
39 2 3 4 5 6
40 2 3 4 5 6
41 1 2 3 5 6
42 1 4
43 1 2 3 5 6
44 5 6
45 1 2 3 4
46 1 5 6
47 1 5
48 1 2 3 4
49 1
50 3 4
51 1 2 4 5 6
52 5
53 1 3 4 5
54 1 2 4 5 6
55 5
56 1 2 4 5 6
57 1 2 5 6
58 5 6
59 6
60 2 3 4 6
62 2 3 5 6
63 1 5 6
64 1 2 5 6
65 3 5 6
66 1 3
67 1
68 1 2 3 4 5
70 4 5
72 2 3 4 6
73 1 4 5
74 1 2 4
75 4 5 6
76 3 6
77 6
78 2 5 6
79 2 3 5 6
80 2 3 5 6
81 1 2 3 5 6
82 1 2 3
83 1 4 5 6
84 1 2 5 6
85 2 3 4 5 6
86 4 6
88 1 2 4 5 6
89 1 2 3 4 5
92 6
93 1 2 3 4 6
94 1 2 3 5 6
95 2 3 5 6
97 2 3 6
99 1 2 3
100 1 3 4 5 6
101 1 3 5 6
102 1
103 1 2 3 4 5
104 6
105 4 6
106 1
107 2 6
108 2 4 5
109 4 6
110 2 6
111 3 4
112 1 2 5
113 1 2 3 6
115 2 3 5
116 2 4
118 4 5 6
119 4
120 1 5 6
121 1 5
122 2 3 4 5 6
123 1 2 4 5 6
124 1 3 5 6
126 1 2 5 6
127 2 3 4 5
129 3
130 4
131 1 2 4 5 6
133 1 2 3 4 6
134 4
135 1 2 3 5
136 1 2 3 4
137 1 3
139 2
140 1 3 5 6
141 1 5
142 1 2 3 5
143 4 6
144 2 6
145 2 5 6
146 2 4 5 6
147 6
148 1 2 3 4 6
149 1 3
150 1 4 6
151 1 2 4 5 6
152 2 3 4 5 6
153 1 4
154 2
157 4
158 4 5 6
159 3 4 5 6
160 1 4 6
161 3 5
163 3 5
164 2 3 4 6
165 6
166 6
167 1 2 3 4 6
168 5
169 1 5
170 3 4 5 6
171 1 2 3 4 6
172 1 2 3 5 6
173 1 2 3 4
174 2 4 6
175 6
178 5
179 3 4 5
180 3 5
181 1 5
182 2 3 4 5 6
183 1 3 6
184 2 3 5
185 3 4 5 6
187 4
188 4
190 1 4 5
192 1 2 3 5 6
193 4 6
194 1 2 3 4 6
195 2 5
196 3
197 4
198 1 2 3 4 5
SIZE OF PROGRAMS (pID SIZE):
1 48.0
2 77.0
3 42.0
4 86.0
5 41.0
6 94.0
COST TO INSTALL SERVERS AND PROGRAMS ON NODES (COST_TO_INSTALL_SERVER COST_TO_INSTALL_pID1 ...):
0 2238.297872340426 1.5319148936170213 2.4574468085106385 1.3404255319148937 2.74468085106383 1.3085106382978724 3.0
1 12.286765520276154 1.5319148936170213 2.4574468085106385 1.3404255319148937 2.74468085106383 1.3085106382978724 3.0
2 2.406594619713838 1.0212765957446808 1.6382978723404256 0.8936170212765957 1.8297872340425532 0.8723404255319149 2.0
3 3.6011467256148113 1.5319148936170213 2.4574468085106385 1.3404255319148937 2.74468085106383 1.3085106382978724 3.0
4 0.7898565074146469 1.5319148936170213 2.4574468085106385 1.3404255319148937 2.74468085106383 1.3085106382978724 3.0
5 5.405462184873949 1.0212765957446808 1.6382978723404256 0.8936170212765957 1.8297872340425532 0.8723404255319149 2.0
6 0.362717934682891 1.0212765957446808 1.6382978723404256 0.8936170212765957 1.8297872340425532 0.8723404255319149 2.0
7 1.3242107069320521 1.5319148936170213 2.4574468085106385 1.3404255319148937 2.74468085106383 1.3085106382978724 3.0
8 14.574000000000003 1.0212765957446808 1.6382978723404256 0.8936170212765957 1.8297872340425532 0.8723404255319149 2.0
9 3.106335331335332 1.0212765957446808 1.6382978723404256 0.8936170212765957 1.8297872340425532 0.8723404255319149 2.0
10 2.5821650873281303 1.0212765957446808 1.6382978723404256 0.8936170212765957 1.8297872340425532 0.8723404255319149 2.0
11 11.933683337938659 1.5319148936170213 2.4574468085106385 1.3404255319148937 2.74468085106383 1.3085106382978724 3.0
12 3.004119311417085 1.5319148936170213 2.4574468085106385 1.3404255319148937 2.74468085106383 1.3085106382978724 3.0
13 0.8536829645340284 1.5319148936170213 2.4574468085106385 1.3404255319148937 2.74468085106383 1.3085106382978724 3.0
14 5.886642163668079 1.5319148936170213 2.4574468085106385 1.3404255319148937 2.74468085106383 1.3085106382978724 3.0
15 6.58283707757563 1.0212765957446808 1.6382978723404256 0.8936170212765957 1.8297872340425532 0.8723404255319149 2.0
16 13.92351243408898 1.5319148936170213 2.4574468085106385 1.3404255319148937 2.74468085106383 1.3085106382978724 3.0
17 5.430555555555555 1.0212765957446808 1.6382978723404256 0.8936170212765957 1.8297872340425532 0.8723404255319149 2.0
18 9.008606024662068 1.5319148936170213 2.4574468085106385 1.3404255319148937 2.74468085106383 1.3085106382978724 3.0
19 1.7121166712590086 1.5319148936170213 2.4574468085106385 1.3404255319148937 2.74468085106383 1.3085106382978724 3.0
20 2.1995967084290893 1.5319148936170213 2.4574468085106385 1.3404255319148937 2.74468085106383 1.3085106382978724 3.0
21 0.3946031746031746 1.0212765957446808 1.6382978723404256 0.8936170212765957 1.8297872340425532 0.8723404255319149 2.0
22 12.802098303874251 1.5319148936170213 2.4574468085106385 1.3404255319148937 2.74468085106383 1.3085106382978724 3.0
23 7.91683052921526 1.0212765957446808 1.6382978723404256 0.8936170212765957 1.8297872340425532 0.8723404255319149 2.0
24 0.5493055555555556 1.0212765957446808 1.6382978723404256 0.8936170212765957 1.8297872340425532 0.8723404255319149 2.0
25 39.825346964737825 1.0212765957446808 1.6382978723404256 0.8936170212765957 1.8297872340425532 0.8723404255319149 2.0
26 2.5554368896921087 1.5319148936170213 2.4574468085106385 1.3404255319148937 2.74468085106383 1.3085106382978724 3.0
27 12.48443330645328 1.5319148936170213 2.4574468085106385 1.3404255319148937 2.74468085106383 1.3085106382978724 3.0
28 11.712953715765266 1.5319148936170213 2.4574468085106385 1.3404255319148937 2.74468085106383 1.3085106382978724 3.0
29 1.584510648781536 1.5319148936170213 2.4574468085106385 1.3404255319148937 2.74468085106383 1.3085106382978724 3.0
30 0.43685897435897436 1.0212765957446808 1.6382978723404256 0.8936170212765957 1.8297872340425532 0.8723404255319149 2.0
31 9.337169004497259 1.5319148936170213 2.4574468085106385 1.3404255319148937 2.74468085106383 1.3085106382978724 3.0
32 10.924174893889177 1.0212765957446808 1.6382978723404256 0.8936170212765957 1.8297872340425532 0.8723404255319149 2.0
33 4.834715396840018 1.5319148936170213 2.4574468085106385 1.3404255319148937 2.74468085106383 1.3085106382978724 3.0
34 43.457363393267634 1.5319148936170213 2.4574468085106385 1.3404255319148937 2.74468085106383 1.3085106382978724 3.0
35 25.781581834241404 1.5319148936170213 2.4574468085106385 1.3404255319148937 2.74468085106383 1.3085106382978724 3.0
36 3.584848484848485 1.0212765957446808 1.6382978723404256 0.8936170212765957 1.8297872340425532 0.8723404255319149 2.0
37 6.182313579356493 1.0212765957446808 1.6382978723404256 0.8936170212765957 1.8297872340425532 0.8723404255319149 2.0
38 38.357647920307485 1.5319148936170213 2.4574468085106385 1.3404255319148937 2.74468085106383 1.3085106382978724 3.0
39 2.962797857104768 1.0212765957446808 1.6382978723404256 0.8936170212765957 1.8297872340425532 0.8723404255319149 2.0
40 14.833997388920025 1.0212765957446808 1.6382978723404256 0.8936170212765957 1.8297872340425532 0.8723404255319149 2.0
41 19.941418673001657 1.0212765957446808 1.6382978723404256 0.8936170212765957 1.8297872340425532 0.8723404255319149 2.0
42 7.259364127922751 1.5319148936170213 2.4574468085106385 1.3404255319148937 2.74468085106383 1.3085106382978724 3.0
43 3.144036348854872 1.0212765957446808 1.6382978723404256 0.8936170212765957 1.8297872340425532 0.8723404255319149 2.0
44 10.289493061724716 1.0212765957446808 1.6382978723404256 0.8936170212765957 1.8297872340425532 0.8723404255319149 2.0
45 9.475800260529741 1.0212765957446808 1.6382978723404256 0.8936170212765957 1.8297872340425532 0.8723404255319149 2.0
46 9.295319670056523 1.0212765957446808 1.6382978723404256 0.8936170212765957 1.8297872340425532 0.8723404255319149 2.0
47 6.1688503401360535 1.0212765957446808 1.6382978723404256 0.8936170212765957 1.8297872340425532 0.8723404255319149 2.0
48 22.23901670462244 1.0212765957446808 1.6382978723404256 0.8936170212765957 1.8297872340425532 0.8723404255319149 2.0
49 1.7855659715635626 1.5319148936170213 2.4574468085106385 1.3404255319148937 2.74468085106383 1.3085106382978724 3.0
50 3.6219540900391958 1.5319148936170213 2.4574468085106385 1.3404255319148937 2.74468085106383 1.3085106382978724 3.0
51 7.287275847275846 1.0212765957446808 1.6382978723404256 0.8936170212765957 1.8297872340425532 0.8723404255319149 2.0
52 0.20252993212842219 1.5319148936170213 2.4574468085106385 1.3404255319148937 2.74468085106383 1.3085106382978724 3.0
53 32.09145961195443 1.0212765957446808 1.6382978723404256 0.8936170212765957 1.8297872340425532 0.8723404255319149 2.0
54 2.1760840932117524 1.5319148936170213 2.4574468085106385 1.3404255319148937 2.74468085106383 1.3085106382978724 3.0
55 12.105110880510393 1.0212765957446808 1.6382978723404256 0.8936170212765957 1.8297872340425532 0.8723404255319149 2.0
56 37.85664657475229 1.0212765957446808 1.6382978723404256 0.8936170212765957 1.8297872340425532 0.8723404255319149 2.0
57 8.016352748329915 1.5319148936170213 2.4574468085106385 1.3404255319148937 2.74468085106383 1.3085106382978724 3.0
58 11.236214024071161 1.5319148936170213 2.4574468085106385 1.3404255319148937 2.74468085106383 1.3085106382978724 3.0
59 2.9316279362284203 1.5319148936170213 2.4574468085106385 1.3404255319148937 2.74468085106383 1.3085106382978724 3.0
60 3.544475959875474 1.5319148936170213 2.4574468085106385 1.3404255319148937 2.74468085106383 1.3085106382978724 3.0
61 13.0 1.5319148936170213 2.4574468085106385 1.3404255319148937 2.74468085106383 1.3085106382978724 3.0
62 7.807729095603752 1.5319148936170213 2.4574468085106385 1.3404255319148937 2.74468085106383 1.3085106382978724 3.0
63 13.837296949714446 1.0212765957446808 1.6382978723404256 0.8936170212765957 1.8297872340425532 0.8723404255319149 2.0
64 9.208333333333334 1.0212765957446808 1.6382978723404256 0.8936170212765957 1.8297872340425532 0.8723404255319149 2.0
65 4.598622237996779 1.0212765957446808 1.6382978723404256 0.8936170212765957 1.8297872340425532 0.8723404255319149 2.0
66 5.35082847737797 1.5319148936170213 2.4574468085106385 1.3404255319148937 2.74468085106383 1.3085106382978724 3.0
67 18.79545123644415 1.5319148936170213 2.4574468085106385 1.3404255319148937 2.74468085106383 1.3085106382978724 3.0
68 23.723257805694388 1.5319148936170213 2.4574468085106385 1.3404255319148937 2.74468085106383 1.3085106382978724 3.0
69 94.0 1.5319148936170213 2.4574468085106385 1.3404255319148937 2.74468085106383 1.3085106382978724 3.0
70 2.9018069461827283 1.5319148936170213 2.4574468085106385 1.3404255319148937 2.74468085106383 1.3085106382978724 3.0
71 77.0 1.0212765957446808 1.6382978723404256 0.8936170212765957 1.8297872340425532 0.8723404255319149 2.0
72 27.534882251318407 1.0212765957446808 1.6382978723404256 0.8936170212765957 1.8297872340425532 0.8723404255319149 2.0
73 2.7825440402653854 1.5319148936170213 2.4574468085106385 1.3404255319148937 2.74468085106383 1.3085106382978724 3.0
74 0.44466639685476417 1.5319148936170213 2.4574468085106385 1.3404255319148937 2.74468085106383 1.3085106382978724 3.0
75 38.070768729557656 1.0212765957446808 1.6382978723404256 0.8936170212765957 1.8297872340425532 0.8723404255319149 2.0
76 8.122701149425287 1.0212765957446808 1.6382978723404256 0.8936170212765957 1.8297872340425532 0.8723404255319149 2.0
77 0.9080427105246 1.5319148936170213 2.4574468085106385 1.3404255319148937 2.74468085106383 1.3085106382978724 3.0
78 17.439779009946953 1.0212765957446808 1.6382978723404256 0.8936170212765957 1.8297872340425532 0.8723404255319149 2.0
79 13.109611273080661 1.0212765957446808 1.6382978723404256 0.8936170212765957 1.8297872340425532 0.8723404255319149 2.0
80 19.002716921358427 1.0212765957446808 1.6382978723404256 0.8936170212765957 1.8297872340425532 0.8723404255319149 2.0
81 9.383141602740382 1.0212765957446808 1.6382978723404256 0.8936170212765957 1.8297872340425532 0.8723404255319149 2.0
82 11.558521778512366 1.5319148936170213 2.4574468085106385 1.3404255319148937 2.74468085106383 1.3085106382978724 3.0
83 12.231436810403375 1.0212765957446808 1.6382978723404256 0.8936170212765957 1.8297872340425532 0.8723404255319149 2.0
84 2.1858777747075617 1.0212765957446808 1.6382978723404256 0.8936170212765957 1.8297872340425532 0.8723404255319149 2.0
85 66.0 1.5319148936170213 2.4574468085106385 1.3404255319148937 2.74468085106383 1.3085106382978724 3.0
86 12.354427889419291 1.5319148936170213 2.4574468085106385 1.3404255319148937 2.74468085106383 1.3085106382978724 3.0
87 0.5146155173868389 1.5319148936170213 2.4574468085106385 1.3404255319148937 2.74468085106383 1.3085106382978724 3.0
88 3.3936275023582425 1.5319148936170213 2.4574468085106385 1.3404255319148937 2.74468085106383 1.3085106382978724 3.0
89 14.0 1.5319148936170213 2.4574468085106385 1.3404255319148937 2.74468085106383 1.3085106382978724 3.0
90 1.6246305418719214 1.0212765957446808 1.6382978723404256 0.8936170212765957 1.8297872340425532 0.8723404255319149 2.0
91 6.067236903075908 1.0212765957446808 1.6382978723404256 0.8936170212765957 1.8297872340425532 0.8723404255319149 2.0
92 13.860360564222232 1.0212765957446808 1.6382978723404256 0.8936170212765957 1.8297872340425532 0.8723404255319149 2.0
93 29.54510609335078 1.0212765957446808 1.6382978723404256 0.8936170212765957 1.8297872340425532 0.8723404255319149 2.0
94 25.551632777122993 1.5319148936170213 2.4574468085106385 1.3404255319148937 2.74468085106383 1.3085106382978724 3.0
95 1.8473916851269903 1.0212765957446808 1.6382978723404256 0.8936170212765957 1.8297872340425532 0.8723404255319149 2.0
96 101.0 1.5319148936170213 2.4574468085106385 1.3404255319148937 2.74468085106383 1.3085106382978724 3.0
97 4.85055340640447 1.5319148936170213 2.4574468085106385 1.3404255319148937 2.74468085106383 1.3085106382978724 3.0
98 94.0 1.5319148936170213 2.4574468085106385 1.3404255319148937 2.74468085106383 1.3085106382978724 3.0
99 10.780585536930722 1.5319148936170213 2.4574468085106385 1.3404255319148937 2.74468085106383 1.3085106382978724 3.0
100 27.143648293359167 1.5319148936170213 2.4574468085106385 1.3404255319148937 2.74468085106383 1.3085106382978724 3.0
101 2.6174603174603166 1.0212765957446808 1.6382978723404256 0.8936170212765957 1.8297872340425532 0.8723404255319149 2.0
102 1.3597334844503977 1.5319148936170213 2.4574468085106385 1.3404255319148937 2.74468085106383 1.3085106382978724 3.0
103 21.037696476964765 1.5319148936170213 2.4574468085106385 1.3404255319148937 2.74468085106383 1.3085106382978724 3.0
104 0.9738794040161635 1.0212765957446808 1.6382978723404256 0.8936170212765957 1.8297872340425532 0.8723404255319149 2.0
105 1.9458966565349538 1.5319148936170213 2.4574468085106385 1.3404255319148937 2.74468085106383 1.3085106382978724 3.0
106 0.2578250591016548 1.5319148936170213 2.4574468085106385 1.3404255319148937 2.74468085106383 1.3085106382978724 3.0
107 2.2379491966999563 1.5319148936170213 2.4574468085106385 1.3404255319148937 2.74468085106383 1.3085106382978724 3.0
108 5.243463327931414 1.5319148936170213 2.4574468085106385 1.3404255319148937 2.74468085106383 1.3085106382978724 3.0
109 12.681578730162421 1.5319148936170213 2.4574468085106385 1.3404255319148937 2.74468085106383 1.3085106382978724 3.0
110 28.433974687815702 1.0212765957446808 1.6382978723404256 0.8936170212765957 1.8297872340425532 0.8723404255319149 2.0
111 8.50680954590787 1.0212765957446808 1.6382978723404256 0.8936170212765957 1.8297872340425532 0.8723404255319149 2.0
112 1.8554964539007102 1.5319148936170213 2.4574468085106385 1.3404255319148937 2.74468085106383 1.3085106382978724 3.0
113 5.549641495148796 1.5319148936170213 2.4574468085106385 1.3404255319148937 2.74468085106383 1.3085106382978724 3.0
114 13.0 1.0212765957446808 1.6382978723404256 0.8936170212765957 1.8297872340425532 0.8723404255319149 2.0
115 2.966812017769465 1.5319148936170213 2.4574468085106385 1.3404255319148937 2.74468085106383 1.3085106382978724 3.0
116 12.41694311536417 1.0212765957446808 1.6382978723404256 0.8936170212765957 1.8297872340425532 0.8723404255319149 2.0
117 59.0 1.0212765957446808 1.6382978723404256 0.8936170212765957 1.8297872340425532 0.8723404255319149 2.0
118 6.301610792301888 1.5319148936170213 2.4574468085106385 1.3404255319148937 2.74468085106383 1.3085106382978724 3.0
119 7.4079900519347515 1.0212765957446808 1.6382978723404256 0.8936170212765957 1.8297872340425532 0.8723404255319149 2.0
120 1.4399188415466817 1.5319148936170213 2.4574468085106385 1.3404255319148937 2.74468085106383 1.3085106382978724 3.0
121 0.01291102514506768 1.0212765957446808 1.6382978723404256 0.8936170212765957 1.8297872340425532 0.8723404255319149 2.0
122 0.19393448159405682 1.0212765957446808 1.6382978723404256 0.8936170212765957 1.8297872340425532 0.8723404255319149 2.0
123 23.0 1.5319148936170213 2.4574468085106385 1.3404255319148937 2.74468085106383 1.3085106382978724 3.0
124 12.581780286582717 1.0212765957446808 1.6382978723404256 0.8936170212765957 1.8297872340425532 0.8723404255319149 2.0
125 3.4574745252796917 1.5319148936170213 2.4574468085106385 1.3404255319148937 2.74468085106383 1.3085106382978724 3.0
126 14.831354185609507 1.5319148936170213 2.4574468085106385 1.3404255319148937 2.74468085106383 1.3085106382978724 3.0
127 11.684999999999999 1.0212765957446808 1.6382978723404256 0.8936170212765957 1.8297872340425532 0.8723404255319149 2.0
128 54.0 1.5319148936170213 2.4574468085106385 1.3404255319148937 2.74468085106383 1.3085106382978724 3.0
129 7.743783494369898 1.0212765957446808 1.6382978723404256 0.8936170212765957 1.8297872340425532 0.8723404255319149 2.0
130 5.617440782509282 1.0212765957446808 1.6382978723404256 0.8936170212765957 1.8297872340425532 0.8723404255319149 2.0
131 28.223181945867466 1.5319148936170213 2.4574468085106385 1.3404255319148937 2.74468085106383 1.3085106382978724 3.0
132 92.0 1.0212765957446808 1.6382978723404256 0.8936170212765957 1.8297872340425532 0.8723404255319149 2.0
133 19.130278105163036 1.0212765957446808 1.6382978723404256 0.8936170212765957 1.8297872340425532 0.8723404255319149 2.0
134 6.286618075801749 1.0212765957446808 1.6382978723404256 0.8936170212765957 1.8297872340425532 0.8723404255319149 2.0
135 4.289339328951919 1.0212765957446808 1.6382978723404256 0.8936170212765957 1.8297872340425532 0.8723404255319149 2.0
136 4.787724675777427 1.5319148936170213 2.4574468085106385 1.3404255319148937 2.74468085106383 1.3085106382978724 3.0
137 8.651934223243172 1.5319148936170213 2.4574468085106385 1.3404255319148937 2.74468085106383 1.3085106382978724 3.0
138 4.700758583950072 1.5319148936170213 2.4574468085106385 1.3404255319148937 2.74468085106383 1.3085106382978724 3.0
139 10.012832128677594 1.5319148936170213 2.4574468085106385 1.3404255319148937 2.74468085106383 1.3085106382978724 3.0
140 14.95536007675066 1.5319148936170213 2.4574468085106385 1.3404255319148937 2.74468085106383 1.3085106382978724 3.0
141 2.4265191026276 1.5319148936170213 2.4574468085106385 1.3404255319148937 2.74468085106383 1.3085106382978724 3.0
142 3.2842105263157895 1.0212765957446808 1.6382978723404256 0.8936170212765957 1.8297872340425532 0.8723404255319149 2.0
143 1.7567587034813927 1.0212765957446808 1.6382978723404256 0.8936170212765957 1.8297872340425532 0.8723404255319149 2.0
144 1.4396705559368563 1.0212765957446808 1.6382978723404256 0.8936170212765957 1.8297872340425532 0.8723404255319149 2.0
145 15.095047619047621 1.0212765957446808 1.6382978723404256 0.8936170212765957 1.8297872340425532 0.8723404255319149 2.0
146 4.044589795547243 1.5319148936170213 2.4574468085106385 1.3404255319148937 2.74468085106383 1.3085106382978724 3.0
147 0.7864504776269481 1.5319148936170213 2.4574468085106385 1.3404255319148937 2.74468085106383 1.3085106382978724 3.0
148 16.87728937728938 1.0212765957446808 1.6382978723404256 0.8936170212765957 1.8297872340425532 0.8723404255319149 2.0
149 12.746158125124694 1.0212765957446808 1.6382978723404256 0.8936170212765957 1.8297872340425532 0.8723404255319149 2.0
150 8.265922321457841 1.5319148936170213 2.4574468085106385 1.3404255319148937 2.74468085106383 1.3085106382978724 3.0
151 4.5689059818456235 1.5319148936170213 2.4574468085106385 1.3404255319148937 2.74468085106383 1.3085106382978724 3.0
152 9.940455280781475 1.0212765957446808 1.6382978723404256 0.8936170212765957 1.8297872340425532 0.8723404255319149 2.0
153 7.222420184760612 1.0212765957446808 1.6382978723404256 0.8936170212765957 1.8297872340425532 0.8723404255319149 2.0
154 1.7330094299556127 1.0212765957446808 1.6382978723404256 0.8936170212765957 1.8297872340425532 0.8723404255319149 2.0
155 38.0 1.5319148936170213 2.4574468085106385 1.3404255319148937 2.74468085106383 1.3085106382978724 3.0
156 99.0 1.5319148936170213 2.4574468085106385 1.3404255319148937 2.74468085106383 1.3085106382978724 3.0
157 10.80808616696729 1.5319148936170213 2.4574468085106385 1.3404255319148937 2.74468085106383 1.3085106382978724 3.0
158 19.40253268527727 1.0212765957446808 1.6382978723404256 0.8936170212765957 1.8297872340425532 0.8723404255319149 2.0
159 1.5275252525252525 1.0212765957446808 1.6382978723404256 0.8936170212765957 1.8297872340425532 0.8723404255319149 2.0
160 4.849563630733844 1.5319148936170213 2.4574468085106385 1.3404255319148937 2.74468085106383 1.3085106382978724 3.0
161 33.79519584706404 1.5319148936170213 2.4574468085106385 1.3404255319148937 2.74468085106383 1.3085106382978724 3.0
162 13.0 1.5319148936170213 2.4574468085106385 1.3404255319148937 2.74468085106383 1.3085106382978724 3.0
163 1.6543731778425663 1.5319148936170213 2.4574468085106385 1.3404255319148937 2.74468085106383 1.3085106382978724 3.0
164 2.1092035698530665 1.5319148936170213 2.4574468085106385 1.3404255319148937 2.74468085106383 1.3085106382978724 3.0
165 0.1328623757195185 1.5319148936170213 2.4574468085106385 1.3404255319148937 2.74468085106383 1.3085106382978724 3.0
166 7.667758443625439 1.0212765957446808 1.6382978723404256 0.8936170212765957 1.8297872340425532 0.8723404255319149 2.0
167 4.435970473295701 1.5319148936170213 2.4574468085106385 1.3404255319148937 2.74468085106383 1.3085106382978724 3.0
168 0.32109521391428575 1.0212765957446808 1.6382978723404256 0.8936170212765957 1.8297872340425532 0.8723404255319149 2.0
169 1.2991484537077242 1.5319148936170213 2.4574468085106385 1.3404255319148937 2.74468085106383 1.3085106382978724 3.0
170 13.432832537270226 1.5319148936170213 2.4574468085106385 1.3404255319148937 2.74468085106383 1.3085106382978724 3.0
171 13.482586933161402 1.5319148936170213 2.4574468085106385 1.3404255319148937 2.74468085106383 1.3085106382978724 3.0
172 1.755809244190398 1.5319148936170213 2.4574468085106385 1.3404255319148937 2.74468085106383 1.3085106382978724 3.0
173 34.587920861856105 1.5319148936170213 2.4574468085106385 1.3404255319148937 2.74468085106383 1.3085106382978724 3.0
174 13.17785757697572 1.5319148936170213 2.4574468085106385 1.3404255319148937 2.74468085106383 1.3085106382978724 3.0
175 3.1258449641490254 1.5319148936170213 2.4574468085106385 1.3404255319148937 2.74468085106383 1.3085106382978724 3.0
176 95.0 1.5319148936170213 2.4574468085106385 1.3404255319148937 2.74468085106383 1.3085106382978724 3.0
177 20.0 1.5319148936170213 2.4574468085106385 1.3404255319148937 2.74468085106383 1.3085106382978724 3.0
178 19.5140124650763 1.5319148936170213 2.4574468085106385 1.3404255319148937 2.74468085106383 1.3085106382978724 3.0
179 3.6348159592814495 1.5319148936170213 2.4574468085106385 1.3404255319148937 2.74468085106383 1.3085106382978724 3.0
180 0.7942267713089234 1.5319148936170213 2.4574468085106385 1.3404255319148937 2.74468085106383 1.3085106382978724 3.0
181 24.262291106304264 1.5319148936170213 2.4574468085106385 1.3404255319148937 2.74468085106383 1.3085106382978724 3.0
182 7.004876349703937 1.0212765957446808 1.6382978723404256 0.8936170212765957 1.8297872340425532 0.8723404255319149 2.0
183 12.976297411245937 1.5319148936170213 2.4574468085106385 1.3404255319148937 2.74468085106383 1.3085106382978724 3.0
184 25.20980102975177 1.0212765957446808 1.6382978723404256 0.8936170212765957 1.8297872340425532 0.8723404255319149 2.0
185 6.214718614718613 1.0212765957446808 1.6382978723404256 0.8936170212765957 1.8297872340425532 0.8723404255319149 2.0
186 3.1911764705882355 1.0212765957446808 1.6382978723404256 0.8936170212765957 1.8297872340425532 0.8723404255319149 2.0
187 14.830479877128814 1.0212765957446808 1.6382978723404256 0.8936170212765957 1.8297872340425532 0.8723404255319149 2.0
188 2.5763022743947173 1.0212765957446808 1.6382978723404256 0.8936170212765957 1.8297872340425532 0.8723404255319149 2.0
189 4.273499800946609 1.0212765957446808 1.6382978723404256 0.8936170212765957 1.8297872340425532 0.8723404255319149 2.0
190 2.625825652841782 1.0212765957446808 1.6382978723404256 0.8936170212765957 1.8297872340425532 0.8723404255319149 2.0
191 18.08745729402872 1.0212765957446808 1.6382978723404256 0.8936170212765957 1.8297872340425532 0.8723404255319149 2.0
192 10.86526308536321 1.0212765957446808 1.6382978723404256 0.8936170212765957 1.8297872340425532 0.8723404255319149 2.0
193 8.754446702693237 1.5319148936170213 2.4574468085106385 1.3404255319148937 2.74468085106383 1.3085106382978724 3.0
194 9.60428067899282 1.5319148936170213 2.4574468085106385 1.3404255319148937 2.74468085106383 1.3085106382978724 3.0
195 1.3975702337672653 1.5319148936170213 2.4574468085106385 1.3404255319148937 2.74468085106383 1.3085106382978724 3.0
196 2.1104556108157526 1.5319148936170213 2.4574468085106385 1.3404255319148937 2.74468085106383 1.3085106382978724 3.0
197 0.7579193819861035 1.5319148936170213 2.4574468085106385 1.3404255319148937 2.74468085106383 1.3085106382978724 3.0
198 32.5352335776616 1.0212765957446808 1.6382978723404256 0.8936170212765957 1.8297872340425532 0.8723404255319149 2.0
199 6.499999999999999 1.0212765957446808 1.6382978723404256 0.8936170212765957 1.8297872340425532 0.8723404255319149 2.0
