100 4
TREE NETWORK (nID nID Weight):
21 0 42
23 21 50
2 21 58
74 23 36
49 21 44
76 2 57
6 21 51
44 21 51
45 49 51
20 23 54
94 0 40
61 49 59
59 44 31
31 6 57
13 6 38
8 49 37
57 59 33
5 31 56
52 94 51
64 5 41
12 21 59
71 59 54
50 20 33
98 13 42
69 61 57
35 5 59
15 74 49
16 8 43
85 49 44
33 52 56
84 21 47
56 98 32
67 6 42
96 56 48
86 64 48
65 2 59
17 65 56
58 94 54
26 56 39
3 45 43
37 64 52
18 12 59
79 16 36
22 18 44
39 58 56
88 0 50
40 57 37
11 13 47
68 31 33
75 79 35
14 12 39
9 45 57
89 79 46
51 12 56
54 85 35
91 59 58
1 86 36
24 69 53
30 49 50
66 11 40
47 3 32
95 24 39
25 26 39
29 22 48
81 95 39
36 88 45
27 71 31
4 1 31
78 45 53
60 52 42
42 23 56
63 3 58
72 3 47
19 52 33
73 30 43
46 42 48
48 95 30
80 69 45
93 73 40
43 54 38
92 23 31
34 30 50
70 23 38
62 23 49
7 44 56
77 26 36
83 16 39
41 93 46
97 6 57
82 35 54
38 43 35
90 12 46
10 34 52
87 15 57
99 41 35
32 0 38
53 95 51
28 67 56
55 46 38
PROGRAMS ASSIGNED TO NODES (nID pID1 pID2 ...):
0 1 2 3 4
1 1 2
4 1 2 3
5 1 2
6 4
7 1 2 3
8 1 3 4
9 1 3 4
10 2 3 4
12 2 4
14 2 4
15 2 4
17 2
18 3
19 3 4
22 2
23 2 3
24 1 3 4
25 3
26 1
27 1 2 3
28 3
29 3 4
30 2 3 4
31 3
33 1 3 4
35 2 4
36 1 2
37 2 3 4
38 1 2 3
40 4
41 2
42 2 3
43 1 2
45 2
46 1 3 4
47 3
48 1 3 4
50 1 2 4
51 1 2
53 3
54 1 3 4
55 1
56 1 4
57 1 2 4
58 4
59 2 4
60 3
61 1 4
62 1 3 4
63 3
64 1 4
65 2 4
67 1
68 1 2 4
69 4
73 2
74 4
75 4
76 1 2 3
77 2 3 4
78 1 3 4
79 3 4
81 2 3 4
82 1 2 4
84 1 2
86 1 2
87 1 2 4
89 2 3 4
90 1 3
91 1 2
93 4
94 1 2 3
95 1 3 4
97 1 2 3
98 2
SIZE OF PROGRAMS (pID SIZE):
1 99.0
2 67.0
3 98.0
4 42.0
COST TO INSTALL SERVERS AND PROGRAMS ON NODES (COST_TO_INSTALL_SERVER COST_TO_INSTALL_pID1 ...):
0 1618.1818181818182 2.0 1.3535353535353536 1.97979797979798 0.8484848484848485
1 20.848244355508566 2.0 1.3535353535353536 1.97979797979798 0.8484848484848485
2 5.741782355575458 2.0 1.3535353535353536 1.97979797979798 0.8484848484848485
3 0.5791547485801932 3.0 2.0303030303030303 2.9696969696969697 1.2727272727272727
4 34.50705584772316 3.0 2.0303030303030303 2.9696969696969697 1.2727272727272727
5 7.422846889952153 3.0 2.0303030303030303 2.9696969696969697 1.2727272727272727
6 2.809090909090909 3.0 2.0303030303030303 2.9696969696969697 1.2727272727272727
7 2.8617647058823525 3.0 2.0303030303030303 2.9696969696969697 1.2727272727272727
8 4.8986135486135485 2.0 1.3535353535353536 1.97979797979798 0.8484848484848485
9 10.845258031442242 3.0 2.0303030303030303 2.9696969696969697 1.2727272727272727
10 15.05525774225774 2.0 1.3535353535353536 1.97979797979798 0.8484848484848485
11 60.0 3.0 2.0303030303030303 2.9696969696969697 1.2727272727272727
12 4.403235747303544 2.0 1.3535353535353536 1.97979797979798 0.8484848484848485
13 6.032809295967191 3.0 2.0303030303030303 2.9696969696969697 1.2727272727272727
14 0.39345372141982315 3.0 2.0303030303030303 2.9696969696969697 1.2727272727272727
15 4.491209235209235 3.0 2.0303030303030303 2.9696969696969697 1.2727272727272727
16 8.261362616013777 3.0 2.0303030303030303 2.9696969696969697 1.2727272727272727
17 1.831277562297434 3.0 2.0303030303030303 2.9696969696969697 1.2727272727272727
18 0.567279330838653 3.0 2.0303030303030303 2.9696969696969697 1.2727272727272727
19 5.87208358090711 2.0 1.3535353535353536 1.97979797979798 0.8484848484848485
20 5.2573275613275605 2.0 1.3535353535353536 1.97979797979798 0.8484848484848485
21 0.3311688311688312 2.0 1.3535353535353536 1.97979797979798 0.8484848484848485
22 1.2468247853841077 2.0 1.3535353535353536 1.97979797979798 0.8484848484848485
23 0.4132987012987013 3.0 2.0303030303030303 2.9696969696969697 1.2727272727272727
24 10.647989551895261 3.0 2.0303030303030303 2.9696969696969697 1.2727272727272727
25 1.5275525708381748 2.0 1.3535353535353536 1.97979797979798 0.8484848484848485
26 33.08398805142225 3.0 2.0303030303030303 2.9696969696969697 1.2727272727272727
27 16.829999096412756 2.0 1.3535353535353536 1.97979797979798 0.8484848484848485
28 3.2211229946524074 3.0 2.0303030303030303 2.9696969696969697 1.2727272727272727
29 4.305234548878618 3.0 2.0303030303030303 2.9696969696969697 1.2727272727272727
30 5.754779220779221 2.0 1.3535353535353536 1.97979797979798 0.8484848484848485
31 1.2472317156527684 2.0 1.3535353535353536 1.97979797979798 0.8484848484848485
32 35.0 2.0 1.3535353535353536 1.97979797979798 0.8484848484848485
33 3.535297088532383 2.0 1.3535353535353536 1.97979797979798 0.8484848484848485
34 1.37312987012987 2.0 1.3535353535353536 1.97979797979798 0.8484848484848485
35 1.3616614272016487 3.0 2.0303030303030303 2.9696969696969697 1.2727272727272727
36 0.8573872053872053 3.0 2.0303030303030303 2.9696969696969697 1.2727272727272727
37 1.907222492262702 3.0 2.0303030303030303 2.9696969696969697 1.2727272727272727
38 3.2318796992481205 3.0 2.0303030303030303 2.9696969696969697 1.2727272727272727
39 48.0 3.0 2.0303030303030303 2.9696969696969697 1.2727272727272727
40 2.84264740849181 2.0 1.3535353535353536 1.97979797979798 0.8484848484848485
41 4.676454773066502 2.0 1.3535353535353536 1.97979797979798 0.8484848484848485
42 1.2688181818181814 2.0 1.3535353535353536 1.97979797979798 0.8484848484848485
43 8.67157894736842 3.0 2.0303030303030303 2.9696969696969697 1.2727272727272727
44 3.611688311688312 3.0 2.0303030303030303 2.9696969696969697 1.2727272727272727
45 9.84090909090909 2.0 1.3535353535353536 1.97979797979798 0.8484848484848485
46 8.9335303030303 2.0 1.3535353535353536 1.97979797979798 0.8484848484848485
47 0.8854047485801932 3.0 2.0303030303030303 2.9696969696969697 1.2727272727272727
48 11.599751525220235 2.0 1.3535353535353536 1.97979797979798 0.8484848484848485
49 4.470779220779222 3.0 2.0303030303030303 2.9696969696969697 1.2727272727272727
50 1.2964232804232807 3.0 2.0303030303030303 2.9696969696969697 1.2727272727272727
51 0.6376690635165212 2.0 1.3535353535353536 1.97979797979798 0.8484848484848485
52 3.499795008912657 2.0 1.3535353535353536 1.97979797979798 0.8484848484848485
53 1.1254670029720746 3.0 2.0303030303030303 2.9696969696969697 1.2727272727272727
54 18.598441558441557 3.0 2.0303030303030303 2.9696969696969697 1.2727272727272727
55 0.8772763157894737 2.0 1.3535353535353536 1.97979797979798 0.8484848484848485
56 9.60142259056733 2.0 1.3535353535353536 1.97979797979798 0.8484848484848485
57 5.509171410499683 3.0 2.0303030303030303 2.9696969696969697 1.2727272727272727
58 0.05550505050505053 3.0 2.0303030303030303 2.9696969696969697 1.2727272727272727
59 5.092459153749476 2.0 1.3535353535353536 1.97979797979798 0.8484848484848485
60 0.3735204991087344 3.0 2.0303030303030303 2.9696969696969697 1.2727272727272727
61 9.138575830948712 3.0 2.0303030303030303 2.9696969696969697 1.2727272727272727
62 8.941782725211297 2.0 1.3535353535353536 1.97979797979798 0.8484848484848485
63 5.08266098886883 2.0 1.3535353535353536 1.97979797979798 0.8484848484848485
64 17.780012253471813 2.0 1.3535353535353536 1.97979797979798 0.8484848484848485
65 3.158655829959161 2.0 1.3535353535353536 1.97979797979798 0.8484848484848485
66 85.0 3.0 2.0303030303030303 2.9696969696969697 1.2727272727272727
67 5.576733723792548 3.0 2.0303030303030303 2.9696969696969697 1.2727272727272727
68 10.777944862155387 3.0 2.0303030303030303 2.9696969696969697 1.2727272727272727
69 7.761197099065072 3.0 2.0303030303030303 2.9696969696969697 1.2727272727272727
70 41.0 3.0 2.0303030303030303 2.9696969696969697 1.2727272727272727
71 14.33712237583205 3.0 2.0303030303030303 2.9696969696969697 1.2727272727272727
72 36.0 3.0 2.0303030303030303 2.9696969696969697 1.2727272727272727
73 0.7585374341420853 2.0 1.3535353535353536 1.97979797979798 0.8484848484848485
74 3.005494949494949 3.0 2.0303030303030303 2.9696969696969697 1.2727272727272727
75 0.5584606593908921 2.0 1.3535353535353536 1.97979797979798 0.8484848484848485
76 2.6141560798548094 3.0 2.0303030303030303 2.9696969696969697 1.2727272727272727
77 3.2707958933481383 2.0 1.3535353535353536 1.97979797979798 0.8484848484848485
78 7.84534716116292 3.0 2.0303030303030303 2.9696969696969697 1.2727272727272727
79 16.591097039352853 3.0 2.0303030303030303 2.9696969696969697 1.2727272727272727
80 55.0 2.0 1.3535353535353536 1.97979797979798 0.8484848484848485
81 2.502148812677232 3.0 2.0303030303030303 2.9696969696969697 1.2727272727272727
82 1.7468466123868334 3.0 2.0303030303030303 2.9696969696969697 1.2727272727272727
83 32.0 3.0 2.0303030303030303 2.9696969696969697 1.2727272727272727
84 1.7899962134004685 2.0 1.3535353535353536 1.97979797979798 0.8484848484848485
85 10.729870129870129 3.0 2.0303030303030303 2.9696969696969697 1.2727272727272727
86 16.448244355508567 2.0 1.3535353535353536 1.97979797979798 0.8484848484848485
87 15.794835400188784 2.0 1.3535353535353536 1.97979797979798 0.8484848484848485
88 96.0 3.0 2.0303030303030303 2.9696969696969697 1.2727272727272727
89 20.416097039352852 3.0 2.0303030303030303 2.9696969696969697 1.2727272727272727
90 2.748360752487503 3.0 2.0303030303030303 2.9696969696969697 1.2727272727272727
91 1.2070655234824574 2.0 1.3535353535353536 1.97979797979798 0.8484848484848485
92 57.0 3.0 2.0303030303030303 2.9696969696969697 1.2727272727272727
93 4.4678288812823705 2.0 1.3535353535353536 1.97979797979798 0.8484848484848485
94 64.0 3.0 2.0303030303030303 2.9696969696969697 1.2727272727272727
95 8.742639884983312 3.0 2.0303030303030303 2.9696969696969697 1.2727272727272727
96 64.0 2.0 1.3535353535353536 1.97979797979798 0.8484848484848485
97 6.456258292790799 2.0 1.3535353535353536 1.97979797979798 0.8484848484848485
98 1.9351332877648666 3.0 2.0303030303030303 2.9696969696969697 1.2727272727272727
99 30.0 2.0 1.3535353535353536 1.97979797979798 0.8484848484848485
