200 2
TREE NETWORK (nID nID Weight):
105 0 48
98 105 52
127 105 57
160 98 32
175 160 50
75 98 36
141 98 30
120 160 35
189 0 41
103 175 37
28 189 35
122 120 53
96 120 38
151 160 34
115 98 59
112 105 33
60 96 55
184 105 51
145 60 53
10 105 56
48 60 58
90 103 50
9 90 41
92 184 44
74 0 47
13 145 54
63 98 37
30 105 45
12 0 41
186 90 56
49 175 38
89 103 35
109 98 54
156 0 46
100 98 50
97 105 31
32 30 31
95 127 56
43 184 35
128 28 58
171 184 47
40 141 33
61 128 30
161 189 55
44 32 43
162 95 49
166 189 44
131 30 52
104 95 49
117 97 40
170 95 52
38 95 56
155 166 43
14 98 44
152 162 41
199 120 42
83 161 49
124 32 50
173 9 40
57 189 56
4 10 55
91 48 47
35 109 38
18 124 57
138 161 44
118 120 36
192 35 54
45 75 51
154 184 46
108 0 31
86 90 41
6 166 46
82 156 33
59 91 54
2 156 30
65 35 44
150 90 41
157 138 44
116 141 51
26 38 44
107 151 40
20 141 49
36 2 53
172 162 57
16 117 47
22 0 38
68 109 56
76 100 33
41 160 52
99 155 36
11 83 38
176 115 45
179 14 37
198 10 57
94 22 53
79 115 44
123 63 56
88 59 40
196 160 45
34 128 40
27 45 34
70 90 38
102 100 50
193 10 47
159 76 36
39 112 45
93 156 47
64 166 48
146 176 56
55 176 52
195 171 54
51 105 50
25 179 33
81 20 54
71 63 34
168 4 43
7 103 37
8 22 32
174 116 35
132 70 43
23 89 34
167 45 41
139 65 30
110 118 34
142 36 47
144 12 47
73 112 35
187 43 52
66 123 49
17 110 58
21 7 32
50 40 44
47 12 50
137 88 54
125 172 34
149 9 48
191 73 48
72 79 38
106 39 51
194 63 49
136 152 56
158 20 42
188 162 45
197 55 52
5 175 56
101 188 47
24 99 41
80 17 39
1 61 31
163 41 52
46 93 44
54 48 47
134 71 38
113 166 45
147 137 52
3 108 40
37 127 59
169 106 38
29 144 32
15 154 31
62 97 43
111 88 56
52 35 40
85 83 54
58 29 54
135 198 39
165 127 42
143 27 54
180 165 35
119 195 37
130 59 38
182 170 53
87 146 39
153 106 32
78 173 51
140 189 47
42 156 42
126 21 51
33 65 46
148 66 42
181 33 47
129 38 30
133 58 37
84 172 44
56 89 42
121 37 42
69 63 31
177 26 33
114 12 35
77 54 36
178 109 47
31 9 45
164 30 36
190 136 37
53 163 36
185 85 34
67 75 58
19 27 57
183 105 35
PROGRAMS ASSIGNED TO NODES (nID pID1 pID2 ...):
0 1 2
5 1
9 1
12 1
14 2
16 2
17 2
18 1
21 2
22 1
24 1
26 2
28 2
29 1
34 2
39 1
41 1
42 1
43 2
44 2
46 2
47 2
49 2
52 1
53 2
54 2
55 1
60 1
61 2
64 2
66 1
68 2
70 1
71 2
72 2
75 2
77 2
78 2
79 2
81 2
82 1
83 1
85 1
86 2
87 1
89 2
90 1
93 2
94 2
95 2
97 1
98 1
99 1
103 1
104 1
106 1
107 1
108 2
110 1
111 2
115 2
116 2
121 2
123 2
124 2
126 2
128 2
130 2
132 2
136 1
140 2
141 1
146 1
152 2
153 2
156 1
160 2
161 2
164 1
166 1
168 1
169 2
171 2
172 1
173 1
174 1
175 2
177 1
181 1
183 1
186 1
187 1
189 1
190 1
193 2
194 1
197 1
199 2
SIZE OF PROGRAMS (pID SIZE):
1 49.0
2 81.0
COST TO INSTALL SERVERS AND PROGRAMS ON NODES (COST_TO_INSTALL_SERVER COST_TO_INSTALL_pID1 ...):
0 1481.4814814814815 1.8148148148148149 3.0
1 31.0 1.8148148148148149 3.0
2 42.0 1.2098765432098766 2.0
3 39.0 1.8148148148148149 3.0
4 0.9461195286195285 1.2098765432098766 2.0
5 2.483708689458689 1.2098765432098766 2.0
6 99.0 1.2098765432098766 2.0
7 5.264892411642411 1.8148148148148149 3.0
8 62.0 1.2098765432098766 2.0
9 7.080780953717945 1.8148148148148149 3.0
10 0.16479276895943515 1.8148148148148149 3.0
11 94.0 1.2098765432098766 2.0
12 64.0 1.2098765432098766 2.0
13 94.0 1.2098765432098766 2.0
14 0.20861013986013985 1.8148148148148149 3.0
15 16.0 1.8148148148148149 3.0
16 3.02928448867536 1.8148148148148149 3.0
17 1.1119632687292424 1.8148148148148149 3.0
18 2.2291210149028484 1.8148148148148149 3.0
19 23.0 1.8148148148148149 3.0
20 0.5598253532182104 1.2098765432098766 2.0
21 1.230607068607069 1.2098765432098766 2.0
22 0.5363872644574399 1.8148148148148149 3.0
23 12.0 1.8148148148148149 3.0
24 0.41897114460926144 1.8148148148148149 3.0
25 100.0 1.2098765432098766 2.0
26 7.18869687546588 1.2098765432098766 2.0
27 64.0 1.2098765432098766 2.0
28 0.22898954703832752 1.2098765432098766 2.0
29 1.1724661967364356 1.8148148148148149 3.0
30 1.8302983539094648 1.2098765432098766 2.0
31 74.0 1.8148148148148149 3.0
32 3.814899442453205 1.8148148148148149 3.0
33 3.0773995973938764 1.2098765432098766 2.0
34 2.826868316712724 1.8148148148148149 3.0
35 0.23452073024441447 1.8148148148148149 3.0
36 45.0 1.2098765432098766 2.0
37 0.8888603925066906 1.8148148148148149 3.0
38 2.782873464525511 1.2098765432098766 2.0
39 0.4721801346801348 1.8148148148148149 3.0
40 26.0 1.2098765432098766 2.0
41 6.563400205761317 1.2098765432098766 2.0
42 0.10220075147611381 1.2098765432098766 2.0
43 3.1868982778296497 1.8148148148148149 3.0
44 3.5904744936234056 1.2098765432098766 2.0
45 109.0 1.2098765432098766 2.0
46 0.3325182911445631 1.2098765432098766 2.0
47 0.9573658536585365 1.2098765432098766 2.0
48 6.054951579726988 1.8148148148148149 3.0
49 4.5168127530364375 1.2098765432098766 2.0
50 62.0 1.2098765432098766 2.0
51 46.0 1.2098765432098766 2.0
52 0.35702073024441444 1.8148148148148149 3.0
53 4.8850961538461535 1.8148148148148149 3.0
54 7.0889941329184785 1.8148148148148149 3.0
55 0.3614969538204001 1.2098765432098766 2.0
56 31.0 1.2098765432098766 2.0
57 92.0 1.2098765432098766 2.0
58 44.0 1.8148148148148149 3.0
59 1.33149902215308 1.8148148148148149 3.0
60 6.047163732141802 1.8148148148148149 3.0
61 3.8318683167127237 1.2098765432098766 2.0
62 20.0 1.8148148148148149 3.0
63 0.3907032032032032 1.8148148148148149 3.0
64 2.102411308203991 1.2098765432098766 2.0
65 2.4382691626112676 1.2098765432098766 2.0
66 0.3952588806755474 1.2098765432098766 2.0
67 56.0 1.8148148148148149 3.0
68 1.914972527472527 1.8148148148148149 3.0
69 19.0 1.8148148148148149 3.0
70 1.6590584663610977 1.8148148148148149 3.0
71 0.5816734438057968 1.2098765432098766 2.0
72 0.5590561701902023 1.8148148148148149 3.0
73 102.0 1.8148148148148149 3.0
74 96.0 1.8148148148148149 3.0
75 1.4971153846153844 1.8148148148148149 3.0
76 55.0 1.2098765432098766 2.0
77 9.038994132918479 1.2098765432098766 2.0
78 1.3794476547096708 1.8148148148148149 3.0
79 0.34589827545336016 1.8148148148148149 3.0
80 51.0 1.8148148148148149 3.0
81 4.258952119309261 1.2098765432098766 2.0
82 0.13401893329429565 1.2098765432098766 2.0
83 0.1271216227313788 1.8148148148148149 3.0
84 76.0 1.8148148148148149 3.0
85 0.2783561906326134 1.2098765432098766 2.0
86 6.708744751787434 1.2098765432098766 2.0
87 2.882443261383939 1.2098765432098766 2.0
88 9.203994132918478 1.8148148148148149 3.0
89 0.8899917211167212 1.8148148148148149 3.0
90 1.3169532032032034 1.8148148148148149 3.0
91 1.2814990221530798 1.2098765432098766 2.0
92 70.0 1.2098765432098766 2.0
93 0.890564292321924 1.2098765432098766 2.0
94 0.1659880834160874 1.2098765432098766 2.0
95 0.41005871159379925 1.2098765432098766 2.0
96 10.117159604257557 1.2098765432098766 2.0
97 1.5998689101287666 1.2098765432098766 2.0
98 1.5321502057613166 1.2098765432098766 2.0
99 0.35995277664780406 1.2098765432098766 2.0
100 85.0 1.8148148148148149 3.0
101 76.0 1.8148148148148149 3.0
102 45.0 1.8148148148148149 3.0
103 1.0569532032032034 1.8148148148148149 3.0
104 1.5273635477582845 1.2098765432098766 2.0
105 0.6854423868312751 1.2098765432098766 2.0
106 3.84616233137475 1.2098765432098766 2.0
107 2.9704145718116304 1.2098765432098766 2.0
108 101.0 1.8148148148148149 3.0
109 2.147376543209876 1.8148148148148149 3.0
110 7.4576159784901614 1.2098765432098766 2.0
111 10.07185127577562 1.8148148148148149 3.0
112 0.3437850729517396 1.2098765432098766 2.0
113 109.0 1.2098765432098766 2.0
114 86.0 1.8148148148148149 3.0
115 1.8208002022738365 1.2098765432098766 2.0
116 5.578168119099492 1.8148148148148149 3.0
117 0.33254032258064514 1.8148148148148149 3.0
118 10.262871105232215 1.2098765432098766 2.0
119 65.0 1.8148148148148149 3.0
120 4.235938418577308 1.2098765432098766 2.0
121 0.341000541608258 1.8148148148148149 3.0
122 27.0 1.2098765432098766 2.0
123 0.7833398875065543 1.2098765432098766 2.0
124 3.282914177618479 1.8148148148148149 3.0
125 25.0 1.8148148148148149 3.0
126 1.2894305980188334 1.8148148148148149 3.0
127 0.07549545159194265 1.8148148148148149 3.0
128 2.211868316712724 1.2098765432098766 2.0
129 104.0 1.8148148148148149 3.0
130 9.86794150133953 1.2098765432098766 2.0
131 67.0 1.8148148148148149 3.0
132 1.3220931374482479 1.2098765432098766 2.0
133 30.0 1.8148148148148149 3.0
134 19.0 1.8148148148148149 3.0
135 69.0 1.8148148148148149 3.0
136 0.4615727864149986 1.2098765432098766 2.0
137 93.0 1.8148148148148149 3.0
138 77.0 1.8148148148148149 3.0
139 80.0 1.2098765432098766 2.0
140 0.169901401141671 1.2098765432098766 2.0
141 3.6239197530864202 1.8148148148148149 3.0
142 41.0 1.2098765432098766 2.0
143 56.0 1.2098765432098766 2.0
144 0.6166791596993983 1.2098765432098766 2.0
145 56.0 1.2098765432098766 2.0
146 1.7656341445748225 1.8148148148148149 3.0
147 76.0 1.8148148148148149 3.0
148 53.0 1.8148148148148149 3.0
149 65.0 1.8148148148148149 3.0
150 86.0 1.2098765432098766 2.0
151 2.2354145718116305 1.2098765432098766 2.0
152 6.378238695040608 1.8148148148148149 3.0
153 4.23691844919786 1.8148148148148149 3.0
154 37.0 1.8148148148148149 3.0
155 0.9800870302571947 1.8148148148148149 3.0
156 97.0 1.8148148148148149 3.0
157 102.0 1.8148148148148149 3.0
158 82.0 1.8148148148148149 3.0
159 94.0 1.8148148148148149 3.0
160 4.646733539094649 1.2098765432098766 2.0
161 0.3118064109934028 1.8148148148148149 3.0
162 2.926580947518709 1.2098765432098766 2.0
163 0.5891826923076924 1.8148148148148149 3.0
164 1.356574074074074 1.2098765432098766 2.0
165 16.0 1.8148148148148149 3.0
166 0.5678670170540088 1.8148148148148149 3.0
167 92.0 1.8148148148148149 3.0
168 1.6298404588520865 1.2098765432098766 2.0
169 0.7661859696031522 1.2098765432098766 2.0
170 78.0 1.2098765432098766 2.0
171 1.1994837296620775 1.8148148148148149 3.0
172 2.0431530214424947 1.2098765432098766 2.0
173 9.184587538080084 1.2098765432098766 2.0
174 2.8484292776939832 1.2098765432098766 2.0
175 0.7056018518518519 1.8148148148148149 3.0
176 0.2672661845896309 1.2098765432098766 2.0
177 0.5019090761415324 1.2098765432098766 2.0
178 84.0 1.2098765432098766 2.0
179 38.0 1.8148148148148149 3.0
180 94.0 1.8148148148148149 3.0
181 3.3399685493245306 1.8148148148148149 3.0
182 79.0 1.8148148148148149 3.0
183 0.06060185185185185 1.8148148148148149 3.0
184 0.8872397724521905 1.2098765432098766 2.0
185 37.0 1.2098765432098766 2.0
186 0.6443838806755473 1.2098765432098766 2.0
187 0.3114048796156639 1.2098765432098766 2.0
188 31.0 1.2098765432098766 2.0
189 53.0 1.2098765432098766 2.0
190 0.5940052188474311 1.2098765432098766 2.0
191 97.0 1.2098765432098766 2.0
192 27.0 1.8148148148148149 3.0
193 1.1143996960486322 1.8148148148148149 3.0
194 0.24726505351505354 1.8148148148148149 3.0
195 48.0 1.8148148148148149 3.0
196 70.0 1.8148148148148149 3.0
197 2.371403375344053 1.8148148148148149 3.0
198 35.0 1.8148148148148149 3.0
199 0.7019299450549451 1.8148148148148149 3.0
