300 3
TREE NETWORK (nID nID Weight):
232 0 55
212 232 31
250 212 58
88 0 45
3 0 52
291 212 45
87 0 58
166 3 31
287 250 47
183 88 37
125 250 47
274 291 50
282 125 43
2 0 42
66 2 42
294 88 35
61 3 55
13 61 56
22 87 58
136 250 56
26 66 47
33 232 38
205 0 35
110 125 59
92 205 36
64 92 58
101 87 49
74 274 57
50 101 58
292 212 53
85 250 43
280 136 56
67 13 58
18 101 48
97 33 49
234 232 36
78 101 54
62 2 47
283 74 48
71 294 47
157 67 42
251 13 58
115 291 59
129 101 54
228 66 58
192 22 46
149 125 40
240 183 49
79 62 53
72 251 50
55 234 41
32 67 53
189 110 33
108 183 53
201 274 53
239 72 51
265 33 42
103 265 36
138 205 57
52 13 39
42 13 35
150 108 58
195 240 59
151 291 46
104 3 56
53 125 30
131 22 34
37 183 38
277 62 52
164 53 49
116 37 39
155 2 39
235 201 40
11 149 30
41 151 47
27 42 53
70 18 59
75 291 46
233 136 42
266 62 54
132 64 47
272 97 35
237 272 39
248 240 58
153 11 35
17 37 36
63 228 46
105 53 33
58 41 45
121 110 54
260 132 41
182 129 40
168 42 46
281 22 48
114 62 54
257 92 48
246 63 39
77 212 42
100 280 43
21 61 39
9 250 34
102 291 52
238 53 39
179 234 44
122 50 49
262 22 50
31 153 43
286 79 38
275 182 32
43 100 43
165 78 33
6 228 41
45 3 53
159 235 57
214 72 30
86 114 47
59 18 59
96 105 46
28 62 32
194 235 48
119 28 48
255 43 37
171 151 36
46 164 40
278 291 52
56 67 50
284 291 37
268 27 42
111 278 34
293 157 54
34 195 47
48 194 55
261 232 44
208 61 40
124 103 36
231 108 48
173 214 52
133 50 40
247 257 49
91 233 43
95 41 33
176 268 37
271 31 53
225 171 37
221 235 52
276 67 47
113 59 54
190 201 41
65 48 51
49 50 48
289 43 41
68 157 35
35 42 56
148 35 58
20 183 47
269 18 52
162 9 33
141 248 41
296 58 49
39 225 53
123 131 46
199 250 42
126 148 31
185 286 31
211 168 57
107 43 58
135 110 37
203 257 30
161 122 59
210 64 41
82 261 44
139 121 45
128 87 44
57 233 39
202 233 30
285 182 51
54 274 56
118 248 56
160 128 45
299 185 44
10 168 37
38 233 35
180 296 52
15 105 39
94 192 56
222 82 57
207 111 30
140 87 58
259 294 48
83 259 42
295 18 47
76 260 39
290 140 55
143 15 47
99 88 31
273 99 47
243 35 48
242 165 33
14 266 31
8 57 57
109 212 51
117 138 57
154 97 47
25 289 51
16 61 50
263 64 46
178 202 42
181 269 30
253 272 40
200 164 40
90 296 46
93 211 35
177 124 47
256 52 35
51 87 42
209 110 46
12 109 41
191 281 50
147 86 48
158 100 42
197 228 40
267 295 53
144 209 40
174 41 35
236 278 45
5 0 32
220 133 42
244 132 33
146 87 53
137 147 41
134 155 36
84 299 30
156 242 46
167 61 40
198 165 50
23 275 36
204 253 33
47 291 44
270 104 57
172 205 44
170 28 32
36 248 45
297 109 32
44 11 31
245 232 42
230 56 59
29 118 31
219 135 49
163 116 36
213 114 35
130 265 42
196 33 39
142 23 47
252 263 31
188 27 42
288 238 40
81 159 59
226 274 54
184 202 54
186 111 53
279 271 41
24 278 35
145 31 54
258 33 40
73 261 43
249 74 44
89 100 33
229 163 49
223 147 54
80 41 56
216 229 41
298 109 42
218 118 59
215 257 57
217 9 48
60 190 51
264 8 57
120 22 54
69 223 53
169 68 54
254 84 42
241 60 40
19 222 42
227 123 58
112 180 44
106 96 32
224 181 31
193 262 39
7 93 30
30 266 56
1 158 51
187 231 55
127 31 53
4 85 46
206 162 52
98 253 42
152 85 43
40 225 53
175 128 57
PROGRAMS ASSIGNED TO NODES (nID pID1 pID2 ...):
0 1 2 3
1 1 3
2 3
3 2
4 1 3
5 3
7 2 3
9 2 3
10 3
11 3
12 2 3
13 2 3
14 2 3
15 1 2
16 2
17 1 3
18 1 3
19 1
20 2 3
22 1
23 1 3
25 2
27 2 3
29 2 3
30 1 3
31 1 2
33 3
35 2 3
36 1 2
39 1 3
40 1 2
45 1
46 3
49 3
50 1 2
51 1 3
52 2
53 1 2
54 3
58 1 2
61 2
62 1 2
65 1 2
69 1
70 1
71 2
72 2 3
75 2
78 1
79 3
80 2
81 2 3
84 2
85 2
87 3
88 2
89 1 3
91 1 2
92 2 3
93 2
94 1 2
95 1 3
98 3
102 1 2
104 2
105 1
106 1 2
108 2 3
110 1 3
112 1
113 1 3
115 1
116 2
117 2 3
118 3
119 1
121 1 3
122 2
124 2
126 1 3
127 1 3
129 3
132 3
133 1 3
134 3
139 1 2
140 2
142 3
145 2
146 3
148 2
149 2
150 3
151 3
156 3
157 1 3
160 1
164 3
166 1 2
167 2 3
168 1 2
169 2
170 2 3
172 2 3
173 3
175 1 3
178 1 3
179 1 2
181 2
183 1
184 2
187 2 3
190 3
192 2 3
193 1 3
195 3
196 2
197 3
199 1 3
200 2
202 3
204 1 3
205 3
206 1 2
207 2 3
208 3
211 1 3
212 1 3
215 1
216 1 2
217 1
219 2 3
222 3
223 2
224 1
225 1
226 1
227 2 3
228 1 2
230 2
233 2
234 3
235 1
236 1
238 1 3
239 1
242 3
244 2
245 1 3
246 1 2
248 2 3
249 1 3
250 2
251 1
252 1 3
253 2
254 1 2
256 1 3
257 1 3
259 2
260 2
261 1
262 2 3
264 1 3
265 3
266 2 3
268 1 2
269 1
270 1 2
271 2 3
272 2 3
273 1
274 1
275 1 3
276 1 2
279 1 2
281 1 2
283 3
284 2 3
285 1
286 1 2
287 2
288 1 3
290 1
291 1
293 2
295 3
298 2
SIZE OF PROGRAMS (pID SIZE):
1 59.0
2 47.0
3 96.0
COST TO INSTALL SERVERS AND PROGRAMS ON NODES (COST_TO_INSTALL_SERVER COST_TO_INSTALL_pID1 ...):
0 1420.8333333333335 1.2291666666666667 0.9791666666666666 2.0
1 2.3131486269874286 1.2291666666666667 0.9791666666666666 2.0
2 80.0 1.84375 1.46875 3.0
3 32.0 1.84375 1.46875 3.0
4 1.42356453248006 1.2291666666666667 0.9791666666666666 2.0
5 0.6 1.2291666666666667 0.9791666666666666 2.0
6 58.0 1.84375 1.46875 3.0
7 10.174652618866007 1.2291666666666667 0.9791666666666666 2.0
8 8.146162337989697 1.84375 1.46875 3.0
9 1.5404458062929898 1.2291666666666667 0.9791666666666666 2.0
10 5.8381814190509855 1.84375 1.46875 3.0
11 8.940570543135182 1.2291666666666667 0.9791666666666666 2.0
12 1.0525463005816016 1.2291666666666667 0.9791666666666666 2.0
13 0.6956152181152181 1.2291666666666667 0.9791666666666666 2.0
14 0.9239616470205867 1.84375 1.46875 3.0
15 1.5580436185218394 1.84375 1.46875 3.0
16 0.12296416083916083 1.84375 1.46875 3.0
17 5.5418869527422165 1.2291666666666667 0.9791666666666666 2.0
18 3.3006245601688957 1.84375 1.46875 3.0
19 2.9791370471633623 1.2291666666666667 0.9791666666666666 2.0
20 0.7106029167465338 1.2291666666666667 0.9791666666666666 2.0
21 17.0 1.2291666666666667 0.9791666666666666 2.0
22 0.9650143678160914 1.2291666666666667 0.9791666666666666 2.0
23 14.184244408171951 1.2291666666666667 0.9791666666666666 2.0
24 21.0 1.2291666666666667 0.9791666666666666 2.0
25 0.8134380678788011 1.2291666666666667 0.9791666666666666 2.0
26 44.0 1.2291666666666667 0.9791666666666666 2.0
27 12.269524614536406 1.84375 1.46875 3.0
28 1.1211562816616008 1.2291666666666667 0.9791666666666666 2.0
29 12.737273667648488 1.2291666666666667 0.9791666666666666 2.0
30 3.372557952456001 1.84375 1.46875 3.0
31 11.868298256313473 1.84375 1.46875 3.0
32 96.0 1.2291666666666667 0.9791666666666666 2.0
33 1.673064194577352 1.2291666666666667 0.9791666666666666 2.0
34 52.0 1.84375 1.46875 3.0
35 1.6334723609723605 1.2291666666666667 0.9791666666666666 2.0
36 7.174845519340593 1.2291666666666667 0.9791666666666666 2.0
37 3.8695315710447287 1.2291666666666667 0.9791666666666666 2.0
38 73.0 1.84375 1.46875 3.0
39 2.120771452664911 1.84375 1.46875 3.0
40 1.4503340256934232 1.84375 1.46875 3.0
41 14.49625859980697 1.84375 1.46875 3.0
42 7.6365484515484505 1.2291666666666667 0.9791666666666666 2.0
43 3.3461323527534366 1.84375 1.46875 3.0
44 41.0 1.84375 1.46875 3.0
45 0.10186562651185292 1.2291666666666667 0.9791666666666666 2.0
46 8.45948281065287 1.2291666666666667 0.9791666666666666 2.0
47 55.0 1.84375 1.46875 3.0
48 1.5295289182144025 1.84375 1.46875 3.0
49 2.5617171006333566 1.84375 1.46875 3.0
50 1.6714131773399012 1.84375 1.46875 3.0
51 0.15191399835796382 1.84375 1.46875 3.0
52 3.5110154428904417 1.84375 1.46875 3.0
53 6.436612209801851 1.84375 1.46875 3.0
54 0.760984778662198 1.84375 1.46875 3.0
55 28.0 1.84375 1.46875 3.0
56 2.021313290158118 1.2291666666666667 0.9791666666666666 2.0
57 13.565492960105027 1.2291666666666667 0.9791666666666666 2.0
58 4.898792449250545 1.84375 1.46875 3.0
59 6.488144936525166 1.2291666666666667 0.9791666666666666 2.0
60 72.0 1.84375 1.46875 3.0
61 0.43569493006992993 1.84375 1.46875 3.0
62 1.676937689969605 1.84375 1.46875 3.0
63 0.5867053080602557 1.84375 1.46875 3.0
64 6.3941789819376025 1.2291666666666667 0.9791666666666666 2.0
65 1.8477887221359712 1.2291666666666667 0.9791666666666666 2.0
66 4.59910714285714 1.2291666666666667 0.9791666666666666 2.0
67 1.0438910801841836 1.2291666666666667 0.9791666666666666 2.0
68 0.4401176912168292 1.84375 1.46875 3.0
69 0.6599209601655908 1.84375 1.46875 3.0
70 1.5640438071780434 1.84375 1.46875 3.0
71 0.24081349206349204 1.2291666666666667 0.9791666666666666 2.0
72 10.518532514898894 1.84375 1.46875 3.0
73 103.0 1.2291666666666667 0.9791666666666666 2.0
74 1.2238174508240296 1.84375 1.46875 3.0
75 2.074614837009648 1.2291666666666667 0.9791666666666666 2.0
76 73.0 1.84375 1.46875 3.0
77 11.0 1.2291666666666667 0.9791666666666666 2.0
78 4.198943482246027 1.2291666666666667 0.9791666666666666 2.0
79 0.8710383571332989 1.2291666666666667 0.9791666666666666 2.0
80 0.5296977109301795 1.2291666666666667 0.9791666666666666 2.0
81 16.46579835401727 1.2291666666666667 0.9791666666666666 2.0
82 0.6634469696969697 1.2291666666666667 0.9791666666666666 2.0
83 59.0 1.2291666666666667 0.9791666666666666 2.0
84 1.672204810475681 1.2291666666666667 0.9791666666666666 2.0
85 1.2056789344279644 1.84375 1.46875 3.0
86 2.94193356223498 1.2291666666666667 0.9791666666666666 2.0
87 0.43534482758620596 1.2291666666666667 0.9791666666666666 2.0
88 0.168333333333333 1.2291666666666667 0.9791666666666666 2.0
89 1.9484180756759948 1.84375 1.46875 3.0
90 91.0 1.84375 1.46875 3.0
91 9.083208595382908 1.2291666666666667 0.9791666666666666 2.0
92 4.304523809523809 1.2291666666666667 0.9791666666666666 2.0
93 1.8713300915331808 1.2291666666666667 0.9791666666666666 2.0
94 4.3271004378762985 1.2291666666666667 0.9791666666666666 2.0
95 1.939786685074613 1.2291666666666667 0.9791666666666666 2.0
96 6.572295293787874 1.84375 1.46875 3.0
97 0.6798465726003319 1.84375 1.46875 3.0
98 1.1659525436969045 1.2291666666666667 0.9791666666666666 2.0
99 1.1911021505376342 1.2291666666666667 0.9791666666666666 2.0
100 18.16895546644722 1.2291666666666667 0.9791666666666666 2.0
101 0.7756245601688952 1.84375 1.46875 3.0
102 4.928244239332947 1.84375 1.46875 3.0
103 0.3047240734411787 1.84375 1.46875 3.0
104 0.4744276556776555 1.84375 1.46875 3.0
105 1.286248746726967 1.84375 1.46875 3.0
106 14.167490391573416 1.84375 1.46875 3.0
107 89.0 1.84375 1.46875 3.0
108 0.5272005850189813 1.84375 1.46875 3.0
109 0.5548074794433904 1.84375 1.46875 3.0
110 14.607150334377538 1.2291666666666667 0.9791666666666666 2.0
111 9.872990240002812 1.84375 1.46875 3.0
112 5.983175552500192 1.84375 1.46875 3.0
113 8.688762220475782 1.2291666666666667 0.9791666666666666 2.0
114 1.964628597695973 1.2291666666666667 0.9791666666666666 2.0
115 0.34433141902899966 1.84375 1.46875 3.0
116 5.685096163977743 1.84375 1.46875 3.0
117 3.55312291144528 1.84375 1.46875 3.0
118 4.554917752463934 1.84375 1.46875 3.0
119 0.45038310536980747 1.2291666666666667 0.9791666666666666 2.0
120 87.0 1.84375 1.46875 3.0
121 2.0925623487067257 1.2291666666666667 0.9791666666666666 2.0
122 1.2421842012667135 1.84375 1.46875 3.0
123 3.369973744745274 1.84375 1.46875 3.0
124 2.9054277739804055 1.2291666666666667 0.9791666666666666 2.0
125 4.816403876468516 1.2291666666666667 0.9791666666666666 2.0
126 14.253790426527493 1.84375 1.46875 3.0
127 13.242111499482542 1.2291666666666667 0.9791666666666666 2.0
128 1.2852555729710897 1.2291666666666667 0.9791666666666666 2.0
129 0.3862299469596268 1.84375 1.46875 3.0
130 56.0 1.2291666666666667 0.9791666666666666 2.0
131 2.6683584065810235 1.2291666666666667 0.9791666666666666 2.0
132 3.942144674348912 1.84375 1.46875 3.0
133 0.7539342892329346 1.84375 1.46875 3.0
134 2.648351648351648 1.84375 1.46875 3.0
135 12.28997384733169 1.2291666666666667 0.9791666666666666 2.0
136 3.838190223986247 1.84375 1.46875 3.0
137 30.0 1.84375 1.46875 3.0
138 0.9211523600668338 1.84375 1.46875 3.0
139 9.37799056753263 1.84375 1.46875 3.0
140 0.6269636015325669 1.2291666666666667 0.9791666666666666 2.0
141 32.0 1.84375 1.46875 3.0
142 8.100812233917779 1.2291666666666667 0.9791666666666666 2.0
143 23.0 1.2291666666666667 0.9791666666666666 2.0
144 34.0 1.2291666666666667 0.9791666666666666 2.0
145 0.9249770083431192 1.2291666666666667 0.9791666666666666 2.0
146 0.1466493168510085 1.2291666666666667 0.9791666666666666 2.0
147 3.8988780066794253 1.2291666666666667 0.9791666666666666 2.0
148 16.84485989585128 1.2291666666666667 0.9791666666666666 2.0
149 15.989480842852112 1.2291666666666667 0.9791666666666666 2.0
150 0.5194421096438013 1.84375 1.46875 3.0
151 4.46479233959511 1.84375 1.46875 3.0
152 33.0 1.84375 1.46875 3.0
153 17.527049502517453 1.84375 1.46875 3.0
154 43.0 1.2291666666666667 0.9791666666666666 2.0
155 1.0483516483516484 1.84375 1.46875 3.0
156 6.17836332297673 1.84375 1.46875 3.0
157 1.5248434611365642 1.2291666666666667 0.9791666666666666 2.0
158 15.40407411409316 1.2291666666666667 0.9791666666666666 2.0
159 13.465592374732902 1.84375 1.46875 3.0
160 0.244009491466388 1.2291666666666667 0.9791666666666666 2.0
161 23.0 1.2291666666666667 0.9791666666666666 2.0
162 4.894781107879157 1.2291666666666667 0.9791666666666666 2.0
163 7.94250357138515 1.84375 1.46875 3.0
164 13.360578104303988 1.2291666666666667 0.9791666666666666 2.0
165 0.6301224774131179 1.2291666666666667 0.9791666666666666 2.0
166 1.408109318996416 1.2291666666666667 0.9791666666666666 2.0
167 3.416458333333334 1.84375 1.46875 3.0
168 9.008831060244102 1.84375 1.46875 3.0
169 0.5271547282538662 1.84375 1.46875 3.0
170 5.375780986153327 1.2291666666666667 0.9791666666666666 2.0
171 7.165139561817333 1.2291666666666667 0.9791666666666666 2.0
172 2.198005952380952 1.84375 1.46875 3.0
173 1.1927220365841056 1.2291666666666667 0.9791666666666666 2.0
174 37.0 1.84375 1.46875 3.0
175 1.7639653682927277 1.84375 1.46875 3.0
176 102.0 1.2291666666666667 0.9791666666666666 2.0
177 83.0 1.84375 1.46875 3.0
178 16.07111338135045 1.84375 1.46875 3.0
179 2.1980723905723902 1.2291666666666667 0.9791666666666666 2.0
180 5.547380097954739 1.2291666666666667 0.9791666666666666 2.0
181 6.484834450579526 1.84375 1.46875 3.0
182 3.3528297701583827 1.84375 1.46875 3.0
183 2.1815090090090092 1.84375 1.46875 3.0
184 3.958333810856057 1.2291666666666667 0.9791666666666666 2.0
185 7.417850516677188 1.84375 1.46875 3.0
186 53.0 1.2291666666666667 0.9791666666666666 2.0
187 4.702174757304474 1.84375 1.46875 3.0
188 44.0 1.2291666666666667 0.9791666666666666 2.0
189 20.0 1.84375 1.46875 3.0
190 1.1048346241687395 1.2291666666666667 0.9791666666666666 2.0
191 10.0 1.2291666666666667 0.9791666666666666 2.0
192 4.287673350824586 1.84375 1.46875 3.0
193 0.7575436560565871 1.84375 1.46875 3.0
194 6.271279352666449 1.2291666666666667 0.9791666666666666 2.0
195 3.188538147279067 1.84375 1.46875 3.0
196 0.18277657649368173 1.84375 1.46875 3.0
197 0.5626600985221675 1.84375 1.46875 3.0
198 99.0 1.2291666666666667 0.9791666666666666 2.0
199 0.9337321801761457 1.84375 1.46875 3.0
200 4.141621792715468 1.2291666666666667 0.9791666666666666 2.0
201 6.412256415340256 1.2291666666666667 0.9791666666666666 2.0
202 19.13274768682374 1.84375 1.46875 3.0
203 92.0 1.84375 1.46875 3.0
204 1.821718561826645 1.84375 1.46875 3.0
205 1.38875 1.84375 1.46875 3.0
206 10.222817857529789 1.2291666666666667 0.9791666666666666 2.0
207 1.9134063356525406 1.2291666666666667 0.9791666666666666 2.0
208 1.7949650349650348 1.84375 1.46875 3.0
209 41.0 1.2291666666666667 0.9791666666666666 2.0
210 78.0 1.2291666666666667 0.9791666666666666 2.0
211 15.774791370433535 1.84375 1.46875 3.0
212 2.3258137829912013 1.84375 1.46875 3.0
213 51.0 1.2291666666666667 0.9791666666666666 2.0
214 6.048639911812326 1.2291666666666667 0.9791666666666666 2.0
215 0.3745107560568087 1.84375 1.46875 3.0
216 7.025453540504429 1.2291666666666667 0.9791666666666666 2.0
217 0.5728488576136289 1.2291666666666667 0.9791666666666666 2.0
218 58.0 1.2291666666666667 0.9791666666666666 2.0
219 7.565646696416504 1.84375 1.46875 3.0
220 57.0 1.2291666666666667 0.9791666666666666 2.0
221 39.0 1.2291666666666667 0.9791666666666666 2.0
222 0.77391846092504 1.84375 1.46875 3.0
223 4.27102306840782 1.84375 1.46875 3.0
224 0.6611247536363737 1.84375 1.46875 3.0
225 20.253052095430252 1.84375 1.46875 3.0
226 0.5330490116215922 1.2291666666666667 0.9791666666666666 2.0
227 1.0242379729253022 1.84375 1.46875 3.0
228 5.770910303776684 1.84375 1.46875 3.0
229 5.905128337252398 1.2291666666666667 0.9791666666666666 2.0
230 0.4165465653088388 1.2291666666666667 0.9791666666666666 2.0
231 7.4679128184788555 1.2291666666666667 0.9791666666666666 2.0
232 0.7307196969696967 1.2291666666666667 0.9791666666666666 2.0
233 1.7879948259008331 1.2291666666666667 0.9791666666666666 2.0
234 2.525637626262625 1.84375 1.46875 3.0
235 18.07658105630253 1.84375 1.46875 3.0
236 3.3021744116098954 1.2291666666666667 0.9791666666666666 2.0
237 92.0 1.2291666666666667 0.9791666666666666 2.0
238 15.103583976653493 1.2291666666666667 0.9791666666666666 2.0
239 0.477126821032247 1.84375 1.46875 3.0
240 8.383094395415824 1.2291666666666667 0.9791666666666666 2.0
241 73.0 1.2291666666666667 0.9791666666666666 2.0
242 0.9210315683222087 1.2291666666666667 0.9791666666666666 2.0
243 26.0 1.84375 1.46875 3.0
244 2.942299970144797 1.2291666666666667 0.9791666666666666 2.0
245 0.32794913419913413 1.2291666666666667 0.9791666666666666 2.0
246 0.968916846521794 1.2291666666666667 0.9791666666666666 2.0
247 107.0 1.84375 1.46875 3.0
248 1.1241055948629843 1.84375 1.46875 3.0
249 7.529376882863725 1.2291666666666667 0.9791666666666666 2.0
250 5.677968955404994 1.2291666666666667 0.9791666666666666 2.0
251 5.000846481105102 1.84375 1.46875 3.0
252 12.685986818098886 1.2291666666666667 0.9791666666666666 2.0
253 11.834436578459137 1.2291666666666667 0.9791666666666666 2.0
254 7.861399416823187 1.84375 1.46875 3.0
255 24.0 1.84375 1.46875 3.0
256 1.2125988594738595 1.84375 1.46875 3.0
257 6.696164021164018 1.2291666666666667 0.9791666666666666 2.0
258 76.0 1.84375 1.46875 3.0
259 0.18977182539682538 1.84375 1.46875 3.0
260 2.7755593936481233 1.2291666666666667 0.9791666666666666 2.0
261 1.348421717171717 1.2291666666666667 0.9791666666666666 2.0
262 0.4693017241379309 1.84375 1.46875 3.0
263 1.1546939327955066 1.2291666666666667 0.9791666666666666 2.0
264 9.324524911089114 1.84375 1.46875 3.0
265 0.6788753132832082 1.2291666666666667 0.9791666666666666 2.0
266 0.6535636890690082 1.84375 1.46875 3.0
267 87.0 1.2291666666666667 0.9791666666666666 2.0
268 1.0098472360972361 1.84375 1.46875 3.0
269 2.6127023223082335 1.2291666666666667 0.9791666666666666 2.0
270 1.5524749373433584 1.2291666666666667 0.9791666666666666 2.0
271 33.85117435922311 1.2291666666666667 0.9791666666666666 2.0
272 1.467406096409856 1.2291666666666667 0.9791666666666666 2.0
273 0.2625906066498894 1.84375 1.46875 3.0
274 7.443147116324537 1.84375 1.46875 3.0
275 1.258104946959627 1.84375 1.46875 3.0
276 5.082230852725166 1.84375 1.46875 3.0
277 64.0 1.2291666666666667 0.9791666666666666 2.0
278 10.412381491716168 1.84375 1.46875 3.0
279 17.15755519261028 1.84375 1.46875 3.0
280 8.744040383976426 1.84375 1.46875 3.0
281 0.25510057471264375 1.84375 1.46875 3.0
282 46.0 1.84375 1.46875 3.0
283 1.0579772598652057 1.2291666666666667 0.9791666666666666 2.0
284 0.9786795868449094 1.84375 1.46875 3.0
285 2.461217009792423 1.84375 1.46875 3.0
286 5.6428729181108785 1.2291666666666667 0.9791666666666666 2.0
287 1.9211115886338355 1.2291666666666667 0.9791666666666666 2.0
288 9.516322223519126 1.84375 1.46875 3.0
289 0.6723228718003696 1.84375 1.46875 3.0
290 0.12634600313479624 1.84375 1.46875 3.0
291 0.8365245193874227 1.84375 1.46875 3.0
292 45.0 1.2291666666666667 0.9791666666666666 2.0
293 2.6509640838089115 1.2291666666666667 0.9791666666666666 2.0
294 0.5511309523809523 1.84375 1.46875 3.0
295 0.4656909278751853 1.84375 1.46875 3.0
296 4.497860867185508 1.84375 1.46875 3.0
297 25.0 1.2291666666666667 0.9791666666666666 2.0
298 0.34321240666354524 1.2291666666666667 0.9791666666666666 2.0
299 5.236637512061282 1.84375 1.46875 3.0
