400 5
TREE NETWORK (nID nID Weight):
48 0 50
177 0 35
294 48 55
224 177 56
26 294 57
284 294 41
253 177 33
100 284 51
167 48 48
27 48 30
109 294 46
314 284 30
56 294 54
374 314 35
380 167 53
308 100 49
165 0 42
34 380 32
285 294 37
75 224 51
172 56 46
37 75 50
211 253 51
243 294 32
274 284 42
242 165 38
40 37 59
58 75 32
312 26 54
323 167 47
199 274 54
393 109 49
215 243 52
329 37 36
379 100 36
324 285 45
335 215 42
388 284 45
315 109 38
90 37 56
340 0 45
110 75 53
116 90 59
119 274 32
146 335 42
214 0 53
216 393 40
79 146 31
122 110 31
99 165 40
252 100 58
4 90 47
286 211 35
232 167 42
351 214 35
78 90 54
54 119 42
313 242 33
16 313 44
330 211 56
145 216 39
234 215 30
20 37 34
344 40 30
318 286 35
83 314 53
128 83 47
138 285 35
399 285 43
17 224 55
210 75 56
52 167 48
29 242 40
15 324 56
225 324 48
44 252 35
23 329 32
133 243 38
196 34 48
387 165 50
260 37 55
302 351 45
343 214 34
291 75 53
270 211 49
173 99 33
140 145 48
244 291 33
10 167 50
117 318 53
154 232 40
95 10 46
221 224 41
9 302 59
197 52 34
113 340 34
3 285 42
304 34 58
24 294 53
273 196 32
334 221 30
342 17 37
130 117 44
85 100 55
21 313 44
191 3 57
248 343 45
59 10 42
31 313 40
350 324 30
123 314 50
129 330 46
223 334 55
105 17 56
254 199 39
171 399 39
194 344 49
364 119 36
355 177 30
331 122 52
139 116 39
51 393 55
305 75 32
240 40 56
19 145 43
50 171 49
213 388 31
341 20 47
8 273 32
68 40 45
222 379 45
236 90 33
137 191 44
47 27 50
203 196 46
237 130 54
263 387 57
233 335 46
161 248 49
11 334 41
349 119 51
91 15 42
280 355 40
108 110 49
76 260 53
35 388 39
149 240 58
332 232 41
73 130 33
239 318 48
337 34 30
219 286 52
358 75 30
6 270 58
174 305 50
348 54 36
36 123 30
229 119 55
227 221 35
353 197 58
55 105 32
69 343 55
179 324 38
319 129 52
93 211 32
61 237 42
352 284 56
201 27 48
339 56 48
333 73 35
322 110 43
63 179 38
207 358 43
188 105 31
156 116 42
202 203 43
53 188 56
80 263 34
60 27 58
158 341 34
65 51 57
271 123 59
182 237 41
320 222 38
378 110 50
231 227 38
362 109 44
275 323 36
204 380 56
383 93 51
155 73 48
178 95 43
46 348 49
169 171 32
180 139 38
70 161 59
317 194 38
390 362 47
206 223 58
389 137 34
38 342 30
43 174 39
112 350 35
258 233 47
101 350 49
376 21 30
385 378 46
338 380 39
359 258 59
64 172 40
375 55 55
195 280 48
246 390 53
295 342 52
328 70 55
134 323 54
67 318 48
396 222 51
366 383 53
107 374 38
310 197 50
181 16 34
367 204 53
269 191 48
72 78 42
300 367 54
218 393 57
104 344 44
226 199 44
87 231 40
251 199 34
235 138 57
384 21 42
382 50 35
217 213 49
296 343 52
297 60 40
176 399 39
168 16 55
126 374 51
22 51 31
301 226 39
356 364 57
2 229 57
326 248 58
360 69 56
186 252 58
220 4 57
279 123 31
293 76 47
185 4 58
346 214 57
84 145 58
147 55 50
381 214 44
96 3 30
142 210 52
190 91 35
42 59 49
289 236 49
166 248 34
283 340 40
114 145 34
372 379 52
397 300 42
28 87 51
277 126 56
365 22 30
391 334 44
144 93 43
272 185 54
357 129 56
363 219 41
278 108 54
49 31 33
163 29 46
162 112 47
262 367 41
127 248 47
89 389 40
267 133 59
187 172 35
392 23 54
74 304 41
98 147 36
118 317 36
25 15 52
164 27 33
276 16 42
152 310 59
198 67 49
361 173 54
255 219 39
159 11 38
212 254 36
57 176 32
62 237 54
132 210 47
298 168 43
97 166 33
136 331 32
131 11 43
200 91 45
106 276 41
41 166 36
82 232 59
368 222 36
92 3 37
150 220 52
208 341 58
12 70 41
373 93 30
209 214 47
18 338 38
135 145 39
354 226 30
103 301 47
230 62 31
125 129 42
205 254 36
86 372 36
175 372 53
266 366 52
321 285 42
371 353 49
160 97 54
281 211 51
282 293 55
148 218 57
386 152 49
66 50 56
124 82 35
153 333 35
39 85 41
13 40 52
256 204 51
307 162 52
398 225 42
184 208 50
183 234 30
336 185 58
88 132 42
14 294 32
287 76 44
228 254 59
94 190 39
377 61 59
120 20 58
143 390 47
45 182 37
189 86 56
347 145 53
309 203 47
290 199 54
247 12 37
249 253 51
33 83 49
238 79 41
121 15 33
115 22 30
77 375 56
30 43 35
1 34 42
299 226 42
316 82 31
265 318 51
264 172 30
327 178 47
259 38 47
311 113 42
325 304 36
157 20 49
102 383 37
151 66 35
5 87 38
370 199 55
306 370 44
111 274 56
292 130 52
395 259 49
170 346 49
369 180 30
261 323 48
394 2 43
241 6 51
32 187 41
141 161 52
288 365 57
303 128 39
345 302 30
250 156 46
192 220 42
268 263 32
245 20 30
81 232 56
257 69 30
193 184 56
7 300 58
71 9 36
PROGRAMS ASSIGNED TO NODES (nID pID1 pID2 ...):
0 1 2 3 4 5
2 1 2 3
3 1 3 4
4 1 2 3 4
7 1 3 4
8 2 3 4 5
9 1 2 4 5
10 2
11 1 2 5
12 1 3 5
13 1 3 5
14 3
15 1 5
16 1 3 4 5
17 2 5
18 1 2 4 5
19 3 5
21 2 3 5
22 3
23 3
24 1 2 4 5
25 1 3 4
26 5
27 4 5
28 1 2 5
29 1 3 4
30 3 5
31 1 3 4
32 2 4
33 1 2 3 5
34 4
35 2
36 2 3 4 5
37 4 5
38 1 4
39 2 4
40 4
41 1 2 3 4
42 1 5
44 1 2
46 1 4 5
48 1 2 4
49 2
50 3
51 1 2 3 4
52 1 2 3 5
53 2 5
54 5
55 2 3 5
56 1 3 4 5
57 2 3 4 5
58 2
60 1 4 5
61 2 3 4
63 1 3 4 5
64 1 5
65 2 5
66 2 3 4
67 1 4 5
68 3 5
70 1 2 3 5
72 1 2 3 5
74 1
75 1 2 3 5
76 1 3
78 1 3 4 5
79 2
80 1 2 3 5
81 2 3 4
82 1 2 4
83 4
84 4
85 3
86 1 3 4 5
87 1 2 3 5
88 4
89 1
90 1 2 3 4
91 1 2 3 4
92 2 5
93 5
94 1 3 4
95 2
96 1 2 4 5
97 2 3 4 5
98 2 3 5
99 3
100 2 3
101 3 5
102 1 5
104 1 2 4 5
105 1 3 4
107 1 2
109 4
110 2
111 1 5
112 1 2 5
113 1 2 3 5
114 1 5
115 1 2
116 2 3 4 5
117 2 4
118 1 2
119 1 2 3 5
120 1 3 4
121 1 3 4 5
123 1 2 5
124 3 5
125 3 4
126 1 2 3 5
127 1 2 3 4
129 2 3 4
130 5
131 2 3 4 5
132 3 5
133 4
134 1 2 3
137 1 2 3 4
138 1 4
139 5
140 2 3 4 5
141 1 2 3 5
142 2 3
144 1 5
145 1 2 4
146 1 2 4 5
147 3
148 3 4 5
149 2
150 4
151 2 3 4 5
152 1 5
153 1 3 4 5
154 1 2 4 5
155 2 3 4 5
156 2 4 5
157 1 2 5
158 1 2 4 5
159 2 3
160 1 4 5
161 1 2 4
162 2 3 4 5
163 1 2 4 5
164 1 2 3 4
166 1 2 4
167 2 5
168 2 4
169 1 2 4
171 1 3 5
172 1 5
173 3
176 1 4
177 2 4
178 3 4
181 1
182 5
184 1 2 5
185 1 3 4
186 2 4 5
187 1 4 5
188 5
190 2 3 4 5
191 2 3 5
192 2
193 1 2 3 4
194 1 3
195 1 2 3 4
196 1 5
197 1 3 4
198 2 3 4
199 1 2 4 5
200 2 3
201 4 5
202 1
203 1 3 4 5
204 1 3 5
206 2 5
207 4 5
209 1 3 4
210 3
211 1 2
212 1 3 4 5
213 1 4 5
214 3 5
215 1 4 5
217 1 2 4
218 1 2 5
219 1
220 2 3 4
221 1 2 3 5
224 3
226 2 3 4 5
229 1 2
230 1
231 1 2 3 4
232 2 3 4 5
233 1 4 5
234 3 5
235 1 2 4
237 1 2 3 5
238 5
239 1 2 5
240 1 4 5
241 1 2 3 4
242 4
243 5
244 1 2 5
245 1 3 4 5
246 2 3 4
247 2
249 1 5
250 2 3
253 1 3 4 5
254 2
255 1 3
256 1 3 5
257 1 2 5
259 2 4
263 1 4 5
264 1 4
268 5
269 1 2 3
270 1 2 5
271 1
272 1 2 5
273 2 3 4 5
275 4
276 4
277 1
279 1 3 5
280 2
281 1 2 4 5
282 2 4 5
283 2 3 5
284 3 4
285 4
286 1 2 3
287 1 2 3 4
289 5
290 2 4 5
291 2 4
292 1 5
293 3 4 5
294 1 2 3 5
296 2 3 4
297 3
298 2 3 4 5
301 2 4
302 1 2 4
303 1 4 5
304 1 2 3
305 1 3
307 3 5
309 3 4 5
310 1 2 3 4
311 1 2 4
312 2
314 1 2 3
315 1 4
316 1 4 5
317 2 4
318 1
319 3
321 3 4 5
323 1 2 3
324 1 2 3
325 1 5
326 1 2 3
327 3 4
328 1 2
329 4
331 3 5
333 2 3 4
334 1 2 3
336 4
337 3
338 1
340 2 3
341 5
342 5
343 2 3 4 5
344 2
345 3 5
346 5
347 3
348 4 5
350 1 3 4
351 1 2 5
352 1 3 5
353 1 2 3 4
354 3 4 5
355 1 3 4 5
357 1 2 3
359 1 2 3 5
360 1 2 5
361 1 2 4
362 3 5
363 1 2 3 4
364 5
365 1 5
366 2 4 5
368 5
369 2
370 3
371 2 3 4
372 5
373 1 2 4
374 1 2 3 5
375 1 2 3 5
376 1 4
377 1 3 5
378 2 5
379 2 3 5
381 2 3 4 5
382 2 4
383 2 3 4 5
384 4
385 2 5
386 2 4
387 1 2 5
388 1 3
390 2 3 4 5
391 1 2 4 5
393 1 3
395 2 4 5
396 1 5
397 3
398 3
399 1 3 4 5
SIZE OF PROGRAMS (pID SIZE):
1 87.0
2 98.0
3 89.0
4 57.0
5 68.0
COST TO INSTALL SERVERS AND PROGRAMS ON NODES (COST_TO_INSTALL_SERVER COST_TO_INSTALL_pID1 ...):
0 2221.4285714285716 2.663265306122449 3.0 2.7244897959183674 1.7448979591836735 2.0816326530612246
1 24.0 1.7755102040816326 2.0 1.816326530612245 1.163265306122449 1.3877551020408163
2 3.363213515853302 2.663265306122449 3.0 2.7244897959183674 1.7448979591836735 2.0816326530612246
3 16.42528325728325 1.7755102040816326 2.0 1.816326530612245 1.163265306122449 1.3877551020408163
4 22.637163239763993 2.663265306122449 3.0 2.7244897959183674 1.7448979591836735 2.0816326530612246
5 28.0 1.7755102040816326 2.0 1.816326530612245 1.163265306122449 1.3877551020408163
6 2.8306987497193234 2.663265306122449 3.0 2.7244897959183674 1.7448979591836735 2.0816326530612246
7 15.62657276152708 1.7755102040816326 2.0 1.816326530612245 1.163265306122449 1.3877551020408163
8 4.482577204466691 2.663265306122449 3.0 2.7244897959183674 1.7448979591836735 2.0816326530612246
9 14.36595651798722 1.7755102040816326 2.0 1.816326530612245 1.163265306122449 1.3877551020408163
10 11.254333333333333 2.663265306122449 3.0 2.7244897959183674 1.7448979591836735 2.0816326530612246
11 23.44447735191638 2.663265306122449 3.0 2.7244897959183674 1.7448979591836735 2.0816326530612246
12 31.283938245464388 2.663265306122449 3.0 2.7244897959183674 1.7448979591836735 2.0816326530612246
13 13.410838986963755 2.663265306122449 3.0 2.7244897959183674 1.7448979591836735 2.0816326530612246
14 2.0729652133580707 2.663265306122449 3.0 2.7244897959183674 1.7448979591836735 2.0816326530612246
15 17.87742611442611 2.663265306122449 3.0 2.7244897959183674 1.7448979591836735 2.0816326530612246
16 22.191017316017312 2.663265306122449 3.0 2.7244897959183674 1.7448979591836735 2.0816326530612246
17 5.87827922077922 2.663265306122449 3.0 2.7244897959183674 1.7448979591836735 2.0816326530612246
18 8.486241603126624 1.7755102040816326 2.0 1.816326530612245 1.163265306122449 1.3877551020408163
19 9.104070191296177 1.7755102040816326 2.0 1.816326530612245 1.163265306122449 1.3877551020408163
20 3.384953781512605 2.663265306122449 3.0 2.7244897959183674 1.7448979591836735 2.0816326530612246
21 27.015151515151512 2.663265306122449 3.0 2.7244897959183674 1.7448979591836735 2.0816326530612246
22 10.276082517362422 2.663265306122449 3.0 2.7244897959183674 1.7448979591836735 2.0816326530612246
23 6.656631952781113 1.7755102040816326 2.0 1.816326530612245 1.163265306122449 1.3877551020408163
24 4.097812160884938 2.663265306122449 3.0 2.7244897959183674 1.7448979591836735 2.0816326530612246
25 14.554692112263542 1.7755102040816326 2.0 1.816326530612245 1.163265306122449 1.3877551020408163
26 4.494742353719798 1.7755102040816326 2.0 1.816326530612245 1.163265306122449 1.3877551020408163
27 5.6927619047619045 1.7755102040816326 2.0 1.816326530612245 1.163265306122449 1.3877551020408163
28 3.5344512798700998 2.663265306122449 3.0 2.7244897959183674 1.7448979591836735 2.0816326530612246
29 13.099285714285717 1.7755102040816326 2.0 1.816326530612245 1.163265306122449 1.3877551020408163
30 2.372124076553699 1.7755102040816326 2.0 1.816326530612245 1.163265306122449 1.3877551020408163
31 22.287715799238356 2.663265306122449 3.0 2.7244897959183674 1.7448979591836735 2.0816326530612246
32 7.455028244417225 1.7755102040816326 2.0 1.816326530612245 1.163265306122449 1.3877551020408163
33 27.476732795046647 1.7755102040816326 2.0 1.816326530612245 1.163265306122449 1.3877551020408163
34 10.43261534141959 2.663265306122449 3.0 2.7244897959183674 1.7448979591836735 2.0816326530612246
35 0.8822660374855495 1.7755102040816326 2.0 1.816326530612245 1.163265306122449 1.3877551020408163
36 25.908024073487486 2.663265306122449 3.0 2.7244897959183674 1.7448979591836735 2.0816326530612246
37 6.982845938375349 1.7755102040816326 2.0 1.816326530612245 1.163265306122449 1.3877551020408163
38 20.475795600795596 2.663265306122449 3.0 2.7244897959183674 1.7448979591836735 2.0816326530612246
39 7.008425504717779 1.7755102040816326 2.0 1.816326530612245 1.163265306122449 1.3877551020408163
40 14.277633124436212 1.7755102040816326 2.0 1.816326530612245 1.163265306122449 1.3877551020408163
41 10.653230764003714 1.7755102040816326 2.0 1.816326530612245 1.163265306122449 1.3877551020408163
42 5.685178571428571 1.7755102040816326 2.0 1.816326530612245 1.163265306122449 1.3877551020408163
43 8.33539480792317 1.7755102040816326 2.0 1.816326530612245 1.163265306122449 1.3877551020408163
44 7.806667534460328 2.663265306122449 3.0 2.7244897959183674 1.7448979591836735 2.0816326530612246
45 53.0 1.7755102040816326 2.0 1.816326530612245 1.163265306122449 1.3877551020408163
46 30.49324352409109 1.7755102040816326 2.0 1.816326530612245 1.163265306122449 1.3877551020408163
47 67.0 2.663265306122449 3.0 2.7244897959183674 1.7448979591836735 2.0816326530612246
48 4.190857142857142 2.663265306122449 3.0 2.7244897959183674 1.7448979591836735 2.0816326530612246
49 1.0301674641148328 2.663265306122449 3.0 2.7244897959183674 1.7448979591836735 2.0816326530612246
50 16.208650094630162 2.663265306122449 3.0 2.7244897959183674 1.7448979591836735 2.0816326530612246
51 18.697802371541503 1.7755102040816326 2.0 1.816326530612245 1.163265306122449 1.3877551020408163
52 11.564666666666666 2.663265306122449 3.0 2.7244897959183674 1.7448979591836735 2.0816326530612246
53 8.069091208330839 1.7755102040816326 2.0 1.816326530612245 1.163265306122449 1.3877551020408163
54 15.395390786913431 1.7755102040816326 2.0 1.816326530612245 1.163265306122449 1.3877551020408163
55 19.89540584415584 2.663265306122449 3.0 2.7244897959183674 1.7448979591836735 2.0816326530612246
56 4.510631072631073 2.663265306122449 3.0 2.7244897959183674 1.7448979591836735 2.0816326530612246
57 11.695088015961772 1.7755102040816326 2.0 1.816326530612245 1.163265306122449 1.3877551020408163
58 0.6534068627450982 2.663265306122449 3.0 2.7244897959183674 1.7448979591836735 2.0816326530612246
59 6.42063775510204 2.663265306122449 3.0 2.7244897959183674 1.7448979591836735 2.0816326530612246
60 10.82583251231527 2.663265306122449 3.0 2.7244897959183674 1.7448979591836735 2.0816326530612246
61 21.188521054314617 1.7755102040816326 2.0 1.816326530612245 1.163265306122449 1.3877551020408163
62 1.5977127923782433 2.663265306122449 3.0 2.7244897959183674 1.7448979591836735 2.0816326530612246
63 29.650113761061128 2.663265306122449 3.0 2.7244897959183674 1.7448979591836735 2.0816326530612246
64 9.8668866098628 1.7755102040816326 2.0 1.816326530612245 1.163265306122449 1.3877551020408163
65 10.87398787010817 2.663265306122449 3.0 2.7244897959183674 1.7448979591836735 2.0816326530612246
66 4.1172402230076655 1.7755102040816326 2.0 1.816326530612245 1.163265306122449 1.3877551020408163
67 50.665142602495536 1.7755102040816326 2.0 1.816326530612245 1.163265306122449 1.3877551020408163
68 6.435650206221848 2.663265306122449 3.0 2.7244897959183674 1.7448979591836735 2.0816326530612246
69 0.9069863417064937 2.663265306122449 3.0 2.7244897959183674 1.7448979591836735 2.0816326530612246
70 23.77662117229367 2.663265306122449 3.0 2.7244897959183674 1.7448979591836735 2.0816326530612246
71 15.0 2.663265306122449 3.0 2.7244897959183674 1.7448979591836735 2.0816326530612246
72 3.9538399359743908 2.663265306122449 3.0 2.7244897959183674 1.7448979591836735 2.0816326530612246
73 32.352222134136674 1.7755102040816326 2.0 1.816326530612245 1.163265306122449 1.3877551020408163
74 5.855520269635697 1.7755102040816326 2.0 1.816326530612245 1.163265306122449 1.3877551020408163
75 10.836253501400558 2.663265306122449 3.0 2.7244897959183674 1.7448979591836735 2.0816326530612246
76 24.581111766147284 1.7755102040816326 2.0 1.816326530612245 1.163265306122449 1.3877551020408163
77 25.0 1.7755102040816326 2.0 1.816326530612245 1.163265306122449 1.3877551020408163
78 28.081568316215375 2.663265306122449 3.0 2.7244897959183674 1.7448979591836735 2.0816326530612246
79 17.553567395098497 2.663265306122449 3.0 2.7244897959183674 1.7448979591836735 2.0816326530612246
80 6.171687875150062 2.663265306122449 3.0 2.7244897959183674 1.7448979591836735 2.0816326530612246
81 10.761520408163268 2.663265306122449 3.0 2.7244897959183674 1.7448979591836735 2.0816326530612246
82 15.594710048426153 2.663265306122449 3.0 2.7244897959183674 1.7448979591836735 2.0816326530612246
83 28.86630142859135 1.7755102040816326 2.0 1.816326530612245 1.163265306122449 1.3877551020408163
84 4.021895100187882 2.663265306122449 3.0 2.7244897959183674 1.7448979591836735 2.0816326530612246
85 11.705201204206737 1.7755102040816326 2.0 1.816326530612245 1.163265306122449 1.3877551020408163
86 34.22929456626587 2.663265306122449 3.0 2.7244897959183674 1.7448979591836735 2.0816326530612246
87 36.96486809357889 2.663265306122449 3.0 2.7244897959183674 1.7448979591836735 2.0816326530612246
88 0.5606943628515235 2.663265306122449 3.0 2.7244897959183674 1.7448979591836735 2.0816326530612246
89 7.991246906780299 2.663265306122449 3.0 2.7244897959183674 1.7448979591836735 2.0816326530612246
90 31.089960784313718 1.7755102040816326 2.0 1.816326530612245 1.163265306122449 1.3877551020408163
91 10.47885605085605 2.663265306122449 3.0 2.7244897959183674 1.7448979591836735 2.0816326530612246
92 6.145491339205626 2.663265306122449 3.0 2.7244897959183674 1.7448979591836735 2.0816326530612246
93 24.20282547109752 2.663265306122449 3.0 2.7244897959183674 1.7448979591836735 2.0816326530612246
94 3.7956171835457555 1.7755102040816326 2.0 1.816326530612245 1.163265306122449 1.3877551020408163
95 5.308831262939958 1.7755102040816326 2.0 1.816326530612245 1.163265306122449 1.3877551020408163
96 2.8439231810660384 2.663265306122449 3.0 2.7244897959183674 1.7448979591836735 2.0816326530612246
97 18.985897119282242 1.7755102040816326 2.0 1.816326530612245 1.163265306122449 1.3877551020408163
98 20.02510899814471 2.663265306122449 3.0 2.7244897959183674 1.7448979591836735 2.0816326530612246
99 4.216309523809524 2.663265306122449 3.0 2.7244897959183674 1.7448979591836735 2.0816326530612246
100 14.788155024315714 1.7755102040816326 2.0 1.816326530612245 1.163265306122449 1.3877551020408163
101 13.307777079491363 2.663265306122449 3.0 2.7244897959183674 1.7448979591836735 2.0816326530612246
102 2.107364638115689 1.7755102040816326 2.0 1.816326530612245 1.163265306122449 1.3877551020408163
103 53.0 2.663265306122449 3.0 2.7244897959183674 1.7448979591836735 2.0816326530612246
104 38.68000476307627 1.7755102040816326 2.0 1.816326530612245 1.163265306122449 1.3877551020408163
105 12.41415584415584 2.663265306122449 3.0 2.7244897959183674 1.7448979591836735 2.0816326530612246
106 37.0 1.7755102040816326 2.0 1.816326530612245 1.163265306122449 1.3877551020408163
107 2.412112328651848 1.7755102040816326 2.0 1.816326530612245 1.163265306122449 1.3877551020408163
108 26.0 1.7755102040816326 2.0 1.816326530612245 1.163265306122449 1.3877551020408163
109 14.714561264822134 1.7755102040816326 2.0 1.816326530612245 1.163265306122449 1.3877551020408163
110 13.97954611089719 1.7755102040816326 2.0 1.816326530612245 1.163265306122449 1.3877551020408163
111 4.945245498790796 2.663265306122449 3.0 2.7244897959183674 1.7448979591836735 2.0816326530612246
112 4.737071019071019 2.663265306122449 3.0 2.7244897959183674 1.7448979591836735 2.0816326530612246
113 9.551979458450045 1.7755102040816326 2.0 1.816326530612245 1.163265306122449 1.3877551020408163
114 2.169592953934386 1.7755102040816326 2.0 1.816326530612245 1.163265306122449 1.3877551020408163
115 10.701454988387464 2.663265306122449 3.0 2.7244897959183674 1.7448979591836735 2.0816326530612246
116 14.07595255051173 2.663265306122449 3.0 2.7244897959183674 1.7448979591836735 2.0816326530612246
117 23.183282740197278 1.7755102040816326 2.0 1.816326530612245 1.163265306122449 1.3877551020408163
118 27.006835001123054 1.7755102040816326 2.0 1.816326530612245 1.163265306122449 1.3877551020408163
119 29.740644982050473 1.7755102040816326 2.0 1.816326530612245 1.163265306122449 1.3877551020408163
120 2.6161565108802147 1.7755102040816326 2.0 1.816326530612245 1.163265306122449 1.3877551020408163
121 10.401031882531885 1.7755102040816326 2.0 1.816326530612245 1.163265306122449 1.3877551020408163
122 11.645985396187283 1.7755102040816326 2.0 1.816326530612245 1.163265306122449 1.3877551020408163
123 10.160905501003063 1.7755102040816326 2.0 1.816326530612245 1.163265306122449 1.3877551020408163
124 5.412132854836849 2.663265306122449 3.0 2.7244897959183674 1.7448979591836735 2.0816326530612246
125 12.455477281821823 2.663265306122449 3.0 2.7244897959183674 1.7448979591836735 2.0816326530612246
126 19.40378420104183 2.663265306122449 3.0 2.7244897959183674 1.7448979591836735 2.0816326530612246
127 21.261225458469216 1.7755102040816326 2.0 1.816326530612245 1.163265306122449 1.3877551020408163
128 18.99986827682906 2.663265306122449 3.0 2.7244897959183674 1.7448979591836735 2.0816326530612246
129 9.698671915406477 1.7755102040816326 2.0 1.816326530612245 1.163265306122449 1.3877551020408163
130 5.849663649336234 2.663265306122449 3.0 2.7244897959183674 1.7448979591836735 2.0816326530612246
131 12.29810804866473 1.7755102040816326 2.0 1.816326530612245 1.163265306122449 1.3877551020408163
132 6.348673043685559 1.7755102040816326 2.0 1.816326530612245 1.163265306122449 1.3877551020408163
133 0.42943483302411867 1.7755102040816326 2.0 1.816326530612245 1.163265306122449 1.3877551020408163
134 14.02530422074267 1.7755102040816326 2.0 1.816326530612245 1.163265306122449 1.3877551020408163
135 13.0 2.663265306122449 3.0 2.7244897959183674 1.7448979591836735 2.0816326530612246
136 59.0 2.663265306122449 3.0 2.7244897959183674 1.7448979591836735 2.0816326530612246
137 10.811916876255227 1.7755102040816326 2.0 1.816326530612245 1.163265306122449 1.3877551020408163
138 9.171997793712078 2.663265306122449 3.0 2.7244897959183674 1.7448979591836735 2.0816326530612246
139 14.746578384156791 2.663265306122449 3.0 2.7244897959183674 1.7448979591836735 2.0816326530612246
140 28.69673517786561 1.7755102040816326 2.0 1.816326530612245 1.163265306122449 1.3877551020408163
141 8.159634262994022 2.663265306122449 3.0 2.7244897959183674 1.7448979591836735 2.0816326530612246
142 1.546792255363684 1.7755102040816326 2.0 1.816326530612245 1.163265306122449 1.3877551020408163
143 100.0 2.663265306122449 3.0 2.7244897959183674 1.7448979591836735 2.0816326530612246
144 6.8762460066831546 2.663265306122449 3.0 2.7244897959183674 1.7448979591836735 2.0816326530612246
145 11.76379406101145 1.7755102040816326 2.0 1.816326530612245 1.163265306122449 1.3877551020408163
146 3.2757510941439514 2.663265306122449 3.0 2.7244897959183674 1.7448979591836735 2.0816326530612246
147 10.112861201298701 1.7755102040816326 2.0 1.816326530612245 1.163265306122449 1.3877551020408163
148 17.28207669371056 1.7755102040816326 2.0 1.816326530612245 1.163265306122449 1.3877551020408163
149 1.0532240749017316 2.663265306122449 3.0 2.7244897959183674 1.7448979591836735 2.0816326530612246
150 0.806758727058745 1.7755102040816326 2.0 1.816326530612245 1.163265306122449 1.3877551020408163
151 25.043343972181177 1.7755102040816326 2.0 1.816326530612245 1.163265306122449 1.3877551020408163
152 15.09937754762922 2.663265306122449 3.0 2.7244897959183674 1.7448979591836735 2.0816326530612246
153 21.13507610591407 2.663265306122449 3.0 2.7244897959183674 1.7448979591836735 2.0816326530612246
154 12.809642857142858 2.663265306122449 3.0 2.7244897959183674 1.7448979591836735 2.0816326530612246
155 58.391954744161815 1.7755102040816326 2.0 1.816326530612245 1.163265306122449 1.3877551020408163
156 11.629244999694796 1.7755102040816326 2.0 1.816326530612245 1.163265306122449 1.3877551020408163
157 2.6626756702681074 2.663265306122449 3.0 2.7244897959183674 1.7448979591836735 2.0816326530612246
158 29.408771976875855 2.663265306122449 3.0 2.7244897959183674 1.7448979591836735 2.0816326530612246
159 2.514215351095509 1.7755102040816326 2.0 1.816326530612245 1.163265306122449 1.3877551020408163
160 23.124536521679378 1.7755102040816326 2.0 1.816326530612245 1.163265306122449 1.3877551020408163
161 6.415689093247359 2.663265306122449 3.0 2.7244897959183674 1.7448979591836735 2.0816326530612246
162 42.177356717709294 1.7755102040816326 2.0 1.816326530612245 1.163265306122449 1.3877551020408163
163 2.053818163420975 2.663265306122449 3.0 2.7244897959183674 1.7448979591836735 2.0816326530612246
164 2.0928534322820034 1.7755102040816326 2.0 1.816326530612245 1.163265306122449 1.3877551020408163
165 68.0 2.663265306122449 3.0 2.7244897959183674 1.7448979591836735 2.0816326530612246
166 13.7465031798883 1.7755102040816326 2.0 1.816326530612245 1.163265306122449 1.3877551020408163
167 0.40782142857142856 2.663265306122449 3.0 2.7244897959183674 1.7448979591836735 2.0816326530612246
168 3.148993262376721 1.7755102040816326 2.0 1.816326530612245 1.163265306122449 1.3877551020408163
169 9.718769359987382 2.663265306122449 3.0 2.7244897959183674 1.7448979591836735 2.0816326530612246
170 32.0 1.7755102040816326 2.0 1.816326530612245 1.163265306122449 1.3877551020408163
171 34.89295702077098 1.7755102040816326 2.0 1.816326530612245 1.163265306122449 1.3877551020408163
172 5.396911259892626 1.7755102040816326 2.0 1.816326530612245 1.163265306122449 1.3877551020408163
173 5.829346011131726 1.7755102040816326 2.0 1.816326530612245 1.163265306122449 1.3877551020408163
174 1.5209885454181675 1.7755102040816326 2.0 1.816326530612245 1.163265306122449 1.3877551020408163
175 71.0 1.7755102040816326 2.0 1.816326530612245 1.163265306122449 1.3877551020408163
176 25.540643267061874 2.663265306122449 3.0 2.7244897959183674 1.7448979591836735 2.0816326530612246
177 0.3257142857142856 1.7755102040816326 2.0 1.816326530612245 1.163265306122449 1.3877551020408163
178 5.404245907935132 1.7755102040816326 2.0 1.816326530612245 1.163265306122449 1.3877551020408163
179 12.511759107022261 2.663265306122449 3.0 2.7244897959183674 1.7448979591836735 2.0816326530612246
180 1.4934353457845093 1.7755102040816326 2.0 1.816326530612245 1.163265306122449 1.3877551020408163
181 0.8870096842564776 2.663265306122449 3.0 2.7244897959183674 1.7448979591836735 2.0816326530612246
182 8.148614987084514 1.7755102040816326 2.0 1.816326530612245 1.163265306122449 1.3877551020408163
183 47.0 1.7755102040816326 2.0 1.816326530612245 1.163265306122449 1.3877551020408163
184 15.252855963221682 2.663265306122449 3.0 2.7244897959183674 1.7448979591836735 2.0816326530612246
185 11.895444198515799 2.663265306122449 3.0 2.7244897959183674 1.7448979591836735 2.0816326530612246
186 16.31085691088118 2.663265306122449 3.0 2.7244897959183674 1.7448979591836735 2.0816326530612246
187 2.684684705678495 1.7755102040816326 2.0 1.816326530612245 1.163265306122449 1.3877551020408163
188 12.003465397889357 1.7755102040816326 2.0 1.816326530612245 1.163265306122449 1.3877551020408163
189 94.0 1.7755102040816326 2.0 1.816326530612245 1.163265306122449 1.3877551020408163
190 32.86028325728326 1.7755102040816326 2.0 1.816326530612245 1.163265306122449 1.3877551020408163
191 13.131752193752197 2.663265306122449 3.0 2.7244897959183674 1.7448979591836735 2.0816326530612246
192 1.3319306589377076 2.663265306122449 3.0 2.7244897959183674 1.7448979591836735 2.0816326530612246
193 39.71688652893293 1.7755102040816326 2.0 1.816326530612245 1.163265306122449 1.3877551020408163
194 13.536466813844186 1.7755102040816326 2.0 1.816326530612245 1.163265306122449 1.3877551020408163
195 22.97579081632653 2.663265306122449 3.0 2.7244897959183674 1.7448979591836735 2.0816326530612246
196 14.034698674752919 2.663265306122449 3.0 2.7244897959183674 1.7448979591836735 2.0816326530612246
197 2.4126008403361348 2.663265306122449 3.0 2.7244897959183674 1.7448979591836735 2.0816326530612246
198 13.361555258467023 1.7755102040816326 2.0 1.816326530612245 1.163265306122449 1.3877551020408163
199 25.846084796865284 1.7755102040816326 2.0 1.816326530612245 1.163265306122449 1.3877551020408163
200 2.448050530121959 1.7755102040816326 2.0 1.816326530612245 1.163265306122449 1.3877551020408163
201 0.5444302721088434 2.663265306122449 3.0 2.7244897959183674 1.7448979591836735 2.0816326530612246
202 1.0976554289619391 2.663265306122449 3.0 2.7244897959183674 1.7448979591836735 2.0816326530612246
203 27.87871904664245 2.663265306122449 3.0 2.7244897959183674 1.7448979591836735 2.0816326530612246
204 12.04155503144654 1.7755102040816326 2.0 1.816326530612245 1.163265306122449 1.3877551020408163
205 77.0 2.663265306122449 3.0 2.7244897959183674 1.7448979591836735 2.0816326530612246
206 7.838079083864859 2.663265306122449 3.0 2.7244897959183674 1.7448979591836735 2.0816326530612246
207 5.536775756814353 1.7755102040816326 2.0 1.816326530612245 1.163265306122449 1.3877551020408163
208 5.328963843350987 1.7755102040816326 2.0 1.816326530612245 1.163265306122449 1.3877551020408163
209 0.4598571182788653 1.7755102040816326 2.0 1.816326530612245 1.163265306122449 1.3877551020408163
210 17.826698679471793 1.7755102040816326 2.0 1.816326530612245 1.163265306122449 1.3877551020408163
211 14.643450471097529 2.663265306122449 3.0 2.7244897959183674 1.7448979591836735 2.0816326530612246
212 19.219852771438138 2.663265306122449 3.0 2.7244897959183674 1.7448979591836735 2.0816326530612246
213 2.6796432216641266 2.663265306122449 3.0 2.7244897959183674 1.7448979591836735 2.0816326530612246
214 23.0 2.663265306122449 3.0 2.7244897959183674 1.7448979591836735 2.0816326530612246
215 2.723351523476523 1.7755102040816326 2.0 1.816326530612245 1.163265306122449 1.3877551020408163
216 20.330075098814227 1.7755102040816326 2.0 1.816326530612245 1.163265306122449 1.3877551020408163
217 21.978688560973826 2.663265306122449 3.0 2.7244897959183674 1.7448979591836735 2.0816326530612246
218 3.0908458498023723 1.7755102040816326 2.0 1.816326530612245 1.163265306122449 1.3877551020408163
219 31.540560657829566 1.7755102040816326 2.0 1.816326530612245 1.163265306122449 1.3877551020408163
220 25.3662331969742 1.7755102040816326 2.0 1.816326530612245 1.163265306122449 1.3877551020408163
221 12.068310104529616 1.7755102040816326 2.0 1.816326530612245 1.163265306122449 1.3877551020408163
222 7.507335334725165 1.7755102040816326 2.0 1.816326530612245 1.163265306122449 1.3877551020408163
223 11.673117813274606 2.663265306122449 3.0 2.7244897959183674 1.7448979591836735 2.0816326530612246
224 0.6310714285714287 2.663265306122449 3.0 2.7244897959183674 1.7448979591836735 2.0816326530612246
225 0.69110418721133 2.663265306122449 3.0 2.7244897959183674 1.7448979591836735 2.0816326530612246
226 23.416676310139728 1.7755102040816326 2.0 1.816326530612245 1.163265306122449 1.3877551020408163
227 8.40369337979094 1.7755102040816326 2.0 1.816326530612245 1.163265306122449 1.3877551020408163
228 83.0 2.663265306122449 3.0 2.7244897959183674 1.7448979591836735 2.0816326530612246
229 17.295070568804018 2.663265306122449 3.0 2.7244897959183674 1.7448979591836735 2.0816326530612246
230 1.8783579536685666 2.663265306122449 3.0 2.7244897959183674 1.7448979591836735 2.0816326530612246
231 16.441716027874566 2.663265306122449 3.0 2.7244897959183674 1.7448979591836735 2.0816326530612246
232 5.8838928571428575 2.663265306122449 3.0 2.7244897959183674 1.7448979591836735 2.0816326530612246
233 34.81236167998667 1.7755102040816326 2.0 1.816326530612245 1.163265306122449 1.3877551020408163
234 1.59492779244565 1.7755102040816326 2.0 1.816326530612245 1.163265306122449 1.3877551020408163
235 2.200166477970989 1.7755102040816326 2.0 1.816326530612245 1.163265306122449 1.3877551020408163
236 0.7043735312306741 2.663265306122449 3.0 2.7244897959183674 1.7448979591836735 2.0816326530612246
237 50.512236126392594 2.663265306122449 3.0 2.7244897959183674 1.7448979591836735 2.0816326530612246
238 7.038888631543795 1.7755102040816326 2.0 1.816326530612245 1.163265306122449 1.3877551020408163
239 12.047256652661064 1.7755102040816326 2.0 1.816326530612245 1.163265306122449 1.3877551020408163
240 3.113470947701114 1.7755102040816326 2.0 1.816326530612245 1.163265306122449 1.3877551020408163
241 17.398591787812304 2.663265306122449 3.0 2.7244897959183674 1.7448979591836735 2.0816326530612246
242 11.066666666666666 1.7755102040816326 2.0 1.816326530612245 1.163265306122449 1.3877551020408163
243 9.29340584415584 2.663265306122449 3.0 2.7244897959183674 1.7448979591836735 2.0816326530612246
244 14.39051949081519 1.7755102040816326 2.0 1.816326530612245 1.163265306122449 1.3877551020408163
245 10.670684873949583 2.663265306122449 3.0 2.7244897959183674 1.7448979591836735 2.0816326530612246
246 7.87221441979381 2.663265306122449 3.0 2.7244897959183674 1.7448979591836735 2.0816326530612246
247 7.565458093780829 2.663265306122449 3.0 2.7244897959183674 1.7448979591836735 2.0816326530612246
248 11.992443316949421 1.7755102040816326 2.0 1.816326530612245 1.163265306122449 1.3877551020408163
249 3.900646319133714 1.7755102040816326 2.0 1.816326530612245 1.163265306122449 1.3877551020408163
250 20.92912490872055 1.7755102040816326 2.0 1.816326530612245 1.163265306122449 1.3877551020408163
251 70.0 2.663265306122449 3.0 2.7244897959183674 1.7448979591836735 2.0816326530612246
252 22.044660833367676 1.7755102040816326 2.0 1.816326530612245 1.163265306122449 1.3877551020408163
253 10.524848484848482 2.663265306122449 3.0 2.7244897959183674 1.7448979591836735 2.0816326530612246
254 26.36583224905176 1.7755102040816326 2.0 1.816326530612245 1.163265306122449 1.3877551020408163
255 16.369205323154898 2.663265306122449 3.0 2.7244897959183674 1.7448979591836735 2.0816326530612246
256 11.237382998482412 1.7755102040816326 2.0 1.816326530612245 1.163265306122449 1.3877551020408163
257 17.07210499294057 1.7755102040816326 2.0 1.816326530612245 1.163265306122449 1.3877551020408163
258 12.81223579087095 2.663265306122449 3.0 2.7244897959183674 1.7448979591836735 2.0816326530612246
259 23.852817033421136 1.7755102040816326 2.0 1.816326530612245 1.163265306122449 1.3877551020408163
260 22.516071683218737 2.663265306122449 3.0 2.7244897959183674 1.7448979591836735 2.0816326530612246
261 86.0 1.7755102040816326 2.0 1.816326530612245 1.163265306122449 1.3877551020408163
262 24.0 1.7755102040816326 2.0 1.816326530612245 1.163265306122449 1.3877551020408163
263 1.633714285714286 1.7755102040816326 2.0 1.816326530612245 1.163265306122449 1.3877551020408163
264 1.168712000215106 2.663265306122449 3.0 2.7244897959183674 1.7448979591836735 2.0816326530612246
265 93.0 1.7755102040816326 2.0 1.816326530612245 1.163265306122449 1.3877551020408163
266 90.0 1.7755102040816326 2.0 1.816326530612245 1.163265306122449 1.3877551020408163
267 45.0 1.7755102040816326 2.0 1.816326530612245 1.163265306122449 1.3877551020408163
268 0.42153974221267465 2.663265306122449 3.0 2.7244897959183674 1.7448979591836735 2.0816326530612246
269 2.6518628886185276 2.663265306122449 3.0 2.7244897959183674 1.7448979591836735 2.0816326530612246
270 7.264802648332058 2.663265306122449 3.0 2.7244897959183674 1.7448979591836735 2.0816326530612246
271 5.86970128106111 1.7755102040816326 2.0 1.816326530612245 1.163265306122449 1.3877551020408163
272 21.331222557597265 1.7755102040816326 2.0 1.816326530612245 1.163265306122449 1.3877551020408163
273 24.553040431266844 2.663265306122449 3.0 2.7244897959183674 1.7448979591836735 2.0816326530612246
274 15.794037377256885 1.7755102040816326 2.0 1.816326530612245 1.163265306122449 1.3877551020408163
275 2.0272207989578805 2.663265306122449 3.0 2.7244897959183674 1.7448979591836735 2.0816326530612246
276 0.5492115027829313 2.663265306122449 3.0 2.7244897959183674 1.7448979591836735 2.0816326530612246
277 1.142567216243482 2.663265306122449 3.0 2.7244897959183674 1.7448979591836735 2.0816326530612246
278 52.0 1.7755102040816326 2.0 1.816326530612245 1.163265306122449 1.3877551020408163
279 26.49644852902895 1.7755102040816326 2.0 1.816326530612245 1.163265306122449 1.3877551020408163
280 13.042976190476187 2.663265306122449 3.0 2.7244897959183674 1.7448979591836735 2.0816326530612246
281 12.040707191967696 1.7755102040816326 2.0 1.816326530612245 1.163265306122449 1.3877551020408163
282 17.652545259540258 2.663265306122449 3.0 2.7244897959183674 1.7448979591836735 2.0816326530612246
283 0.42355442176870756 2.663265306122449 3.0 2.7244897959183674 1.7448979591836735 2.0816326530612246
284 1.6823395628761482 1.7755102040816326 2.0 1.816326530612245 1.163265306122449 1.3877551020408163
285 8.282426114426114 2.663265306122449 3.0 2.7244897959183674 1.7448979591836735 2.0816326530612246
286 26.504879042526095 1.7755102040816326 2.0 1.816326530612245 1.163265306122449 1.3877551020408163
287 11.439477680952317 2.663265306122449 3.0 2.7244897959183674 1.7448979591836735 2.0816326530612246
288 21.0 1.7755102040816326 2.0 1.816326530612245 1.163265306122449 1.3877551020408163
289 5.058894248608534 2.663265306122449 3.0 2.7244897959183674 1.7448979591836735 2.0816326530612246
290 2.069582230132753 2.663265306122449 3.0 2.7244897959183674 1.7448979591836735 2.0816326530612246
291 9.996907253467425 1.7755102040816326 2.0 1.816326530612245 1.163265306122449 1.3877551020408163
292 19.707186994954554 2.663265306122449 3.0 2.7244897959183674 1.7448979591836735 2.0816326530612246
293 31.941142680845196 2.663265306122449 3.0 2.7244897959183674 1.7448979591836735 2.0816326530612246
294 1.3087792207792195 2.663265306122449 3.0 2.7244897959183674 1.7448979591836735 2.0816326530612246
295 20.0 1.7755102040816326 2.0 1.816326530612245 1.163265306122449 1.3877551020408163
296 4.022536010049883 1.7755102040816326 2.0 1.816326530612245 1.163265306122449 1.3877551020408163
297 0.6689822894675111 1.7755102040816326 2.0 1.816326530612245 1.163265306122449 1.3877551020408163
298 3.5562073107867835 2.663265306122449 3.0 2.7244897959183674 1.7448979591836735 2.0816326530612246
299 109.0 2.663265306122449 3.0 2.7244897959183674 1.7448979591836735 2.0816326530612246
300 2.2027046556568126 1.7755102040816326 2.0 1.816326530612245 1.163265306122449 1.3877551020408163
301 1.9011704471809001 2.663265306122449 3.0 2.7244897959183674 1.7448979591836735 2.0816326530612246
302 8.515914944594192 1.7755102040816326 2.0 1.816326530612245 1.163265306122449 1.3877551020408163
303 2.9951948950054064 1.7755102040816326 2.0 1.816326530612245 1.163265306122449 1.3877551020408163
304 15.011145038041244 1.7755102040816326 2.0 1.816326530612245 1.163265306122449 1.3877551020408163
305 9.761098439375749 2.663265306122449 3.0 2.7244897959183674 1.7448979591836735 2.0816326530612246
306 40.0 1.7755102040816326 2.0 1.816326530612245 1.163265306122449 1.3877551020408163
307 20.394329903566984 1.7755102040816326 2.0 1.816326530612245 1.163265306122449 1.3877551020408163
308 29.0 2.663265306122449 3.0 2.7244897959183674 1.7448979591836735 2.0816326530612246
309 22.589810383470414 2.663265306122449 3.0 2.7244897959183674 1.7448979591836735 2.0816326530612246
310 24.614606442577035 2.663265306122449 3.0 2.7244897959183674 1.7448979591836735 2.0816326530612246
311 3.797208216619981 2.663265306122449 3.0 2.7244897959183674 1.7448979591836735 2.0816326530612246
312 0.42759312422470325 2.663265306122449 3.0 2.7244897959183674 1.7448979591836735 2.0816326530612246
313 8.613203463203464 2.663265306122449 3.0 2.7244897959183674 1.7448979591836735 2.0816326530612246
314 3.0123395628761487 1.7755102040816326 2.0 1.816326530612245 1.163265306122449 1.3877551020408163
315 3.4709683752011307 2.663265306122449 3.0 2.7244897959183674 1.7448979591836735 2.0816326530612246
316 6.933389791455128 1.7755102040816326 2.0 1.816326530612245 1.163265306122449 1.3877551020408163
317 23.61455697568947 1.7755102040816326 2.0 1.816326530612245 1.163265306122449 1.3877551020408163
318 4.5971581359816645 1.7755102040816326 2.0 1.816326530612245 1.163265306122449 1.3877551020408163
319 6.242523079770064 1.7755102040816326 2.0 1.816326530612245 1.163265306122449 1.3877551020408163
320 25.0 1.7755102040816326 2.0 1.816326530612245 1.163265306122449 1.3877551020408163
321 4.374618696618698 2.663265306122449 3.0 2.7244897959183674 1.7448979591836735 2.0816326530612246
322 73.0 2.663265306122449 3.0 2.7244897959183674 1.7448979591836735 2.0816326530612246
323 12.422956035605731 1.7755102040816326 2.0 1.816326530612245 1.163265306122449 1.3877551020408163
324 17.380877812877806 2.663265306122449 3.0 2.7244897959183674 1.7448979591836735 2.0816326530612246
325 1.6330516358028788 2.663265306122449 3.0 2.7244897959183674 1.7448979591836735 2.0816326530612246
326 11.069894961237585 1.7755102040816326 2.0 1.816326530612245 1.163265306122449 1.3877551020408163
327 6.104766967422757 2.663265306122449 3.0 2.7244897959183674 1.7448979591836735 2.0816326530612246
328 1.765432810136973 2.663265306122449 3.0 2.7244897959183674 1.7448979591836735 2.0816326530612246
329 1.214748432706416 2.663265306122449 3.0 2.7244897959183674 1.7448979591836735 2.0816326530612246
330 15.228992233256934 2.663265306122449 3.0 2.7244897959183674 1.7448979591836735 2.0816326530612246
331 7.890846818134842 1.7755102040816326 2.0 1.816326530612245 1.163265306122449 1.3877551020408163
332 43.0 2.663265306122449 3.0 2.7244897959183674 1.7448979591836735 2.0816326530612246
333 37.29222213413668 1.7755102040816326 2.0 1.816326530612245 1.163265306122449 1.3877551020408163
334 2.9342421602787456 2.663265306122449 3.0 2.7244897959183674 1.7448979591836735 2.0816326530612246
335 25.040933108558107 2.663265306122449 3.0 2.7244897959183674 1.7448979591836735 2.0816326530612246
336 4.413190807651012 2.663265306122449 3.0 2.7244897959183674 1.7448979591836735 2.0816326530612246
337 0.8336838820433834 2.663265306122449 3.0 2.7244897959183674 1.7448979591836735 2.0816326530612246
338 11.876418377220265 2.663265306122449 3.0 2.7244897959183674 1.7448979591836735 2.0816326530612246
339 19.0 1.7755102040816326 2.0 1.816326530612245 1.163265306122449 1.3877551020408163
340 0.4342857142857138 1.7755102040816326 2.0 1.816326530612245 1.163265306122449 1.3877551020408163
341 20.111142171762324 1.7755102040816326 2.0 1.816326530612245 1.163265306122449 1.3877551020408163
342 6.624320563606279 1.7755102040816326 2.0 1.816326530612245 1.163265306122449 1.3877551020408163
343 3.0547011257333128 2.663265306122449 3.0 2.7244897959183674 1.7448979591836735 2.0816326530612246
344 11.247188149836207 2.663265306122449 3.0 2.7244897959183674 1.7448979591836735 2.0816326530612246
345 8.712459960923571 2.663265306122449 3.0 2.7244897959183674 1.7448979591836735 2.0816326530612246
346 0.23662120260219266 2.663265306122449 3.0 2.7244897959183674 1.7448979591836735 2.0816326530612246
347 1.151926099194762 1.7755102040816326 2.0 1.816326530612245 1.163265306122449 1.3877551020408163
348 3.154787353374462 1.7755102040816326 2.0 1.816326530612245 1.163265306122449 1.3877551020408163
349 90.0 2.663265306122449 3.0 2.7244897959183674 1.7448979591836735 2.0816326530612246
350 17.35159346359346 1.7755102040816326 2.0 1.816326530612245 1.163265306122449 1.3877551020408163
351 5.1474123989218326 2.663265306122449 3.0 2.7244897959183674 1.7448979591836735 2.0816326530612246
352 1.2155338250599579 2.663265306122449 3.0 2.7244897959183674 1.7448979591836735 2.0816326530612246
353 2.5721204274813383 2.663265306122449 3.0 2.7244897959183674 1.7448979591836735 2.0816326530612246
354 3.007824510242629 1.7755102040816326 2.0 1.816326530612245 1.163265306122449 1.3877551020408163
355 15.453333333333333 1.7755102040816326 2.0 1.816326530612245 1.163265306122449 1.3877551020408163
356 45.0 1.7755102040816326 2.0 1.816326530612245 1.163265306122449 1.3877551020408163
357 24.529836922911453 2.663265306122449 3.0 2.7244897959183674 1.7448979591836735 2.0816326530612246
358 3.7243647458983586 2.663265306122449 3.0 2.7244897959183674 1.7448979591836735 2.0816326530612246
359 46.79447285168584 1.7755102040816326 2.0 1.816326530612245 1.163265306122449 1.3877551020408163
360 8.152632335953248 2.663265306122449 3.0 2.7244897959183674 1.7448979591836735 2.0816326530612246
361 1.6218556311413455 2.663265306122449 3.0 2.7244897959183674 1.7448979591836735 2.0816326530612246
362 1.6235224651125273 2.663265306122449 3.0 2.7244897959183674 1.7448979591836735 2.0816326530612246
363 35.766618397998805 2.663265306122449 3.0 2.7244897959183674 1.7448979591836735 2.0816326530612246
364 0.850008162762518 1.7755102040816326 2.0 1.816326530612245 1.163265306122449 1.3877551020408163
365 2.069096286736038 2.663265306122449 3.0 2.7244897959183674 1.7448979591836735 2.0816326530612246
366 24.22447226038786 1.7755102040816326 2.0 1.816326530612245 1.163265306122449 1.3877551020408163
367 1.771223174175331 1.7755102040816326 2.0 1.816326530612245 1.163265306122449 1.3877551020408163
368 0.8795489790890486 2.663265306122449 3.0 2.7244897959183674 1.7448979591836735 2.0816326530612246
369 1.7201020124511759 2.663265306122449 3.0 2.7244897959183674 1.7448979591836735 2.0816326530612246
370 0.8229801314958108 2.663265306122449 3.0 2.7244897959183674 1.7448979591836735 2.0816326530612246
371 9.250511832319136 1.7755102040816326 2.0 1.816326530612245 1.163265306122449 1.3877551020408163
372 14.835719203481041 2.663265306122449 3.0 2.7244897959183674 1.7448979591836735 2.0816326530612246
373 10.389087885154058 1.7755102040816326 2.0 1.816326530612245 1.163265306122449 1.3877551020408163
374 17.795740983754925 1.7755102040816326 2.0 1.816326530612245 1.163265306122449 1.3877551020408163
375 26.690990259740257 1.7755102040816326 2.0 1.816326530612245 1.163265306122449 1.3877551020408163
376 11.688788204276927 2.663265306122449 3.0 2.7244897959183674 1.7448979591836735 2.0816326530612246
377 18.454033736502748 1.7755102040816326 2.0 1.816326530612245 1.163265306122449 1.3877551020408163
378 5.344077975844426 2.663265306122449 3.0 2.7244897959183674 1.7448979591836735 2.0816326530612246
379 15.483111962005795 1.7755102040816326 2.0 1.816326530612245 1.163265306122449 1.3877551020408163
380 9.406766846361185 1.7755102040816326 2.0 1.816326530612245 1.163265306122449 1.3877551020408163
381 4.627248223474638 1.7755102040816326 2.0 1.816326530612245 1.163265306122449 1.3877551020408163
382 2.211495257309211 1.7755102040816326 2.0 1.816326530612245 1.163265306122449 1.3877551020408163
383 33.322293258212376 1.7755102040816326 2.0 1.816326530612245 1.163265306122449 1.3877551020408163
384 3.6442486085343226 1.7755102040816326 2.0 1.816326530612245 1.163265306122449 1.3877551020408163
385 12.221573854699113 2.663265306122449 3.0 2.7244897959183674 1.7448979591836735 2.0816326530612246
386 7.913811903292391 2.663265306122449 3.0 2.7244897959183674 1.7448979591836735 2.0816326530612246
387 4.037047619047618 2.663265306122449 3.0 2.7244897959183674 1.7448979591836735 2.0816326530612246
388 6.850683278780838 1.7755102040816326 2.0 1.816326530612245 1.163265306122449 1.3877551020408163
389 1.2031499946674649 1.7755102040816326 2.0 1.816326530612245 1.163265306122449 1.3877551020408163
390 23.451476393568107 1.7755102040816326 2.0 1.816326530612245 1.163265306122449 1.3877551020408163
391 26.858542241730387 2.663265306122449 3.0 2.7244897959183674 1.7448979591836735 2.0816326530612246
392 96.0 1.7755102040816326 2.0 1.816326530612245 1.163265306122449 1.3877551020408163
393 18.51456126482214 2.663265306122449 3.0 2.7244897959183674 1.7448979591836735 2.0816326530612246
394 69.0 1.7755102040816326 2.0 1.816326530612245 1.163265306122449 1.3877551020408163
395 10.618176761660804 2.663265306122449 3.0 2.7244897959183674 1.7448979591836735 2.0816326530612246
396 8.138954649117592 2.663265306122449 3.0 2.7244897959183674 1.7448979591836735 2.0816326530612246
397 1.053281218357364 1.7755102040816326 2.0 1.816326530612245 1.163265306122449 1.3877551020408163
398 0.9030089491160919 2.663265306122449 3.0 2.7244897959183674 1.7448979591836735 2.0816326530612246
399 17.69705352347212 2.663265306122449 3.0 2.7244897959183674 1.7448979591836735 2.0816326530612246
