400 2
TREE NETWORK (nID nID Weight):
126 0 56
269 0 36
313 269 40
135 126 41
147 269 39
383 269 48
10 135 52
179 135 36
275 383 30
161 0 54
278 383 52
109 313 33
28 313 47
228 278 42
58 161 49
76 109 45
199 383 30
143 228 43
301 135 42
47 58 47
238 58 37
141 228 52
225 28 47
51 238 36
131 269 32
182 141 59
133 147 51
330 10 54
270 275 49
39 147 47
91 28 40
223 126 38
392 238 47
319 313 54
171 392 51
170 133 45
156 141 32
25 278 54
291 225 38
157 182 51
281 157 39
215 383 30
110 330 56
148 392 53
333 28 45
287 333 42
53 156 50
363 278 42
174 0 52
242 39 37
361 383 50
315 51 34
57 182 52
336 179 54
292 28 40
124 170 38
107 135 31
16 315 43
202 126 37
8 270 39
61 171 40
151 147 44
2 278 45
204 223 37
169 161 38
128 363 37
367 315 39
123 333 38
272 123 45
59 169 36
304 131 41
284 278 48
79 8 31
201 143 54
165 333 34
54 141 31
394 126 45
381 47 30
262 0 49
127 135 35
227 333 45
66 287 48
137 319 36
250 128 57
181 16 37
75 281 59
252 204 32
21 148 38
351 61 53
26 287 36
236 367 37
320 148 50
111 250 36
106 148 35
103 127 43
346 250 39
331 66 35
138 392 53
139 2 40
175 346 58
390 54 45
27 143 48
84 313 33
130 278 31
241 106 59
140 10 42
35 84 59
212 381 57
64 140 37
368 25 39
384 181 50
274 368 47
52 225 54
187 201 50
373 351 50
376 313 34
342 141 36
18 140 42
312 26 47
348 84 41
4 57 43
328 18 38
196 171 37
149 394 51
155 284 30
42 8 36
77 4 36
220 175 50
271 262 55
245 111 58
248 47 50
40 77 51
17 4 41
69 21 44
37 281 34
298 135 47
119 135 38
85 331 30
80 42 54
118 245 40
321 228 44
314 124 52
65 110 41
114 342 53
354 151 33
68 336 35
34 376 56
190 34 47
399 274 48
134 384 52
303 61 54
208 138 47
158 51 42
386 137 32
166 126 50
159 2 55
372 91 51
285 127 58
36 169 47
188 61 32
282 16 31
3 65 34
224 169 52
233 161 32
338 227 53
214 333 39
164 252 53
207 149 52
13 156 30
276 190 39
198 245 34
142 138 56
280 346 56
185 285 51
67 171 51
221 181 41
358 214 37
197 126 30
195 147 58
192 85 32
180 383 43
150 320 38
253 269 59
95 281 45
254 64 57
122 188 34
235 52 59
23 292 52
168 252 57
277 342 36
31 84 36
325 215 48
163 68 38
144 133 41
305 182 43
218 138 47
239 381 54
234 179 56
186 133 54
44 228 58
81 180 32
283 179 49
136 16 51
240 399 37
396 278 54
160 298 43
125 384 46
7 161 50
365 235 56
286 4 45
378 331 55
94 144 30
88 180 34
63 150 59
99 298 56
20 188 44
146 130 32
87 252 40
256 111 34
369 157 54
263 138 53
255 304 52
347 292 45
340 3 35
24 174 35
97 262 30
380 118 31
244 262 36
113 212 30
15 305 52
191 354 55
32 15 43
268 372 30
352 113 44
183 18 43
70 312 39
229 384 32
219 245 57
387 124 48
246 346 34
362 365 33
108 372 40
93 124 30
98 381 31
295 185 37
19 63 33
364 182 36
173 148 39
308 381 45
55 21 31
359 197 50
322 248 43
100 20 44
104 175 47
209 358 36
243 24 33
357 346 55
60 195 38
335 384 34
231 274 55
327 123 50
370 305 55
43 58 42
323 292 36
344 0 49
366 185 49
294 119 40
9 386 40
266 372 52
316 134 33
200 110 42
193 218 37
289 191 46
226 126 58
237 94 31
329 7 51
22 124 43
388 124 32
374 201 30
105 225 59
343 51 46
332 219 43
267 286 30
178 76 43
251 100 48
5 321 52
29 52 32
258 123 39
73 168 57
211 312 39
210 342 31
247 234 30
356 364 40
154 331 38
216 119 55
393 125 34
290 284 39
194 199 50
115 198 38
33 67 50
83 130 48
397 21 36
71 148 45
45 127 33
264 125 32
189 281 53
203 358 58
46 204 32
260 236 46
353 301 37
257 52 42
341 219 51
382 248 33
49 97 54
50 55 58
72 185 35
317 328 59
117 31 37
167 65 58
324 17 54
74 303 42
296 27 49
297 229 55
375 322 47
56 243 35
172 357 44
176 189 46
129 158 46
82 40 49
6 134 45
62 151 37
11 129 39
339 165 50
385 338 33
132 272 35
371 354 40
379 216 33
302 11 47
120 87 36
249 58 52
112 132 32
398 44 55
261 67 42
162 39 52
306 284 39
48 341 39
391 399 32
355 333 57
38 61 55
377 224 43
230 9 44
350 73 47
389 277 59
12 189 52
279 361 57
1 43 48
326 11 33
265 397 36
232 362 44
116 308 55
345 196 38
293 63 43
14 363 42
300 392 54
78 65 38
213 55 36
259 137 34
101 301 59
360 215 32
309 182 38
311 343 40
349 221 54
145 119 41
102 254 37
92 123 41
152 306 52
222 239 41
307 7 32
41 39 53
217 128 51
89 76 36
90 354 55
318 190 41
30 326 45
153 220 55
96 19 59
177 258 37
121 68 42
205 198 48
86 166 36
337 123 47
299 235 36
395 127 43
288 341 38
273 240 57
310 382 51
184 326 42
206 370 32
334 353 45
PROGRAMS ASSIGNED TO NODES (nID pID1 pID2 ...):
0 1 2
2 2
3 1
4 2
5 2
8 2
9 2
13 1
16 1
17 2
18 1
22 1
23 2
26 1
27 2
30 2
31 1
35 1
38 1
41 1
43 2
50 1
54 2
58 1
59 1
63 1
64 2
67 1
68 2
69 2
71 1
73 2
74 1
75 2
76 2
77 2
79 2
80 1
81 1
82 1
83 2
84 2
85 1
88 1
91 1
92 2
93 2
94 2
96 2
97 2
98 1
99 2
100 2
103 2
107 1
108 1
109 1
110 2
112 1
113 1
118 2
119 2
120 2
123 2
124 2
125 1
127 2
132 2
135 1
138 2
143 2
144 2
149 1
151 1
159 1
162 2
164 2
165 1
166 1
167 2
168 2
169 2
171 2
172 1
173 2
178 2
183 1
184 1
186 2
187 2
189 2
190 2
191 1
192 2
194 2
195 2
198 1
200 1
201 2
202 2
203 1
205 1
206 2
211 2
213 2
215 2
217 2
219 1
222 1
228 2
230 1
231 1
232 2
235 1
236 2
238 1
239 2
240 1
243 2
244 2
248 1
249 2
253 1
263 1
264 1
266 1
269 1
270 2
272 2
274 1
276 2
278 1
279 2
285 1
286 1
294 1
302 2
303 2
305 1
309 2
310 1
314 2
315 1
318 1
320 1
321 1
324 2
327 1
328 2
331 1
332 2
333 1
335 1
337 1
341 2
345 2
346 1
347 2
350 2
351 1
357 2
360 1
361 1
362 2
363 1
365 2
369 2
375 2
376 1
377 2
378 1
382 2
385 1
386 1
390 1
393 2
395 1
397 2
399 2
SIZE OF PROGRAMS (pID SIZE):
1 64.0
2 62.0
COST TO INSTALL SERVERS AND PROGRAMS ON NODES (COST_TO_INSTALL_SERVER COST_TO_INSTALL_pID1 ...):
0 1393.75 2.0 1.9375
1 58.0 3.0 2.90625
2 2.3581250000000007 3.0 2.90625
3 4.62358371741442 2.0 1.9375
4 7.593107837340693 2.0 1.9375
5 3.2265213952713965 3.0 2.90625
6 59.0 2.0 1.9375
7 31.0 2.0 1.9375
8 1.0220947802197802 3.0 2.90625
9 10.476180555555555 3.0 2.90625
10 0.38087476547842414 2.0 1.9375
11 6.445320689478297 3.0 2.90625
12 18.0 3.0 2.90625
13 4.937875457875458 3.0 2.90625
14 57.0 3.0 2.90625
15 76.0 2.0 1.9375
16 1.2540032221248023 3.0 2.90625
17 5.499393292018235 3.0 2.90625
18 0.783999765478424 3.0 2.90625
19 0.9473054486981154 3.0 2.90625
20 0.861430606604373 3.0 2.90625
21 1.2746666338247346 2.0 1.9375
22 3.7611061326894 3.0 2.90625
23 2.6564573104200764 3.0 2.90625
24 0.03449175824175832 3.0 2.90625
25 2.1559027777777775 3.0 2.90625
26 11.264902482269504 2.0 1.9375
27 3.887048513502002 2.0 1.9375
28 1.483993794326241 3.0 2.90625
29 94.0 3.0 2.90625
30 6.926506786770761 2.0 1.9375
31 3.056969696969697 2.0 1.9375
32 88.0 2.0 1.9375
33 21.0 2.0 1.9375
34 3.756299019607843 2.0 1.9375
35 2.041150487930149 3.0 2.90625
36 32.0 3.0 2.90625
37 17.0 2.0 1.9375
38 0.760127781597476 2.0 1.9375
39 2.6874505591925804 3.0 2.90625
40 1.1933025921525537 2.0 1.9375
41 2.3928316297645877 2.0 1.9375
42 0.7969370312227455 2.0 1.9375
43 0.1952144746787604 2.0 1.9375
44 76.0 2.0 1.9375
45 63.0 2.0 1.9375
46 13.0 3.0 2.90625
47 0.3648112968591692 2.0 1.9375
48 87.0 2.0 1.9375
49 52.0 3.0 2.90625
50 5.185476955545311 3.0 2.90625
51 3.411489167739168 2.0 1.9375
52 4.509932033096927 2.0 1.9375
53 62.0 2.0 1.9375
54 6.109206989247311 2.0 1.9375
55 11.379198224914362 3.0 2.90625
56 11.0 3.0 2.90625
57 11.187448392003473 2.0 1.9375
58 79.0 3.0 2.90625
59 1.5883040935672512 2.0 1.9375
60 101.0 2.0 1.9375
61 9.716815067123264 2.0 1.9375
62 71.0 2.0 1.9375
63 11.832357328249522 3.0 2.90625
64 2.434357093960753 3.0 2.90625
65 1.146525171982489 2.0 1.9375
66 5.987952127659574 2.0 1.9375
67 3.655526047873625 2.0 1.9375
68 3.1941821525358116 2.0 1.9375
69 4.608756035794237 2.0 1.9375
70 91.0 3.0 2.90625
71 3.7275053301525745 2.0 1.9375
72 60.0 3.0 2.90625
73 0.5621086076678182 3.0 2.90625
74 5.487981696799861 2.0 1.9375
75 0.8875569529202381 3.0 2.90625
76 0.3622537878787879 3.0 2.90625
77 9.109774504007358 2.0 1.9375
78 85.0 2.0 1.9375
79 0.7029355267748123 3.0 2.90625
80 0.8154555497412641 3.0 2.90625
81 0.35994832041343666 3.0 2.90625
82 7.943489022303078 2.0 1.9375
83 0.5560363247863249 2.0 1.9375
84 3.4974810606060607 3.0 2.90625
85 16.574069148936168 2.0 1.9375
86 74.0 2.0 1.9375
87 0.4995647480186953 3.0 2.90625
88 2.0891016871865022 3.0 2.90625
89 28.0 3.0 2.90625
90 78.0 3.0 2.90625
91 0.4339479905437352 2.0 1.9375
92 0.7175423005489855 2.0 1.9375
93 0.7666175478288482 2.0 1.9375
94 3.1201583250561007 3.0 2.90625
95 37.0 3.0 2.90625
96 6.895591166764962 2.0 1.9375
97 0.13944727891156466 2.0 1.9375
98 3.630515534513965 2.0 1.9375
99 0.21393797724071462 3.0 2.90625
100 6.014038185080784 3.0 2.90625
101 97.0 3.0 2.90625
102 99.0 2.0 1.9375
103 0.29263770156389274 3.0 2.90625
104 58.0 3.0 2.90625
105 39.0 2.0 1.9375
106 17.0 2.0 1.9375
107 1.061009328987299 3.0 2.90625
108 3.716629119732999 3.0 2.90625
109 0.4561931818181819 3.0 2.90625
110 0.8392080988117574 2.0 1.9375
111 12.823656627275048 2.0 1.9375
112 1.0096706304769014 3.0 2.90625
113 4.3454900676209265 2.0 1.9375
114 84.0 3.0 2.90625
115 65.0 2.0 1.9375
116 108.0 2.0 1.9375
117 94.0 2.0 1.9375
118 0.9880719770771947 3.0 2.90625
119 2.095077824133504 3.0 2.90625
120 0.7686619702409176 2.0 1.9375
121 98.0 3.0 2.90625
122 41.0 2.0 1.9375
123 4.134169232922732 3.0 2.90625
124 7.215020987139795 3.0 2.90625
125 16.25683551376763 3.0 2.90625
126 70.0 2.0 1.9375
127 0.4985670731707316 2.0 1.9375
128 0.9047232328482328 3.0 2.90625
129 5.898445689478299 2.0 1.9375
130 0.3299946581196582 3.0 2.90625
131 58.0 3.0 2.90625
132 13.730341078760734 2.0 1.9375
133 1.427879901960784 3.0 2.90625
134 23.0 3.0 2.90625
135 92.0 3.0 2.90625
136 56.0 2.0 1.9375
137 3.703194444444445 2.0 1.9375
138 0.9430876864563136 2.0 1.9375
139 16.0 2.0 1.9375
140 3.7106648686679167 3.0 2.90625
141 7.692467948717948 2.0 1.9375
142 33.0 2.0 1.9375
143 0.5186747522503338 2.0 1.9375
144 0.3133597208426835 3.0 2.90625
145 52.0 2.0 1.9375
146 24.0 3.0 2.90625
147 0.08245192307692309 3.0 2.90625
148 3.233588307977359 3.0 2.90625
149 0.0819981325863679 3.0 2.90625
150 6.615555413240516 2.0 1.9375
151 1.1240093240093239 3.0 2.90625
152 86.0 3.0 2.90625
153 28.0 3.0 2.90625
154 17.0 2.0 1.9375
155 69.0 2.0 1.9375
156 0.6096459096459097 3.0 2.90625
157 4.322237089099004 2.0 1.9375
158 6.826336604461604 3.0 2.90625
159 2.9566433566433563 2.0 1.9375
160 46.0 3.0 2.90625
161 0.08263888888888848 2.0 1.9375
162 1.75030346426623 3.0 2.90625
163 57.0 2.0 1.9375
164 0.5584208800941671 2.0 1.9375
165 0.6044055068836045 2.0 1.9375
166 61.0 3.0 2.90625
167 0.6710597315885375 2.0 1.9375
168 0.45333667784325676 3.0 2.90625
169 1.3122441520467834 2.0 1.9375
170 3.494338235294117 2.0 1.9375
171 7.301815067123266 2.0 1.9375
172 0.9977434072170915 3.0 2.90625
173 0.6230333792941324 2.0 1.9375
174 69.0 2.0 1.9375
175 87.0 2.0 1.9375
176 17.0 3.0 2.90625
177 79.0 2.0 1.9375
178 0.5064398343904157 3.0 2.90625
179 0.24040602013162993 2.0 1.9375
180 0.9596899224806199 3.0 2.90625
181 1.5945437626653434 3.0 2.90625
182 5.273340395480225 2.0 1.9375
183 0.6470593124024774 2.0 1.9375
184 1.2018158117537 2.0 1.9375
185 25.0 2.0 1.9375
186 2.2429801407742582 2.0 1.9375
187 0.6606145670651487 3.0 2.90625
188 4.904379094171692 2.0 1.9375
189 0.9963283392329978 2.0 1.9375
190 1.1349233416770965 2.0 1.9375
191 2.985827505827506 3.0 2.90625
192 7.545060790273556 2.0 1.9375
193 80.0 2.0 1.9375
194 2.0485833333333336 3.0 2.90625
195 0.884808797524315 3.0 2.90625
196 3.2360344995770975 3.0 2.90625
197 66.0 3.0 2.90625
198 1.1481805607779774 2.0 1.9375
199 1.3045833333333334 3.0 2.90625
200 0.4786453835234323 3.0 2.90625
201 0.5366145670651484 3.0 2.90625
202 70.0 3.0 2.90625
203 0.7635905774277014 3.0 2.90625
204 0.15081474801869543 3.0 2.90625
205 1.1815138941113106 3.0 2.90625
206 0.9525925399710872 3.0 2.90625
207 40.0 3.0 2.90625
208 53.0 3.0 2.90625
209 79.0 2.0 1.9375
210 40.0 3.0 2.90625
211 5.5021224962980275 3.0 2.90625
212 3.0654900676209262 2.0 1.9375
213 0.9994391372788378 2.0 1.9375
214 0.48027277686852154 3.0 2.90625
215 4.897083333333333 2.0 1.9375
216 13.0 3.0 2.90625
217 0.5667499007572537 3.0 2.90625
218 39.0 2.0 1.9375
219 8.294302793038048 3.0 2.90625
220 50.0 3.0 2.90625
221 17.0 3.0 2.90625
222 3.4395023340593807 3.0 2.90625
223 0.0801221804511278 2.0 1.9375
224 0.6394708726945569 3.0 2.90625
225 0.6105452127659575 3.0 2.90625
226 15.0 2.0 1.9375
227 0.4583924349881797 3.0 2.90625
228 0.7610576923076924 2.0 1.9375
229 85.0 3.0 2.90625
230 5.037171717171716 3.0 2.90625
231 4.616057795632264 2.0 1.9375
232 5.758972407215735 3.0 2.90625
233 102.0 3.0 2.90625
234 90.0 2.0 1.9375
235 9.616398655687782 2.0 1.9375
236 0.8962800845678999 2.0 1.9375
237 61.0 3.0 2.90625
238 1.8948225010725013 2.0 1.9375
239 7.805775498142518 2.0 1.9375
240 5.755713815288282 2.0 1.9375
241 31.0 3.0 2.90625
242 43.0 3.0 2.90625
243 0.2905024142524143 2.0 1.9375
244 0.008127834467120199 3.0 2.90625
245 12.979798868654358 3.0 2.90625
246 49.0 3.0 2.90625
247 92.0 3.0 2.90625
248 4.728886609253631 2.0 1.9375
249 0.41970717774289207 3.0 2.90625
250 1.32265086442718 2.0 1.9375
251 64.0 3.0 2.90625
252 2.0673884881121727 3.0 2.90625
253 0.5175141242937851 2.0 1.9375
254 62.0 3.0 2.90625
255 38.0 2.0 1.9375
256 36.0 2.0 1.9375
257 83.0 2.0 1.9375
258 83.0 2.0 1.9375
259 57.0 3.0 2.90625
260 49.0 3.0 2.90625
261 103.0 3.0 2.90625
262 0.5654336734693878 2.0 1.9375
263 3.5987002987060333 2.0 1.9375
264 1.2770574253427829 3.0 2.90625
265 54.0 3.0 2.90625
266 4.095090658194538 2.0 1.9375
267 11.0 3.0 2.90625
268 73.0 2.0 1.9375
269 0.9260416666666665 3.0 2.90625
270 3.88220238095238 2.0 1.9375
271 82.0 3.0 2.90625
272 10.97034107876073 2.0 1.9375
273 31.0 3.0 2.90625
274 1.2855530551009275 2.0 1.9375
275 0.44187499999999996 3.0 2.90625
276 4.304572210226151 2.0 1.9375
277 93.0 2.0 1.9375
278 1.1447916666666669 3.0 2.90625
279 1.4612149122807019 3.0 2.90625
280 78.0 3.0 2.90625
281 0.8793472071575263 2.0 1.9375
282 101.0 3.0 2.90625
283 73.0 2.0 1.9375
284 59.0 2.0 1.9375
285 0.3635852457046738 2.0 1.9375
286 6.193541043111402 2.0 1.9375
287 3.9973271276595748 3.0 2.90625
288 24.0 2.0 1.9375
289 86.0 3.0 2.90625
290 60.0 3.0 2.90625
291 72.0 2.0 1.9375
292 1.9410726950354606 3.0 2.90625
293 38.0 2.0 1.9375
294 1.792825967357418 3.0 2.90625
295 30.0 2.0 1.9375
296 92.0 2.0 1.9375
297 46.0 2.0 1.9375
298 0.20009869152642895 2.0 1.9375
299 80.0 3.0 2.90625
300 15.0 3.0 2.90625
301 104.0 2.0 1.9375
302 5.1828067545334955 3.0 2.90625
303 5.650098975137304 3.0 2.90625
304 106.0 2.0 1.9375
305 1.5099479624632364 2.0 1.9375
306 16.0 3.0 2.90625
307 103.0 3.0 2.90625
308 56.0 3.0 2.90625
309 3.9905226928141735 3.0 2.90625
310 0.6327305662002605 2.0 1.9375
311 46.0 3.0 2.90625
312 4.548276342451875 3.0 2.90625
313 0.5702083333333335 3.0 2.90625
314 0.5823066503929507 3.0 2.90625
315 8.87688807504984 2.0 1.9375
316 51.0 2.0 1.9375
317 81.0 2.0 1.9375
318 3.795399359536237 3.0 2.90625
319 3.8684722222222225 2.0 1.9375
320 9.162338929498404 2.0 1.9375
321 0.8505463286713287 3.0 2.90625
322 2.1049282031301715 3.0 2.90625
323 27.0 2.0 1.9375
324 6.188282180907124 3.0 2.90625
325 57.0 3.0 2.90625
326 15.839907408657407 2.0 1.9375
327 0.6125912653975366 3.0 2.90625
328 0.5489355571151144 3.0 2.90625
329 80.0 3.0 2.90625
330 1.8084434281842818 3.0 2.90625
331 11.84469414893617 3.0 2.90625
332 1.0860299534133842 3.0 2.90625
333 4.77219414893617 3.0 2.90625
334 82.0 2.0 1.9375
335 7.356973708066925 2.0 1.9375
336 0.35522083494644474 2.0 1.9375
337 3.7245688689809624 3.0 2.90625
338 0.5791471519693119 3.0 2.90625
339 27.0 3.0 2.90625
340 24.0 2.0 1.9375
341 1.1602875343527366 2.0 1.9375
342 68.0 2.0 1.9375
343 39.0 2.0 1.9375
344 104.0 2.0 1.9375
345 4.79623186799815 2.0 1.9375
346 7.131487079184448 2.0 1.9375
347 3.348989361702128 2.0 1.9375
348 102.0 3.0 2.90625
349 72.0 2.0 1.9375
350 4.164141007709036 3.0 2.90625
351 4.587113173289829 2.0 1.9375
352 16.0 2.0 1.9375
353 88.0 3.0 2.90625
354 2.8876456876456875 2.0 1.9375
355 53.0 3.0 2.90625
356 53.0 3.0 2.90625
357 14.373610007228429 2.0 1.9375
358 3.919474499048967 3.0 2.90625
359 41.0 3.0 2.90625
360 0.4244444444444444 3.0 2.90625
361 1.1867916666666665 3.0 2.90625
362 4.913517861761191 3.0 2.90625
363 4.325400641025641 3.0 2.90625
364 45.0 3.0 2.90625
365 0.6310408557480772 3.0 2.90625
366 44.0 2.0 1.9375
367 0.6318375170003322 3.0 2.90625
368 1.0174679487179485 2.0 1.9375
369 0.8351876629979821 2.0 1.9375
370 0.8557175399710876 2.0 1.9375
371 20.0 2.0 1.9375
372 2.7566291197329997 3.0 2.90625
373 38.0 3.0 2.90625
374 79.0 3.0 2.90625
375 3.477667564832299 2.0 1.9375
376 0.6418382352941177 2.0 1.9375
377 2.0858371517643244 2.0 1.9375
378 5.406631666206135 3.0 2.90625
379 32.0 3.0 2.90625
380 36.0 2.0 1.9375
381 6.01688660925363 2.0 1.9375
382 3.474269407601855 3.0 2.90625
383 0.9479166666666667 2.0 1.9375
384 8.001689638216487 3.0 2.90625
385 0.7730865459087056 3.0 2.90625
386 8.061180555555556 3.0 2.90625
387 70.0 3.0 2.90625
388 83.0 2.0 1.9375
389 70.0 3.0 2.90625
390 5.149918468628146 2.0 1.9375
391 61.0 3.0 2.90625
392 3.056524628732076 2.0 1.9375
393 1.2257523219772917 3.0 2.90625
394 0.3390476190476189 2.0 1.9375
395 0.4020776274207924 2.0 1.9375
396 68.0 3.0 2.90625
397 0.7994391372788379 2.0 1.9375
398 31.0 2.0 1.9375
399 11.868406755773776 2.0 1.9375
