300 5
TREE NETWORK (nID nID Weight):
126 0 38
109 126 32
51 0 44
176 126 52
57 51 33
144 57 43
167 176 43
59 144 49
139 167 53
287 0 34
162 109 59
99 51 46
125 51 53
23 125 49
225 51 48
141 287 40
118 144 32
62 144 35
241 62 36
284 0 59
122 99 52
197 167 55
168 125 47
101 139 43
113 122 36
179 101 33
232 176 59
28 284 52
5 144 44
259 23 33
77 284 46
63 179 56
202 5 51
268 176 35
163 122 56
280 144 46
147 259 37
217 167 55
108 284 32
286 99 51
58 23 47
172 259 52
152 122 30
76 108 40
80 172 42
190 23 44
196 5 55
181 241 31
70 23 59
242 280 37
10 268 50
279 5 32
42 80 43
203 286 36
145 268 35
250 59 44
85 58 57
67 202 30
54 76 56
88 57 47
13 28 57
169 5 46
121 167 34
112 139 41
140 70 54
92 113 57
184 225 40
83 13 56
64 23 33
33 77 44
127 241 54
21 92 35
105 125 49
174 225 50
130 202 44
84 167 52
206 51 49
47 76 51
94 126 37
128 85 58
91 94 30
219 91 32
43 174 40
188 58 50
269 67 59
212 130 34
218 63 45
290 112 44
231 125 35
243 70 47
249 99 53
204 218 39
296 101 31
131 59 53
52 197 54
120 80 36
288 28 33
157 52 57
65 33 42
29 57 55
102 225 37
294 29 36
266 5 59
271 127 51
24 266 44
3 286 51
36 206 32
110 36 58
69 140 41
182 157 51
265 54 54
106 21 57
96 157 43
282 33 30
254 126 51
116 250 51
103 204 31
55 65 58
159 67 43
56 57 46
170 147 51
148 280 42
74 56 54
161 112 47
180 241 42
143 128 57
115 43 49
235 109 37
15 56 40
255 126 49
273 231 49
185 282 53
228 217 42
223 242 36
68 76 58
107 55 44
164 241 53
191 83 46
186 108 52
142 112 41
11 202 31
87 163 44
89 228 52
146 125 53
195 172 57
272 88 33
7 67 46
119 190 51
240 296 36
205 272 44
236 169 33
53 62 36
25 174 41
201 271 41
248 15 43
283 145 46
49 168 57
187 249 56
37 180 59
285 288 39
173 296 53
224 76 46
71 0 32
40 96 51
281 232 48
18 15 34
72 190 42
229 83 54
295 190 30
274 91 57
247 52 38
154 235 45
156 70 34
81 119 56
264 269 35
220 279 32
26 62 30
222 218 30
215 80 32
299 52 38
44 249 51
183 101 46
256 141 49
46 43 52
137 33 40
216 70 36
97 159 53
132 83 42
260 296 32
275 37 38
17 147 58
270 170 48
50 170 57
12 116 36
226 25 53
4 53 31
60 72 30
19 57 54
194 42 54
90 206 37
263 10 46
75 219 47
134 194 59
297 107 31
278 113 33
158 255 47
155 56 57
246 256 48
208 269 58
234 174 34
79 25 58
210 264 59
207 89 51
14 17 57
237 14 57
48 147 44
86 102 52
153 120 33
239 208 40
166 203 44
1 140 32
61 260 30
199 279 53
276 188 51
32 288 58
111 176 32
151 287 40
178 246 36
193 208 44
150 260 39
171 208 48
39 71 53
289 59 31
35 248 53
9 139 52
98 76 50
22 153 43
95 98 57
244 69 34
133 103 46
233 183 43
291 186 54
124 146 53
114 265 36
293 77 31
138 84 59
38 265 57
214 210 36
27 106 41
252 33 38
230 72 33
66 232 46
221 54 35
189 50 38
292 172 55
209 80 40
165 86 55
123 36 43
261 142 41
104 96 39
253 247 57
6 112 57
213 197 30
100 240 36
82 116 33
200 91 59
31 141 31
227 164 49
78 186 37
238 240 42
2 180 35
258 271 38
277 83 51
20 29 32
8 220 30
135 207 48
93 82 50
73 23 30
160 135 40
245 54 42
175 88 50
129 132 49
298 231 44
16 138 36
45 270 36
30 2 48
149 59 39
117 102 36
177 167 52
136 43 49
251 241 45
211 152 30
267 61 53
262 141 52
41 144 54
34 1 57
198 240 31
192 137 44
257 255 44
PROGRAMS ASSIGNED TO NODES (nID pID1 pID2 ...):
0 1 2 3 4 5
1 4
2 4
5 1 3 4
6 3
7 1 3 4 5
8 5
9 5
10 1 2 3 5
11 2 3 4 5
12 1 3
13 3 4 5
14 1 3 5
15 1 3 5
17 2 3
18 4
19 2 3 4 5
20 2 3 4 5
21 1
22 5
25 1
26 1 3 5
27 1
28 1 5
30 1 2 3 4
32 3 4
33 4
34 5
35 3 5
37 2 4 5
38 1
40 3 4 5
41 1 2 4 5
42 1 2 4 5
43 2 3
44 1 2 3
45 1 2 3 4
46 1 2 3
47 1 2 4 5
48 2 3 4
49 3
50 3
51 3 4
52 2 4
53 1 4 5
55 1 3 5
56 1 3 4 5
57 2 4 5
58 4
59 1 2 3 5
60 1 2 3 4
61 4
62 1
63 1 5
64 1 4 5
65 5
66 1 2 4
68 2 3 4
69 4
70 2 5
71 2 3 4 5
72 2 3 4 5
74 2 3 4 5
75 1 3 4 5
76 2 4
79 4
80 1 2 4
81 1 2
83 2 3 4 5
84 3
85 2 5
86 1 3 4 5
89 2
90 2 3 4 5
91 1 3
92 1 4 5
93 1 2
94 3 4 5
95 2 3 5
96 1
97 1 2 4
98 2 4 5
99 1
100 4 5
101 2 3 4 5
102 2 5
103 1 2 3 5
104 2 4
105 1 2 4
106 1 2
107 1 2 4
108 1 3 4 5
110 1 2 3 5
111 1 2 3 5
112 1 2 3 4
113 2 4 5
114 4 5
115 4
116 1 4
117 2 5
118 1 3 4 5
119 3 4 5
122 2 3
123 1 3
124 1 2 4 5
126 1 3 4
127 1 3 4
128 2 3 5
129 1 2 3 4
131 1 3 4 5
132 1 2 3 4
133 1 2
134 2
136 1 2 3 4
137 1 2 4 5
138 3 5
139 2 3 4
140 2
141 1 2 3
142 1 2 5
143 1 2 3 4
144 3
145 1 3 4
146 1 2 3 5
147 1 2 3 5
148 1 2 5
149 2
150 1 5
152 2 3 4 5
153 1 3 5
154 1 3 4
155 3 5
156 2 3
158 4
160 1 4
162 2 3 5
163 2 3 4 5
164 5
165 1 2 5
166 3
168 3
169 2 3 4 5
172 4
173 1 3 4 5
174 2 3
175 5
177 1 2 3 4
179 2 3 5
180 3 5
181 1 3 4 5
182 1 2 3 5
184 3 4 5
185 2 3 5
186 3
187 1 4 5
188 2
190 1 5
191 1 4
192 1 2 3 4
194 1 2 3 4
195 3 4 5
196 1 2 3 4
197 3 4 5
198 1 2 4 5
199 4
200 1 2 4 5
202 5
203 2 4 5
205 1 3 4 5
206 1 2 3 4
207 2
208 1 3 5
209 4
210 1 4
215 2 3 4 5
218 3
220 1 3 4 5
221 1 4 5
223 1 3 4 5
224 2 3 4 5
225 1 2 3 5
226 5
228 1 5
229 2 3
230 1 2 4 5
231 3 4
232 2 3 5
233 1 3 4 5
234 1 2 5
236 1 5
237 2 4
238 2 3 4 5
239 1
240 2 3 5
241 1 3 4
242 1 2 4
243 4
244 4 5
245 1
246 1 2 3 5
247 1 4 5
249 3
250 1 3 4 5
251 2
252 3
254 1 3 4 5
256 3 4
257 2 3 4 5
258 1 2 4 5
259 4
260 2 3 4
261 1 2 4 5
263 2
264 3 4
265 1 2
266 1 2 3 5
267 3 4 5
268 1 4 5
269 2
270 3 5
271 3 4
272 1 5
273 2 4 5
275 1 2 4 5
277 5
278 2 3 5
279 1 2 3
280 1 5
282 1 2 4 5
283 1 2
284 1 5
285 1 2 3 4
286 1
287 2 3 4 5
288 1 4 5
289 2 3 5
290 1 2 5
291 1 3 4 5
292 2
293 3 4
294 3
295 1 2 3 4
296 1
297 1 3
298 3
299 4
SIZE OF PROGRAMS (pID SIZE):
1 57.0
2 97.0
3 62.0
4 49.0
5 54.0
COST TO INSTALL SERVERS AND PROGRAMS ON NODES (COST_TO_INSTALL_SERVER COST_TO_INSTALL_pID1 ...):
0 1657.7319587628867 1.175257731958763 2.0 1.2783505154639174 1.0103092783505154 1.1134020618556701
1 8.536492099749196 1.175257731958763 2.0 1.2783505154639174 1.0103092783505154 1.1134020618556701
2 13.069618661527075 1.175257731958763 2.0 1.2783505154639174 1.0103092783505154 1.1134020618556701
3 44.0 1.7628865979381443 3.0 1.9175257731958764 1.5154639175257731 1.6701030927835052
4 100.0 1.175257731958763 2.0 1.2783505154639174 1.0103092783505154 1.1134020618556701
5 20.271339140627084 1.7628865979381443 3.0 1.9175257731958764 1.5154639175257731 1.6701030927835052
6 4.054273398168015 1.175257731958763 2.0 1.2783505154639174 1.0103092783505154 1.1134020618556701
7 16.99134053060985 1.175257731958763 2.0 1.2783505154639174 1.0103092783505154 1.1134020618556701
8 0.8851619951613959 1.7628865979381443 3.0 1.9175257731958764 1.5154639175257731 1.6701030927835052
9 0.46592555246630296 1.175257731958763 2.0 1.2783505154639174 1.0103092783505154 1.1134020618556701
10 5.118402330171188 1.7628865979381443 3.0 1.9175257731958764 1.5154639175257731 1.6701030927835052
11 10.238494216144586 1.175257731958763 2.0 1.2783505154639174 1.0103092783505154 1.1134020618556701
12 1.6169641321942931 1.7628865979381443 3.0 1.9175257731958764 1.5154639175257731 1.6701030927835052
13 8.096434459323126 1.175257731958763 2.0 1.2783505154639174 1.0103092783505154 1.1134020618556701
14 11.356408515970811 1.175257731958763 2.0 1.2783505154639174 1.0103092783505154 1.1134020618556701
15 1.757149464162015 1.175257731958763 2.0 1.2783505154639174 1.0103092783505154 1.1134020618556701
16 10.0 1.175257731958763 2.0 1.2783505154639174 1.0103092783505154 1.1134020618556701
17 20.220828547803567 1.7628865979381443 3.0 1.9175257731958764 1.5154639175257731 1.6701030927835052
18 0.4814414792851658 1.7628865979381443 3.0 1.9175257731958764 1.5154639175257731 1.6701030927835052
19 12.009356451109028 1.175257731958763 2.0 1.2783505154639174 1.0103092783505154 1.1134020618556701
20 1.8741982974070603 1.7628865979381443 3.0 1.9175257731958764 1.5154639175257731 1.6701030927835052
21 7.805910224787529 1.175257731958763 2.0 1.2783505154639174 1.0103092783505154 1.1134020618556701
22 1.0030795425735524 1.7628865979381443 3.0 1.9175257731958764 1.5154639175257731 1.6701030927835052
23 0.9913092624717654 1.7628865979381443 3.0 1.9175257731958764 1.5154639175257731 1.6701030927835052
24 47.0 1.7628865979381443 3.0 1.9175257731958764 1.5154639175257731 1.6701030927835052
25 7.755130027963821 1.7628865979381443 3.0 1.9175257731958764 1.5154639175257731 1.6701030927835052
26 6.494777304330771 1.7628865979381443 3.0 1.9175257731958764 1.5154639175257731 1.6701030927835052
27 5.0820005356779845 1.7628865979381443 3.0 1.9175257731958764 1.5154639175257731 1.6701030927835052
28 0.16754156641890372 1.7628865979381443 3.0 1.9175257731958764 1.5154639175257731 1.6701030927835052
29 1.0554482974070603 1.7628865979381443 3.0 1.9175257731958764 1.5154639175257731 1.6701030927835052
30 34.360360210229835 1.175257731958763 2.0 1.2783505154639174 1.0103092783505154 1.1134020618556701
31 47.0 1.7628865979381443 3.0 1.9175257731958764 1.5154639175257731 1.6701030927835052
32 0.5860411093181765 1.7628865979381443 3.0 1.9175257731958764 1.5154639175257731 1.6701030927835052
33 1.3014242682083736 1.175257731958763 2.0 1.2783505154639174 1.0103092783505154 1.1134020618556701
34 4.0709412387675945 1.175257731958763 2.0 1.2783505154639174 1.0103092783505154 1.1134020618556701
35 9.86851729455797 1.7628865979381443 3.0 1.9175257731958764 1.5154639175257731 1.6701030927835052
36 4.355117222615382 1.175257731958763 2.0 1.2783505154639174 1.0103092783505154 1.1134020618556701
37 35.33695996216763 1.175257731958763 2.0 1.2783505154639174 1.0103092783505154 1.1134020618556701
38 0.5482877795389809 1.7628865979381443 3.0 1.9175257731958764 1.5154639175257731 1.6701030927835052
39 26.0 1.7628865979381443 3.0 1.9175257731958764 1.5154639175257731 1.6701030927835052
40 20.377156632945198 1.175257731958763 2.0 1.2783505154639174 1.0103092783505154 1.1134020618556701
41 8.208168857923113 1.7628865979381443 3.0 1.9175257731958764 1.5154639175257731 1.6701030927835052
42 10.860857979306823 1.7628865979381443 3.0 1.9175257731958764 1.5154639175257731 1.6701030927835052
43 9.002321540143704 1.175257731958763 2.0 1.2783505154639174 1.0103092783505154 1.1134020618556701
44 6.741057916578119 1.7628865979381443 3.0 1.9175257731958764 1.5154639175257731 1.6701030927835052
45 22.11873054027119 1.175257731958763 2.0 1.2783505154639174 1.0103092783505154 1.1134020618556701
46 1.8829328815514388 1.175257731958763 2.0 1.2783505154639174 1.0103092783505154 1.1134020618556701
47 5.565728645249815 1.175257731958763 2.0 1.2783505154639174 1.0103092783505154 1.1134020618556701
48 2.5259963846453415 1.175257731958763 2.0 1.2783505154639174 1.0103092783505154 1.1134020618556701
49 0.30682446910655764 1.7628865979381443 3.0 1.9175257731958764 1.5154639175257731 1.6701030927835052
50 5.054236178429796 1.175257731958763 2.0 1.2783505154639174 1.0103092783505154 1.1134020618556701
51 55.0 1.7628865979381443 3.0 1.9175257731958764 1.5154639175257731 1.6701030927835052
52 22.203425910257717 1.7628865979381443 3.0 1.9175257731958764 1.5154639175257731 1.6701030927835052
53 9.76391887501933 1.7628865979381443 3.0 1.9175257731958764 1.5154639175257731 1.6701030927835052
54 1.5453014309428117 1.7628865979381443 3.0 1.9175257731958764 1.5154639175257731 1.6701030927835052
55 6.962528207285822 1.175257731958763 2.0 1.2783505154639174 1.0103092783505154 1.1134020618556701
56 1.727412968773345 1.175257731958763 2.0 1.2783505154639174 1.0103092783505154 1.1134020618556701
57 4.230412371134022 1.7628865979381443 3.0 1.9175257731958764 1.5154639175257731 1.6701030927835052
58 1.9988986461085283 1.175257731958763 2.0 1.2783505154639174 1.0103092783505154 1.1134020618556701
59 2.0979496018018815 1.7628865979381443 3.0 1.9175257731958764 1.5154639175257731 1.6701030927835052
60 20.580419065470608 1.7628865979381443 3.0 1.9175257731958764 1.5154639175257731 1.6701030927835052
61 26.24764055841493 1.175257731958763 2.0 1.2783505154639174 1.0103092783505154 1.1134020618556701
62 14.150146590403127 1.7628865979381443 3.0 1.9175257731958764 1.5154639175257731 1.6701030927835052
63 31.14250316735119 1.7628865979381443 3.0 1.9175257731958764 1.5154639175257731 1.6701030927835052
64 3.437199123252419 1.7628865979381443 3.0 1.9175257731958764 1.5154639175257731 1.6701030927835052
65 15.800601929280067 1.175257731958763 2.0 1.2783505154639174 1.0103092783505154 1.1134020618556701
66 1.0821322345902697 1.7628865979381443 3.0 1.9175257731958764 1.5154639175257731 1.6701030927835052
67 25.137712214590938 1.175257731958763 2.0 1.2783505154639174 1.0103092783505154 1.1134020618556701
68 4.33252432712527 1.7628865979381443 3.0 1.9175257731958764 1.5154639175257731 1.6701030927835052
69 1.0428000034667562 1.175257731958763 2.0 1.2783505154639174 1.0103092783505154 1.1134020618556701
70 11.324219075160562 1.7628865979381443 3.0 1.9175257731958764 1.5154639175257731 1.6701030927835052
71 0.05908505154639201 1.7628865979381443 3.0 1.9175257731958764 1.5154639175257731 1.6701030927835052
72 7.479197470338716 1.175257731958763 2.0 1.2783505154639174 1.0103092783505154 1.1134020618556701
73 65.0 1.7628865979381443 3.0 1.9175257731958764 1.5154639175257731 1.6701030927835052
74 8.169175318099567 1.7628865979381443 3.0 1.9175257731958764 1.5154639175257731 1.6701030927835052
75 7.2111090411101255 1.7628865979381443 3.0 1.9175257731958764 1.5154639175257731 1.6701030927835052
76 4.4728560195701546 1.175257731958763 2.0 1.2783505154639174 1.0103092783505154 1.1134020618556701
77 1.4853497329615817 1.7628865979381443 3.0 1.9175257731958764 1.5154639175257731 1.6701030927835052
78 26.0 1.7628865979381443 3.0 1.9175257731958764 1.5154639175257731 1.6701030927835052
79 0.41441099560455896 1.175257731958763 2.0 1.2783505154639174 1.0103092783505154 1.1134020618556701
80 21.958963539031345 1.175257731958763 2.0 1.2783505154639174 1.0103092783505154 1.1134020618556701
81 10.775683053484634 1.7628865979381443 3.0 1.9175257731958764 1.5154639175257731 1.6701030927835052
82 9.236199730431611 1.7628865979381443 3.0 1.9175257731958764 1.5154639175257731 1.6701030927835052
83 12.103779766108596 1.7628865979381443 3.0 1.9175257731958764 1.5154639175257731 1.6701030927835052
84 3.3887064821007202 1.175257731958763 2.0 1.2783505154639174 1.0103092783505154 1.1134020618556701
85 23.87977917654509 1.175257731958763 2.0 1.2783505154639174 1.0103092783505154 1.1134020618556701
86 16.92397557648846 1.175257731958763 2.0 1.2783505154639174 1.0103092783505154 1.1134020618556701
87 11.0 1.7628865979381443 3.0 1.9175257731958764 1.5154639175257731 1.6701030927835052
88 10.726930746375798 1.175257731958763 2.0 1.2783505154639174 1.0103092783505154 1.1134020618556701
89 7.773291126069523 1.175257731958763 2.0 1.2783505154639174 1.0103092783505154 1.1134020618556701
90 6.490251727733319 1.175257731958763 2.0 1.2783505154639174 1.0103092783505154 1.1134020618556701
91 1.7783712415616926 1.7628865979381443 3.0 1.9175257731958764 1.5154639175257731 1.6701030927835052
92 11.359432525752208 1.175257731958763 2.0 1.2783505154639174 1.0103092783505154 1.1134020618556701
93 18.702302087173877 1.7628865979381443 3.0 1.9175257731958764 1.5154639175257731 1.6701030927835052
94 9.743102951024818 1.175257731958763 2.0 1.2783505154639174 1.0103092783505154 1.1134020618556701
95 6.718778156814146 1.175257731958763 2.0 1.2783505154639174 1.0103092783505154 1.1134020618556701
96 3.6804480783080518 1.7628865979381443 3.0 1.9175257731958764 1.5154639175257731 1.6701030927835052
97 28.151613531532696 1.7628865979381443 3.0 1.9175257731958764 1.5154639175257731 1.6701030927835052
98 8.157542591298268 1.7628865979381443 3.0 1.9175257731958764 1.5154639175257731 1.6701030927835052
99 4.564477812640072 1.175257731958763 2.0 1.2783505154639174 1.0103092783505154 1.1134020618556701
100 14.065635413836796 1.175257731958763 2.0 1.2783505154639174 1.0103092783505154 1.1134020618556701
101 7.682162630918844 1.175257731958763 2.0 1.2783505154639174 1.0103092783505154 1.1134020618556701
102 12.220770448283332 1.175257731958763 2.0 1.2783505154639174 1.0103092783505154 1.1134020618556701
103 41.31332855588946 1.175257731958763 2.0 1.2783505154639174 1.0103092783505154 1.1134020618556701
104 8.92158528662001 1.7628865979381443 3.0 1.9175257731958764 1.5154639175257731 1.6701030927835052
105 0.6308331670274873 1.7628865979381443 3.0 1.9175257731958764 1.5154639175257731 1.6701030927835052
106 1.9127764500264446 1.7628865979381443 3.0 1.9175257731958764 1.5154639175257731 1.6701030927835052
107 22.48241631525553 1.7628865979381443 3.0 1.9175257731958764 1.5154639175257731 1.6701030927835052
108 5.142246927602075 1.7628865979381443 3.0 1.9175257731958764 1.5154639175257731 1.6701030927835052
109 0.8497507460661966 1.7628865979381443 3.0 1.9175257731958764 1.5154639175257731 1.6701030927835052
110 17.255006840259938 1.175257731958763 2.0 1.2783505154639174 1.0103092783505154 1.1134020618556701
111 8.669188770399431 1.7628865979381443 3.0 1.9175257731958764 1.5154639175257731 1.6701030927835052
112 11.215244397866815 1.7628865979381443 3.0 1.9175257731958764 1.5154639175257731 1.6701030927835052
113 2.2603189516793285 1.175257731958763 2.0 1.2783505154639174 1.0103092783505154 1.1134020618556701
114 4.75009163822239 1.7628865979381443 3.0 1.9175257731958764 1.5154639175257731 1.6701030927835052
115 0.38240057794439236 1.7628865979381443 3.0 1.9175257731958764 1.5154639175257731 1.6701030927835052
116 9.41366173330124 1.175257731958763 2.0 1.2783505154639174 1.0103092783505154 1.1134020618556701
117 1.1739774978821371 1.175257731958763 2.0 1.2783505154639174 1.0103092783505154 1.1134020618556701
118 17.366128544495545 1.175257731958763 2.0 1.2783505154639174 1.0103092783505154 1.1134020618556701
119 2.3417994585501973 1.7628865979381443 3.0 1.9175257731958764 1.5154639175257731 1.6701030927835052
120 2.287001640014534 1.7628865979381443 3.0 1.9175257731958764 1.5154639175257731 1.6701030927835052
121 106.0 1.7628865979381443 3.0 1.9175257731958764 1.5154639175257731 1.6701030927835052
122 10.53559344435633 1.175257731958763 2.0 1.2783505154639174 1.0103092783505154 1.1134020618556701
123 0.7938896372447979 1.7628865979381443 3.0 1.9175257731958764 1.5154639175257731 1.6701030927835052
124 1.5089109830064897 1.175257731958763 2.0 1.2783505154639174 1.0103092783505154 1.1134020618556701
125 6.245445114439473 1.175257731958763 2.0 1.2783505154639174 1.0103092783505154 1.1134020618556701
126 0.4846446011937061 1.175257731958763 2.0 1.2783505154639174 1.0103092783505154 1.1134020618556701
127 23.011257701514236 1.7628865979381443 3.0 1.9175257731958764 1.5154639175257731 1.6701030927835052
128 2.779681789534103 1.7628865979381443 3.0 1.9175257731958764 1.5154639175257731 1.6701030927835052
129 20.24168014819188 1.7628865979381443 3.0 1.9175257731958764 1.5154639175257731 1.6701030927835052
130 25.0 1.175257731958763 2.0 1.2783505154639174 1.0103092783505154 1.1134020618556701
131 18.969740885658425 1.175257731958763 2.0 1.2783505154639174 1.0103092783505154 1.1134020618556701
132 8.54129622745354 1.7628865979381443 3.0 1.9175257731958764 1.5154639175257731 1.6701030927835052
133 27.15756385618133 1.7628865979381443 3.0 1.9175257731958764 1.5154639175257731 1.6701030927835052
134 1.5824806381222634 1.7628865979381443 3.0 1.9175257731958764 1.5154639175257731 1.6701030927835052
135 11.339773935973112 1.7628865979381443 3.0 1.9175257731958764 1.5154639175257731 1.6701030927835052
136 18.612762824436242 1.7628865979381443 3.0 1.9175257731958764 1.5154639175257731 1.6701030927835052
137 4.7201554368718135 1.7628865979381443 3.0 1.9175257731958764 1.5154639175257731 1.6701030927835052
138 0.9786193576686147 1.175257731958763 2.0 1.2783505154639174 1.0103092783505154 1.1134020618556701
139 7.843699682419664 1.7628865979381443 3.0 1.9175257731958764 1.5154639175257731 1.6701030927835052
140 7.985183583627088 1.7628865979381443 3.0 1.9175257731958764 1.5154639175257731 1.6701030927835052
141 0.7491373559733175 1.7628865979381443 3.0 1.9175257731958764 1.5154639175257731 1.6701030927835052
142 18.983578694129605 1.7628865979381443 3.0 1.9175257731958764 1.5154639175257731 1.6701030927835052
143 3.0472482015877094 1.175257731958763 2.0 1.2783505154639174 1.0103092783505154 1.1134020618556701
144 1.775795173020059 1.175257731958763 2.0 1.2783505154639174 1.0103092783505154 1.1134020618556701
145 15.22414437163488 1.175257731958763 2.0 1.2783505154639174 1.0103092783505154 1.1134020618556701
146 7.223346625170199 1.7628865979381443 3.0 1.9175257731958764 1.5154639175257731 1.6701030927835052
147 13.645684306288832 1.175257731958763 2.0 1.2783505154639174 1.0103092783505154 1.1134020618556701
148 6.618024953652943 1.7628865979381443 3.0 1.9175257731958764 1.5154639175257731 1.6701030927835052
149 5.319914802805168 1.7628865979381443 3.0 1.9175257731958764 1.5154639175257731 1.6701030927835052
150 8.135988316400873 1.7628865979381443 3.0 1.9175257731958764 1.5154639175257731 1.6701030927835052
151 66.0 1.7628865979381443 3.0 1.9175257731958764 1.5154639175257731 1.6701030927835052
152 6.005979193374982 1.175257731958763 2.0 1.2783505154639174 1.0103092783505154 1.1134020618556701
153 25.411553927627445 1.175257731958763 2.0 1.2783505154639174 1.0103092783505154 1.1134020618556701
154 5.068353142887868 1.175257731958763 2.0 1.2783505154639174 1.0103092783505154 1.1134020618556701
155 6.376051891678587 1.175257731958763 2.0 1.2783505154639174 1.0103092783505154 1.1134020618556701
156 5.335370903241921 1.7628865979381443 3.0 1.9175257731958764 1.5154639175257731 1.6701030927835052
157 30.496233530683348 1.175257731958763 2.0 1.2783505154639174 1.0103092783505154 1.1134020618556701
158 0.2321717597349373 1.175257731958763 2.0 1.2783505154639174 1.0103092783505154 1.1134020618556701
159 3.138214015712429 1.175257731958763 2.0 1.2783505154639174 1.0103092783505154 1.1134020618556701
160 13.37144060263978 1.7628865979381443 3.0 1.9175257731958764 1.5154639175257731 1.6701030927835052
161 59.0 1.7628865979381443 3.0 1.9175257731958764 1.5154639175257731 1.6701030927835052
162 0.928405378344078 1.7628865979381443 3.0 1.9175257731958764 1.5154639175257731 1.6701030927835052
163 11.937724030787681 1.7628865979381443 3.0 1.9175257731958764 1.5154639175257731 1.6701030927835052
164 0.6511072291726675 1.7628865979381443 3.0 1.9175257731958764 1.5154639175257731 1.6701030927835052
165 15.449078159696711 1.175257731958763 2.0 1.2783505154639174 1.0103092783505154 1.1134020618556701
166 3.4953395318438694 1.175257731958763 2.0 1.2783505154639174 1.0103092783505154 1.1134020618556701
167 5.235523581790729 1.7628865979381443 3.0 1.9175257731958764 1.5154639175257731 1.6701030927835052
168 1.1883152356919775 1.7628865979381443 3.0 1.9175257731958764 1.5154639175257731 1.6701030927835052
169 3.1942734338896246 1.175257731958763 2.0 1.2783505154639174 1.0103092783505154 1.1134020618556701
170 16.3561418226287 1.175257731958763 2.0 1.2783505154639174 1.0103092783505154 1.1134020618556701
171 34.0 1.175257731958763 2.0 1.2783505154639174 1.0103092783505154 1.1134020618556701
172 11.142895692933207 1.7628865979381443 3.0 1.9175257731958764 1.5154639175257731 1.6701030927835052
173 14.554793429720442 1.7628865979381443 3.0 1.9175257731958764 1.5154639175257731 1.6701030927835052
174 4.510936712485683 1.7628865979381443 3.0 1.9175257731958764 1.5154639175257731 1.6701030927835052
175 2.0534816646393748 1.7628865979381443 3.0 1.9175257731958764 1.5154639175257731 1.6701030927835052
176 6.096558356637032 1.175257731958763 2.0 1.2783505154639174 1.0103092783505154 1.1134020618556701
177 4.539871893554592 1.7628865979381443 3.0 1.9175257731958764 1.5154639175257731 1.6701030927835052
178 68.0 1.7628865979381443 3.0 1.9175257731958764 1.5154639175257731 1.6701030927835052
179 29.308372092240734 1.175257731958763 2.0 1.2783505154639174 1.0103092783505154 1.1134020618556701
180 33.21858309897389 1.175257731958763 2.0 1.2783505154639174 1.0103092783505154 1.1134020618556701
181 14.870176360531422 1.7628865979381443 3.0 1.9175257731958764 1.5154639175257731 1.6701030927835052
182 9.049852744541898 1.7628865979381443 3.0 1.9175257731958764 1.5154639175257731 1.6701030927835052
183 2.2585704248098963 1.7628865979381443 3.0 1.9175257731958764 1.5154639175257731 1.6701030927835052
184 6.723872422680412 1.175257731958763 2.0 1.2783505154639174 1.0103092783505154 1.1134020618556701
185 11.885177227351154 1.175257731958763 2.0 1.2783505154639174 1.0103092783505154 1.1134020618556701
186 3.1176369138026057 1.175257731958763 2.0 1.2783505154639174 1.0103092783505154 1.1134020618556701
187 2.814763587773406 1.7628865979381443 3.0 1.9175257731958764 1.5154639175257731 1.6701030927835052
188 0.8018155757759475 1.175257731958763 2.0 1.2783505154639174 1.0103092783505154 1.1134020618556701
189 51.0 1.7628865979381443 3.0 1.9175257731958764 1.5154639175257731 1.6701030927835052
190 8.862426048030573 1.175257731958763 2.0 1.2783505154639174 1.0103092783505154 1.1134020618556701
191 3.3394221420711245 1.175257731958763 2.0 1.2783505154639174 1.0103092783505154 1.1134020618556701
192 11.729466004313775 1.175257731958763 2.0 1.2783505154639174 1.0103092783505154 1.1134020618556701
193 86.0 1.7628865979381443 3.0 1.9175257731958764 1.5154639175257731 1.6701030927835052
194 20.736575901661357 1.175257731958763 2.0 1.2783505154639174 1.0103092783505154 1.1134020618556701
195 6.263707238410091 1.175257731958763 2.0 1.2783505154639174 1.0103092783505154 1.1134020618556701
196 12.796406282920309 1.175257731958763 2.0 1.2783505154639174 1.0103092783505154 1.1134020618556701
197 16.230821922528513 1.175257731958763 2.0 1.2783505154639174 1.0103092783505154 1.1134020618556701
198 4.4279091004842925 1.7628865979381443 3.0 1.9175257731958764 1.5154639175257731 1.6701030927835052
199 3.7782750716270517 1.175257731958763 2.0 1.2783505154639174 1.0103092783505154 1.1134020618556701
200 19.199460274716905 1.175257731958763 2.0 1.2783505154639174 1.0103092783505154 1.1134020618556701
201 56.0 1.175257731958763 2.0 1.2783505154639174 1.0103092783505154 1.1134020618556701
202 18.757712214590942 1.175257731958763 2.0 1.2783505154639174 1.0103092783505154 1.1134020618556701
203 16.796851607274267 1.175257731958763 2.0 1.2783505154639174 1.0103092783505154 1.1134020618556701
204 45.27842703729568 1.175257731958763 2.0 1.2783505154639174 1.0103092783505154 1.1134020618556701
205 2.3691539213144828 1.175257731958763 2.0 1.2783505154639174 1.0103092783505154 1.1134020618556701
206 1.915435865067676 1.175257731958763 2.0 1.2783505154639174 1.0103092783505154 1.1134020618556701
207 2.618979537420424 1.175257731958763 2.0 1.2783505154639174 1.0103092783505154 1.1134020618556701
208 10.022632077733684 1.175257731958763 2.0 1.2783505154639174 1.0103092783505154 1.1134020618556701
209 0.6846678230995484 1.175257731958763 2.0 1.2783505154639174 1.0103092783505154 1.1134020618556701
210 1.9450625267345716 1.7628865979381443 3.0 1.9175257731958764 1.5154639175257731 1.6701030927835052
211 91.0 1.7628865979381443 3.0 1.9175257731958764 1.5154639175257731 1.6701030927835052
212 45.0 1.7628865979381443 3.0 1.9175257731958764 1.5154639175257731 1.6701030927835052
213 68.0 1.175257731958763 2.0 1.2783505154639174 1.0103092783505154 1.1134020618556701
214 53.0 1.175257731958763 2.0 1.2783505154639174 1.0103092783505154 1.1134020618556701
215 11.473880795025412 1.175257731958763 2.0 1.2783505154639174 1.0103092783505154 1.1134020618556701
216 103.0 1.7628865979381443 3.0 1.9175257731958764 1.5154639175257731 1.6701030927835052
217 15.350371176288037 1.175257731958763 2.0 1.2783505154639174 1.0103092783505154 1.1134020618556701
218 20.30139064852844 1.7628865979381443 3.0 1.9175257731958764 1.5154639175257731 1.6701030927835052
219 6.48068570265871 1.175257731958763 2.0 1.2783505154639174 1.0103092783505154 1.1134020618556701
220 26.090993820971637 1.7628865979381443 3.0 1.9175257731958764 1.5154639175257731 1.6701030927835052
221 12.063184893038112 1.7628865979381443 3.0 1.9175257731958764 1.5154639175257731 1.6701030927835052
222 63.0 1.175257731958763 2.0 1.2783505154639174 1.0103092783505154 1.1134020618556701
223 24.356062990932116 1.7628865979381443 3.0 1.9175257731958764 1.5154639175257731 1.6701030927835052
224 17.524591455910173 1.175257731958763 2.0 1.2783505154639174 1.0103092783505154 1.1134020618556701
225 1.951603665521191 1.175257731958763 2.0 1.2783505154639174 1.0103092783505154 1.1134020618556701
226 0.46548117606770667 1.175257731958763 2.0 1.2783505154639174 1.0103092783505154 1.1134020618556701
227 89.0 1.7628865979381443 3.0 1.9175257731958764 1.5154639175257731 1.6701030927835052
228 10.262765528309261 1.7628865979381443 3.0 1.9175257731958764 1.5154639175257731 1.6701030927835052
229 7.213018984283711 1.7628865979381443 3.0 1.9175257731958764 1.5154639175257731 1.6701030927835052
230 2.7734245543454428 1.7628865979381443 3.0 1.9175257731958764 1.5154639175257731 1.6701030927835052
231 3.084168954950904 1.7628865979381443 3.0 1.9175257731958764 1.5154639175257731 1.6701030927835052
232 1.335881230010873 1.175257731958763 2.0 1.2783505154639174 1.0103092783505154 1.1134020618556701
233 21.02600831771147 1.175257731958763 2.0 1.2783505154639174 1.0103092783505154 1.1134020618556701
234 1.5049593325615156 1.175257731958763 2.0 1.2783505154639174 1.0103092783505154 1.1134020618556701
235 6.448605387807775 1.175257731958763 2.0 1.2783505154639174 1.0103092783505154 1.1134020618556701
236 11.100188167941706 1.175257731958763 2.0 1.2783505154639174 1.0103092783505154 1.1134020618556701
237 8.903814177078335 1.7628865979381443 3.0 1.9175257731958764 1.5154639175257731 1.6701030927835052
238 13.688419554611556 1.175257731958763 2.0 1.2783505154639174 1.0103092783505154 1.1134020618556701
239 6.163430394012569 1.7628865979381443 3.0 1.9175257731958764 1.5154639175257731 1.6701030927835052
240 36.76898339423814 1.175257731958763 2.0 1.2783505154639174 1.0103092783505154 1.1134020618556701
241 15.48445104075888 1.175257731958763 2.0 1.2783505154639174 1.0103092783505154 1.1134020618556701
242 3.0025696166703435 1.7628865979381443 3.0 1.9175257731958764 1.5154639175257731 1.6701030927835052
243 0.3900917053238273 1.175257731958763 2.0 1.2783505154639174 1.0103092783505154 1.1134020618556701
244 5.831545113061827 1.175257731958763 2.0 1.2783505154639174 1.0103092783505154 1.1134020618556701
245 0.5372093962956491 1.175257731958763 2.0 1.2783505154639174 1.0103092783505154 1.1134020618556701
246 10.129685121471269 1.175257731958763 2.0 1.2783505154639174 1.0103092783505154 1.1134020618556701
247 10.675194444569454 1.175257731958763 2.0 1.2783505154639174 1.0103092783505154 1.1134020618556701
248 9.10736836114683 1.175257731958763 2.0 1.2783505154639174 1.0103092783505154 1.1134020618556701
249 2.756712307141508 1.7628865979381443 3.0 1.9175257731958764 1.5154639175257731 1.6701030927835052
250 21.642613613814422 1.7628865979381443 3.0 1.9175257731958764 1.5154639175257731 1.6701030927835052
251 1.3021181918856337 1.175257731958763 2.0 1.2783505154639174 1.0103092783505154 1.1134020618556701
252 2.4965957313474316 1.175257731958763 2.0 1.2783505154639174 1.0103092783505154 1.1134020618556701
253 51.0 1.175257731958763 2.0 1.2783505154639174 1.0103092783505154 1.1134020618556701
254 1.6645335290925916 1.7628865979381443 3.0 1.9175257731958764 1.5154639175257731 1.6701030927835052
255 2.0692914170551564 1.7628865979381443 3.0 1.9175257731958764 1.5154639175257731 1.6701030927835052
256 1.729023743518026 1.175257731958763 2.0 1.2783505154639174 1.0103092783505154 1.1134020618556701
257 1.2794159216490821 1.175257731958763 2.0 1.2783505154639174 1.0103092783505154 1.1134020618556701
258 4.2700457328603605 1.7628865979381443 3.0 1.9175257731958764 1.5154639175257731 1.6701030927835052
259 11.747855574830597 1.7628865979381443 3.0 1.9175257731958764 1.5154639175257731 1.6701030927835052
260 19.8373598162031 1.7628865979381443 3.0 1.9175257731958764 1.5154639175257731 1.6701030927835052
261 16.69384540869885 1.7628865979381443 3.0 1.9175257731958764 1.5154639175257731 1.6701030927835052
262 73.0 1.7628865979381443 3.0 1.9175257731958764 1.5154639175257731 1.6701030927835052
263 5.5428842507606815 1.175257731958763 2.0 1.2783505154639174 1.0103092783505154 1.1134020618556701
264 25.255121136883588 1.175257731958763 2.0 1.2783505154639174 1.0103092783505154 1.1134020618556701
265 14.148591498081162 1.7628865979381443 3.0 1.9175257731958764 1.5154639175257731 1.6701030927835052
266 16.071559661157327 1.7628865979381443 3.0 1.9175257731958764 1.5154639175257731 1.6701030927835052
267 20.39567080483007 1.175257731958763 2.0 1.2783505154639174 1.0103092783505154 1.1134020618556701
268 15.928563796485664 1.175257731958763 2.0 1.2783505154639174 1.0103092783505154 1.1134020618556701
269 26.40858413491244 1.7628865979381443 3.0 1.9175257731958764 1.5154639175257731 1.6701030927835052
270 4.1102116207123585 1.7628865979381443 3.0 1.9175257731958764 1.5154639175257731 1.6701030927835052
271 11.895199501326587 1.7628865979381443 3.0 1.9175257731958764 1.5154639175257731 1.6701030927835052
272 16.78147620092126 1.175257731958763 2.0 1.2783505154639174 1.0103092783505154 1.1134020618556701
273 8.394747886953407 1.175257731958763 2.0 1.2783505154639174 1.0103092783505154 1.1134020618556701
274 73.0 1.175257731958763 2.0 1.2783505154639174 1.0103092783505154 1.1134020618556701
275 23.013223370794876 1.175257731958763 2.0 1.2783505154639174 1.0103092783505154 1.1134020618556701
276 22.0 1.175257731958763 2.0 1.2783505154639174 1.0103092783505154 1.1134020618556701
277 2.2864748271864688 1.175257731958763 2.0 1.2783505154639174 1.0103092783505154 1.1134020618556701
278 2.1546957263564166 1.175257731958763 2.0 1.2783505154639174 1.0103092783505154 1.1134020618556701
279 29.575505807293748 1.7628865979381443 3.0 1.9175257731958764 1.5154639175257731 1.6701030927835052
280 2.4692734338896245 1.175257731958763 2.0 1.2783505154639174 1.0103092783505154 1.1134020618556701
281 21.0 1.175257731958763 2.0 1.2783505154639174 1.0103092783505154 1.1134020618556701
282 8.822197029361142 1.7628865979381443 3.0 1.9175257731958764 1.5154639175257731 1.6701030927835052
283 12.256499436537416 1.175257731958763 2.0 1.2783505154639174 1.0103092783505154 1.1134020618556701
284 34.0 1.175257731958763 2.0 1.2783505154639174 1.0103092783505154 1.1134020618556701
285 9.474468284642143 1.175257731958763 2.0 1.2783505154639174 1.0103092783505154 1.1134020618556701
286 3.6966306618269598 1.175257731958763 2.0 1.2783505154639174 1.0103092783505154 1.1134020618556701
287 103.0 1.7628865979381443 3.0 1.9175257731958764 1.5154639175257731 1.6701030927835052
288 3.9015312332453678 1.175257731958763 2.0 1.2783505154639174 1.0103092783505154 1.1134020618556701
289 7.307727199154854 1.7628865979381443 3.0 1.9175257731958764 1.5154639175257731 1.6701030927835052
290 20.185124657918657 1.175257731958763 2.0 1.2783505154639174 1.0103092783505154 1.1134020618556701
291 3.6643723089916076 1.7628865979381443 3.0 1.9175257731958764 1.5154639175257731 1.6701030927835052
292 0.9582740888940351 1.7628865979381443 3.0 1.9175257731958764 1.5154639175257731 1.6701030927835052
293 2.420766737107398 1.175257731958763 2.0 1.2783505154639174 1.0103092783505154 1.1134020618556701
294 0.485902322190982 1.175257731958763 2.0 1.2783505154639174 1.0103092783505154 1.1134020618556701
295 16.163752398803943 1.7628865979381443 3.0 1.9175257731958764 1.5154639175257731 1.6701030927835052
296 10.426248652424219 1.175257731958763 2.0 1.2783505154639174 1.0103092783505154 1.1134020618556701
297 1.6283155484633456 1.175257731958763 2.0 1.2783505154639174 1.0103092783505154 1.1134020618556701
298 0.44810711949011894 1.175257731958763 2.0 1.2783505154639174 1.0103092783505154 1.1134020618556701
299 3.2692782986493953 1.175257731958763 2.0 1.2783505154639174 1.0103092783505154 1.1134020618556701
