200 8
TREE NETWORK (nID nID Weight):
143 0 40
103 0 38
154 143 56
185 143 51
86 143 36
6 143 31
60 0 41
31 154 44
35 31 50
123 31 34
16 0 49
74 123 33
62 35 34
120 103 47
172 185 36
12 74 59
36 62 56
166 86 36
174 172 54
108 86 47
110 0 51
98 174 31
159 172 42
156 36 56
43 166 48
140 143 54
127 156 51
116 62 44
58 143 37
195 31 31
19 35 37
45 31 36
4 62 52
71 45 43
122 172 49
70 166 48
69 0 57
158 185 49
99 31 54
193 120 30
93 122 57
85 19 37
67 158 57
114 166 45
104 45 44
49 12 50
50 12 57
11 69 48
65 62 34
109 11 43
2 143 50
56 104 36
181 93 38
46 127 48
196 2 48
7 46 34
3 69 42
107 93 54
147 123 35
164 2 37
96 123 39
28 2 31
106 46 51
131 193 33
149 108 50
198 140 57
162 86 30
129 166 52
199 71 58
113 45 59
177 166 39
42 159 31
87 174 58
151 123 45
61 2 59
155 49 47
153 108 53
157 120 50
63 162 51
121 122 54
171 109 58
10 71 49
66 61 48
152 172 39
192 129 59
102 93 52
119 19 37
169 119 43
176 108 41
40 106 55
165 166 31
115 106 52
88 46 45
64 196 59
186 129 55
54 104 59
41 10 55
145 65 37
167 165 55
23 46 46
82 4 53
146 74 58
33 192 46
37 66 31
72 158 50
100 28 51
95 129 54
17 96 51
9 17 33
180 119 38
136 104 40
144 146 34
55 193 39
21 145 48
73 166 30
187 95 52
191 120 58
22 164 41
53 10 41
163 31 56
30 157 41
25 36 39
57 120 31
32 70 45
188 155 45
135 37 46
80 120 57
117 199 51
160 45 30
79 116 35
1 61 36
78 157 39
84 80 45
184 23 57
47 21 53
148 164 41
5 169 57
27 116 51
90 192 33
141 172 39
91 171 55
59 165 41
13 62 41
118 107 57
77 86 42
15 64 42
89 80 58
142 196 35
179 93 49
139 154 58
38 21 56
128 91 42
29 45 59
132 144 34
97 188 56
44 186 44
168 128 40
81 79 54
175 172 56
190 12 49
170 169 40
52 122 57
150 61 49
126 19 50
130 152 45
14 156 35
101 46 58
112 131 35
124 86 34
125 185 48
83 44 38
20 176 30
189 97 31
24 117 42
8 52 44
111 95 57
51 69 32
68 0 53
18 152 42
75 0 44
197 35 33
183 116 52
134 154 44
138 125 52
178 171 30
92 27 56
161 14 38
39 38 38
194 176 30
26 117 47
182 8 59
105 31 32
137 0 33
173 121 59
76 144 49
94 4 40
133 104 39
48 149 34
34 134 44
PROGRAMS ASSIGNED TO NODES (nID pID1 pID2 ...):
0 1 2 3 4 5 6 7 8
1 2
2 1 2 5 6 7 8
3 1 4 5 6 7 8
4 5
5 1 2 4 7 8
6 1 3 4 5 8
7 3
8 3 4 5 6
9 2 3 5 6 7 8
10 1 2 4 5
11 3 8
13 1 2 3 4 6 7
14 1 3 4 6
15 1 3 4 5
16 1 2 4 6 7 8
17 6
18 2 3 4 5 6 7 8
19 3 6 7
20 2 6
21 4
22 4
23 1 2 3 4 6
24 1 4 6 8
25 7
26 1 2 3 4 5 6
27 5
28 3
30 1 2 3 5 6 7
31 2 5 8
32 5 6
33 1 3 4 6 7 8
34 1
35 1 2 3 4 5 6 8
36 1 2 3 4 5
37 3 5
38 4
39 4 5 6 7 8
40 1 2 3 5 6 7 8
41 1 4 5 6 7
42 1 2 3 4 6
43 1 4 5
44 1 3 4 6 8
45 1 6 8
46 1 3 5 7 8
47 6
48 2 5 6
49 5 8
51 1 4 5 6 7 8
52 1
54 1 2 3 5 6 7 8
55 1
56 1 3 6 7 8
57 1 7
58 2 3 4 5 6 7
59 1 2 7
60 4
61 1 3 4 5 6 7
62 4 6
63 1 2 3 5 6
64 6 7
65 2
66 1 5 6 7
67 1 2 3 5 7
68 1
69 3
71 5 7
72 2 3 4 6 7
73 1 2 4 5 6 7 8
74 1 2 3 5 6 7 8
75 1 8
77 1 3 8
78 4
79 2
80 1 3 4 6 7 8
81 1 2 3 5 7 8
82 1 3 4 5 6 7
83 4 7 8
84 1 3 4 5 6
85 1 2 3 4 5 6 8
86 7
87 1 2 4 5 6 7 8
88 1
89 2 5 6 8
90 2 3 4 5 6 7 8
91 2
92 2 3 5 6 7
93 1 5 6
94 1
95 2 4 5 7
96 2 3 4 5 7 8
98 1 2 4 5 6 8
99 2 3 4 6 8
100 2 3 5 6 7 8
102 1 6 7
104 2 3 4 5 6 7 8
105 8
106 1 4 5 6 8
107 4 5 7 8
108 1 2 5
111 1 3 4 5 6
112 1 2 3 4 5 6 8
114 5
115 2 3 4 5 6 7 8
116 1 2 4 6 7 8
117 2 3 4 5 6 7
118 1 2 4 8
119 1 5 7
120 6 7 8
121 2 3 4 8
122 6
123 4
124 3 5
125 1 2 3 4 5 6
127 1 8
128 2 3
129 2 4 5 6 7
130 3 4 5 8
131 1 6
132 2 3 5 6 7 8
133 2 5 6 7 8
134 8
136 2
137 1 3 5 6 8
138 1 5 6 7 8
140 1 3 4 5 6 7 8
141 3 5
142 1 2 3 4 6
143 8
145 3
146 3 7 8
147 1 2 3 4 5 6 7
148 1 3 5 7
149 1 2 4 7
150 1 3 4 5 6 7 8
151 1 2 4 5 6 7 8
152 1 3 4 5 7
153 1 3 5 6 7
154 5 8
155 1 8
158 1 3 4 5 6
159 1 2 5 6 7 8
160 1 4 6 7
162 1 2
163 1 2 3 4 5 7 8
164 7
165 8
166 2 3 4 5 6 7
167 1 2 3 4 5 6 7
168 1 2 3 4
169 2 3 6 8
172 2 3 4 6 8
173 5
174 3
175 2 5
176 1 4 7 8
177 3 5 6 7
178 4 5
179 3 4 7 8
180 2 4 6 7 8
181 1 6 8
182 1 3 4 7
184 5
185 1 2 4 5 7
186 1 2 3 4 5 6 7
187 1 4 5 7 8
188 1 2 4 5 6 7 8
189 1 2 3 4 5 7 8
190 1 2 3 5 6 7 8
191 1 2 3 4 8
192 2 4 5 6 7 8
193 1 2 4 5 6 7
194 3 7 8
195 1 3 4 6 7 8
196 1 2
197 2 3 4 5 8
198 1 3 5
199 6 7 8
SIZE OF PROGRAMS (pID SIZE):
1 45.0
2 51.0
3 67.0
4 65.0
5 91.0
6 52.0
7 86.0
8 67.0
COST TO INSTALL SERVERS AND PROGRAMS ON NODES (COST_TO_INSTALL_SERVER COST_TO_INSTALL_pID1 ...):
0 2727.4725274725274 1.4835164835164836 1.6813186813186813 2.208791208791209 2.142857142857143 3.0 1.7142857142857142 2.8351648351648353 2.208791208791209
1 2.0731165952691373 0.989010989010989 1.120879120879121 1.4725274725274726 1.4285714285714286 2.0 1.1428571428571428 1.89010989010989 1.4725274725274726
2 4.133457875457875 1.4835164835164836 1.6813186813186813 2.208791208791209 2.142857142857143 3.0 1.7142857142857142 2.8351648351648353 2.208791208791209
3 1.313302486986697 1.4835164835164836 1.6813186813186813 2.208791208791209 2.142857142857143 3.0 1.7142857142857142 2.8351648351648353 2.208791208791209
4 27.603453252629713 1.4835164835164836 1.6813186813186813 2.208791208791209 2.142857142857143 3.0 1.7142857142857142 2.8351648351648353 2.208791208791209
5 43.218866717647614 1.4835164835164836 1.6813186813186813 2.208791208791209 2.142857142857143 3.0 1.7142857142857142 2.8351648351648353 2.208791208791209
6 2.1699988183859147 1.4835164835164836 1.6813186813186813 2.208791208791209 2.142857142857143 3.0 1.7142857142857142 2.8351648351648353 2.208791208791209
7 7.983132485161897 0.989010989010989 1.120879120879121 1.4725274725274726 1.4285714285714286 2.0 1.1428571428571428 1.89010989010989 1.4725274725274726
8 30.282287462156976 0.989010989010989 1.120879120879121 1.4725274725274726 1.4285714285714286 2.0 1.1428571428571428 1.89010989010989 1.4725274725274726
9 14.937658056229482 0.989010989010989 1.120879120879121 1.4725274725274726 1.4285714285714286 2.0 1.1428571428571428 1.89010989010989 1.4725274725274726
10 27.248628463768462 1.4835164835164836 1.6813186813186813 2.208791208791209 2.142857142857143 3.0 1.7142857142857142 2.8351648351648353 2.208791208791209
11 1.1038272191467675 1.4835164835164836 1.6813186813186813 2.208791208791209 2.142857142857143 3.0 1.7142857142857142 2.8351648351648353 2.208791208791209
12 20.306978935912134 0.989010989010989 1.120879120879121 1.4725274725274726 1.4285714285714286 2.0 1.1428571428571428 1.89010989010989 1.4725274725274726
13 22.713494039881 0.989010989010989 1.120879120879121 1.4725274725274726 1.4285714285714286 2.0 1.1428571428571428 1.89010989010989 1.4725274725274726
14 10.051830992536873 1.4835164835164836 1.6813186813186813 2.208791208791209 2.142857142857143 3.0 1.7142857142857142 2.8351648351648353 2.208791208791209
15 2.2676548705531756 0.989010989010989 1.120879120879121 1.4725274725274726 1.4285714285714286 2.0 1.1428571428571428 1.89010989010989 1.4725274725274726
16 94.0 1.4835164835164836 1.6813186813186813 2.208791208791209 2.142857142857143 3.0 1.7142857142857142 2.8351648351648353 2.208791208791209
17 36.164951770918144 1.4835164835164836 1.6813186813186813 2.208791208791209 2.142857142857143 3.0 1.7142857142857142 2.8351648351648353 2.208791208791209
18 20.219950486604887 1.4835164835164836 1.6813186813186813 2.208791208791209 2.142857142857143 3.0 1.7142857142857142 2.8351648351648353 2.208791208791209
19 20.579828711828704 0.989010989010989 1.120879120879121 1.4725274725274726 1.4285714285714286 2.0 1.1428571428571428 1.89010989010989 1.4725274725274726
20 7.802768808244937 1.4835164835164836 1.6813186813186813 2.208791208791209 2.142857142857143 3.0 1.7142857142857142 2.8351648351648353 2.208791208791209
21 47.13067409639468 0.989010989010989 1.120879120879121 1.4725274725274726 1.4285714285714286 2.0 1.1428571428571428 1.89010989010989 1.4725274725274726
22 0.4838551181843864 0.989010989010989 1.120879120879121 1.4725274725274726 1.4285714285714286 2.0 1.1428571428571428 1.89010989010989 1.4725274725274726
23 63.89092005373145 1.4835164835164836 1.6813186813186813 2.208791208791209 2.142857142857143 3.0 1.7142857142857142 2.8351648351648353 2.208791208791209
24 3.3046926018721856 1.4835164835164836 1.6813186813186813 2.208791208791209 2.142857142857143 3.0 1.7142857142857142 2.8351648351648353 2.208791208791209
25 1.079534916064328 1.4835164835164836 1.6813186813186813 2.208791208791209 2.142857142857143 3.0 1.7142857142857142 2.8351648351648353 2.208791208791209
26 5.667611310960787 0.989010989010989 1.120879120879121 1.4725274725274726 1.4285714285714286 2.0 1.1428571428571428 1.89010989010989 1.4725274725274726
27 4.696758613935083 0.989010989010989 1.120879120879121 1.4725274725274726 1.4285714285714286 2.0 1.1428571428571428 1.89010989010989 1.4725274725274726
28 12.096852737124625 0.989010989010989 1.120879120879121 1.4725274725274726 1.4285714285714286 2.0 1.1428571428571428 1.89010989010989 1.4725274725274726
29 12.0 1.4835164835164836 1.6813186813186813 2.208791208791209 2.142857142857143 3.0 1.7142857142857142 2.8351648351648353 2.208791208791209
30 22.345470599976053 0.989010989010989 1.120879120879121 1.4725274725274726 1.4285714285714286 2.0 1.1428571428571428 1.89010989010989 1.4725274725274726
31 2.2849750249750245 0.989010989010989 1.120879120879121 1.4725274725274726 1.4285714285714286 2.0 1.1428571428571428 1.89010989010989 1.4725274725274726
32 1.453353174603175 0.989010989010989 1.120879120879121 1.4725274725274726 1.4285714285714286 2.0 1.1428571428571428 1.89010989010989 1.4725274725274726
33 4.030389357224287 1.4835164835164836 1.6813186813186813 2.208791208791209 2.142857142857143 3.0 1.7142857142857142 2.8351648351648353 2.208791208791209
34 1.7910089910089908 0.989010989010989 1.120879120879121 1.4725274725274726 1.4285714285714286 2.0 1.1428571428571428 1.89010989010989 1.4725274725274726
35 5.820651792651791 1.4835164835164836 1.6813186813186813 2.208791208791209 2.142857142857143 3.0 1.7142857142857142 2.8351648351648353 2.208791208791209
36 12.265272204919263 0.989010989010989 1.120879120879121 1.4725274725274726 1.4285714285714286 2.0 1.1428571428571428 1.89010989010989 1.4725274725274726
37 1.2967615753118762 1.4835164835164836 1.6813186813186813 2.208791208791209 2.142857142857143 3.0 1.7142857142857142 2.8351648351648353 2.208791208791209
38 6.792122087107382 0.989010989010989 1.120879120879121 1.4725274725274726 1.4285714285714286 2.0 1.1428571428571428 1.89010989010989 1.4725274725274726
39 56.314877393097994 1.4835164835164836 1.6813186813186813 2.208791208791209 2.142857142857143 3.0 1.7142857142857142 2.8351648351648353 2.208791208791209
40 76.45936176323676 1.4835164835164836 1.6813186813186813 2.208791208791209 2.142857142857143 3.0 1.7142857142857142 2.8351648351648353 2.208791208791209
41 27.098975244025073 0.989010989010989 1.120879120879121 1.4725274725274726 1.4285714285714286 2.0 1.1428571428571428 1.89010989010989 1.4725274725274726
42 27.82551560464273 0.989010989010989 1.120879120879121 1.4725274725274726 1.4285714285714286 2.0 1.1428571428571428 1.89010989010989 1.4725274725274726
43 13.567346611721607 0.989010989010989 1.120879120879121 1.4725274725274726 1.4285714285714286 2.0 1.1428571428571428 1.89010989010989 1.4725274725274726
44 4.535004440004441 0.989010989010989 1.120879120879121 1.4725274725274726 1.4285714285714286 2.0 1.1428571428571428 1.89010989010989 1.4725274725274726
45 16.208965848965843 0.989010989010989 1.120879120879121 1.4725274725274726 1.4285714285714286 2.0 1.1428571428571428 1.89010989010989 1.4725274725274726
46 87.66201072783426 0.989010989010989 1.120879120879121 1.4725274725274726 1.4285714285714286 2.0 1.1428571428571428 1.89010989010989 1.4725274725274726
47 5.901736086692802 0.989010989010989 1.120879120879121 1.4725274725274726 1.4285714285714286 2.0 1.1428571428571428 1.89010989010989 1.4725274725274726
48 6.891043093396659 0.989010989010989 1.120879120879121 1.4725274725274726 1.4285714285714286 2.0 1.1428571428571428 1.89010989010989 1.4725274725274726
49 23.68386782480103 0.989010989010989 1.120879120879121 1.4725274725274726 1.4285714285714286 2.0 1.1428571428571428 1.89010989010989 1.4725274725274726
50 50.0 1.4835164835164836 1.6813186813186813 2.208791208791209 2.142857142857143 3.0 1.7142857142857142 2.8351648351648353 2.208791208791209
51 8.865315934065936 0.989010989010989 1.120879120879121 1.4725274725274726 1.4285714285714286 2.0 1.1428571428571428 1.89010989010989 1.4725274725274726
52 16.60373309107718 1.4835164835164836 1.6813186813186813 2.208791208791209 2.142857142857143 3.0 1.7142857142857142 2.8351648351648353 2.208791208791209
53 93.0 0.989010989010989 1.120879120879121 1.4725274725274726 1.4285714285714286 2.0 1.1428571428571428 1.89010989010989 1.4725274725274726
54 24.213986585448442 0.989010989010989 1.120879120879121 1.4725274725274726 1.4285714285714286 2.0 1.1428571428571428 1.89010989010989 1.4725274725274726
55 0.33119870051560985 1.4835164835164836 1.6813186813186813 2.208791208791209 2.142857142857143 3.0 1.7142857142857142 2.8351648351648353 2.208791208791209
56 9.374764494764491 1.4835164835164836 1.6813186813186813 2.208791208791209 2.142857142857143 3.0 1.7142857142857142 2.8351648351648353 2.208791208791209
57 4.708657824012012 1.4835164835164836 1.6813186813186813 2.208791208791209 2.142857142857143 3.0 1.7142857142857142 2.8351648351648353 2.208791208791209
58 3.006617590903305 0.989010989010989 1.120879120879121 1.4725274725274726 1.4285714285714286 2.0 1.1428571428571428 1.89010989010989 1.4725274725274726
59 2.0971103243290496 0.989010989010989 1.120879120879121 1.4725274725274726 1.4285714285714286 2.0 1.1428571428571428 1.89010989010989 1.4725274725274726
60 0.7369337979094076 1.4835164835164836 1.6813186813186813 2.208791208791209 2.142857142857143 3.0 1.7142857142857142 2.8351648351648353 2.208791208791209
61 6.580873284907184 1.4835164835164836 1.6813186813186813 2.208791208791209 2.142857142857143 3.0 1.7142857142857142 2.8351648351648353 2.208791208791209
62 18.626085052202694 1.4835164835164836 1.6813186813186813 2.208791208791209 2.142857142857143 3.0 1.7142857142857142 2.8351648351648353 2.208791208791209
63 5.936556776556775 1.4835164835164836 1.6813186813186813 2.208791208791209 2.142857142857143 3.0 1.7142857142857142 2.8351648351648353 2.208791208791209
64 23.628614670640093 0.989010989010989 1.120879120879121 1.4725274725274726 1.4285714285714286 2.0 1.1428571428571428 1.89010989010989 1.4725274725274726
65 52.04569194041251 1.4835164835164836 1.6813186813186813 2.208791208791209 2.142857142857143 3.0 1.7142857142857142 2.8351648351648353 2.208791208791209
66 12.440593313466193 0.989010989010989 1.120879120879121 1.4725274725274726 1.4285714285714286 2.0 1.1428571428571428 1.89010989010989 1.4725274725274726
67 4.496416866341678 1.4835164835164836 1.6813186813186813 2.208791208791209 2.142857142857143 3.0 1.7142857142857142 2.8351648351648353 2.208791208791209
68 43.0 0.989010989010989 1.120879120879121 1.4725274725274726 1.4285714285714286 2.0 1.1428571428571428 1.89010989010989 1.4725274725274726
69 97.0 1.4835164835164836 1.6813186813186813 2.208791208791209 2.142857142857143 3.0 1.7142857142857142 2.8351648351648353 2.208791208791209
70 4.23987433862434 1.4835164835164836 1.6813186813186813 2.208791208791209 2.142857142857143 3.0 1.7142857142857142 2.8351648351648353 2.208791208791209
71 23.864693526398945 1.4835164835164836 1.6813186813186813 2.208791208791209 2.142857142857143 3.0 1.7142857142857142 2.8351648351648353 2.208791208791209
72 12.809252362483457 1.4835164835164836 1.6813186813186813 2.208791208791209 2.142857142857143 3.0 1.7142857142857142 2.8351648351648353 2.208791208791209
73 14.70114316239316 0.989010989010989 1.120879120879121 1.4725274725274726 1.4285714285714286 2.0 1.1428571428571428 1.89010989010989 1.4725274725274726
74 11.429619487266542 0.989010989010989 1.120879120879121 1.4725274725274726 1.4285714285714286 2.0 1.1428571428571428 1.89010989010989 1.4725274725274726
75 0.06433566433566419 0.989010989010989 1.120879120879121 1.4725274725274726 1.4285714285714286 2.0 1.1428571428571428 1.89010989010989 1.4725274725274726
76 55.0 1.4835164835164836 1.6813186813186813 2.208791208791209 2.142857142857143 3.0 1.7142857142857142 2.8351648351648353 2.208791208791209
77 2.7328098290598293 1.4835164835164836 1.6813186813186813 2.208791208791209 2.142857142857143 3.0 1.7142857142857142 2.8351648351648353 2.208791208791209
78 2.77896016637338 0.989010989010989 1.120879120879121 1.4725274725274726 1.4285714285714286 2.0 1.1428571428571428 1.89010989010989 1.4725274725274726
79 39.43767439283405 0.989010989010989 1.120879120879121 1.4725274725274726 1.4285714285714286 2.0 1.1428571428571428 1.89010989010989 1.4725274725274726
80 16.66937073544016 1.4835164835164836 1.6813186813186813 2.208791208791209 2.142857142857143 3.0 1.7142857142857142 2.8351648351648353 2.208791208791209
81 25.56282814664328 0.989010989010989 1.120879120879121 1.4725274725274726 1.4285714285714286 2.0 1.1428571428571428 1.89010989010989 1.4725274725274726
82 35.7424538746492 0.989010989010989 1.120879120879121 1.4725274725274726 1.4285714285714286 2.0 1.1428571428571428 1.89010989010989 1.4725274725274726
83 24.838385109043006 1.4835164835164836 1.6813186813186813 2.208791208791209 2.142857142857143 3.0 1.7142857142857142 2.8351648351648353 2.208791208791209
84 1.7405258919256683 1.4835164835164836 1.6813186813186813 2.208791208791209 2.142857142857143 3.0 1.7142857142857142 2.8351648351648353 2.208791208791209
85 4.672208926208925 1.4835164835164836 1.6813186813186813 2.208791208791209 2.142857142857143 3.0 1.7142857142857142 2.8351648351648353 2.208791208791209
86 10.580058336725005 0.989010989010989 1.120879120879121 1.4725274725274726 1.4285714285714286 2.0 1.1428571428571428 1.89010989010989 1.4725274725274726
87 33.49765380002575 1.4835164835164836 1.6813186813186813 2.208791208791209 2.142857142857143 3.0 1.7142857142857142 2.8351648351648353 2.208791208791209
88 4.87098445671975 1.4835164835164836 1.6813186813186813 2.208791208791209 2.142857142857143 3.0 1.7142857142857142 2.8351648351648353 2.208791208791209
89 1.289616430601873 1.4835164835164836 1.6813186813186813 2.208791208791209 2.142857142857143 3.0 1.7142857142857142 2.8351648351648353 2.208791208791209
90 13.478393841328165 0.989010989010989 1.120879120879121 1.4725274725274726 1.4285714285714286 2.0 1.1428571428571428 1.89010989010989 1.4725274725274726
91 8.558912799309754 0.989010989010989 1.120879120879121 1.4725274725274726 1.4285714285714286 2.0 1.1428571428571428 1.89010989010989 1.4725274725274726
92 4.93508278975926 1.4835164835164836 1.6813186813186813 2.208791208791209 2.142857142857143 3.0 1.7142857142857142 2.8351648351648353 2.208791208791209
93 17.568286706495456 1.4835164835164836 1.6813186813186813 2.208791208791209 2.142857142857143 3.0 1.7142857142857142 2.8351648351648353 2.208791208791209
94 3.4090177469589236 1.4835164835164836 1.6813186813186813 2.208791208791209 2.142857142857143 3.0 1.7142857142857142 2.8351648351648353 2.208791208791209
95 39.25159996382218 1.4835164835164836 1.6813186813186813 2.208791208791209 2.142857142857143 3.0 1.7142857142857142 2.8351648351648353 2.208791208791209
96 35.694910922410905 1.4835164835164836 1.6813186813186813 2.208791208791209 2.142857142857143 3.0 1.7142857142857142 2.8351648351648353 2.208791208791209
97 68.99652053814633 0.989010989010989 1.120879120879121 1.4725274725274726 1.4285714285714286 2.0 1.1428571428571428 1.89010989010989 1.4725274725274726
98 12.906928967616823 1.4835164835164836 1.6813186813186813 2.208791208791209 2.142857142857143 3.0 1.7142857142857142 2.8351648351648353 2.208791208791209
99 5.00312625645959 0.989010989010989 1.120879120879121 1.4725274725274726 1.4285714285714286 2.0 1.1428571428571428 1.89010989010989 1.4725274725274726
100 29.674859612331268 0.989010989010989 1.120879120879121 1.4725274725274726 1.4285714285714286 2.0 1.1428571428571428 1.89010989010989 1.4725274725274726
101 85.0 0.989010989010989 1.120879120879121 1.4725274725274726 1.4285714285714286 2.0 1.1428571428571428 1.89010989010989 1.4725274725274726
102 11.813424940826534 0.989010989010989 1.120879120879121 1.4725274725274726 1.4285714285714286 2.0 1.1428571428571428 1.89010989010989 1.4725274725274726
103 0.021888053466999402 1.4835164835164836 1.6813186813186813 2.208791208791209 2.142857142857143 3.0 1.7142857142857142 2.8351648351648353 2.208791208791209
104 33.393052133052116 1.4835164835164836 1.6813186813186813 2.208791208791209 2.142857142857143 3.0 1.7142857142857142 2.8351648351648353 2.208791208791209
105 2.5674687812187806 1.4835164835164836 1.6813186813186813 2.208791208791209 2.142857142857143 3.0 1.7142857142857142 2.8351648351648353 2.208791208791209
106 61.07368295538885 1.4835164835164836 1.6813186813186813 2.208791208791209 2.142857142857143 3.0 1.7142857142857142 2.8351648351648353 2.208791208791209
107 26.074993968090414 1.4835164835164836 1.6813186813186813 2.208791208791209 2.142857142857143 3.0 1.7142857142857142 2.8351648351648353 2.208791208791209
108 6.937369189780535 1.4835164835164836 1.6813186813186813 2.208791208791209 2.142857142857143 3.0 1.7142857142857142 2.8351648351648353 2.208791208791209
109 8.5348159830106 1.4835164835164836 1.6813186813186813 2.208791208791209 2.142857142857143 3.0 1.7142857142857142 2.8351648351648353 2.208791208791209
110 66.0 0.989010989010989 1.120879120879121 1.4725274725274726 1.4285714285714286 2.0 1.1428571428571428 1.89010989010989 1.4725274725274726
111 34.009376718148644 0.989010989010989 1.120879120879121 1.4725274725274726 1.4285714285714286 2.0 1.1428571428571428 1.89010989010989 1.4725274725274726
112 43.86518847334077 0.989010989010989 1.120879120879121 1.4725274725274726 1.4285714285714286 2.0 1.1428571428571428 1.89010989010989 1.4725274725274726
113 90.0 1.4835164835164836 1.6813186813186813 2.208791208791209 2.142857142857143 3.0 1.7142857142857142 2.8351648351648353 2.208791208791209
114 0.6352777777777778 1.4835164835164836 1.6813186813186813 2.208791208791209 2.142857142857143 3.0 1.7142857142857142 2.8351648351648353 2.208791208791209
115 68.42123937704453 1.4835164835164836 1.6813186813186813 2.208791208791209 2.142857142857143 3.0 1.7142857142857142 2.8351648351648353 2.208791208791209
116 53.23775403681285 0.989010989010989 1.120879120879121 1.4725274725274726 1.4285714285714286 2.0 1.1428571428571428 1.89010989010989 1.4725274725274726
117 27.3615780192015 1.4835164835164836 1.6813186813186813 2.208791208791209 2.142857142857143 3.0 1.7142857142857142 2.8351648351648353 2.208791208791209
118 25.53139440391541 0.989010989010989 1.120879120879121 1.4725274725274726 1.4285714285714286 2.0 1.1428571428571428 1.89010989010989 1.4725274725274726
119 19.866312918312914 0.989010989010989 1.120879120879121 1.4725274725274726 1.4285714285714286 2.0 1.1428571428571428 1.89010989010989 1.4725274725274726
120 8.798818377093852 0.989010989010989 1.120879120879121 1.4725274725274726 1.4285714285714286 2.0 1.1428571428571428 1.89010989010989 1.4725274725274726
121 20.482065016889944 1.4835164835164836 1.6813186813186813 2.208791208791209 2.142857142857143 3.0 1.7142857142857142 2.8351648351648353 2.208791208791209
122 13.584660975501306 1.4835164835164836 1.6813186813186813 2.208791208791209 2.142857142857143 3.0 1.7142857142857142 2.8351648351648353 2.208791208791209
123 16.579989814107456 0.989010989010989 1.120879120879121 1.4725274725274726 1.4285714285714286 2.0 1.1428571428571428 1.89010989010989 1.4725274725274726
124 3.3701011515717396 1.4835164835164836 1.6813186813186813 2.208791208791209 2.142857142857143 3.0 1.7142857142857142 2.8351648351648353 2.208791208791209
125 16.827379515908927 1.4835164835164836 1.6813186813186813 2.208791208791209 2.142857142857143 3.0 1.7142857142857142 2.8351648351648353 2.208791208791209
126 35.0 1.4835164835164836 1.6813186813186813 2.208791208791209 2.142857142857143 3.0 1.7142857142857142 2.8351648351648353 2.208791208791209
127 59.59323802994393 0.989010989010989 1.120879120879121 1.4725274725274726 1.4285714285714286 2.0 1.1428571428571428 1.89010989010989 1.4725274725274726
128 11.273198513595469 0.989010989010989 1.120879120879121 1.4725274725274726 1.4285714285714286 2.0 1.1428571428571428 1.89010989010989 1.4725274725274726
129 8.607327363994028 0.989010989010989 1.120879120879121 1.4725274725274726 1.4285714285714286 2.0 1.1428571428571428 1.89010989010989 1.4725274725274726
130 12.655866192630896 1.4835164835164836 1.6813186813186813 2.208791208791209 2.142857142857143 3.0 1.7142857142857142 2.8351648351648353 2.208791208791209
131 3.4278631558810737 1.4835164835164836 1.6813186813186813 2.208791208791209 2.142857142857143 3.0 1.7142857142857142 2.8351648351648353 2.208791208791209
132 66.72854830188648 1.4835164835164836 1.6813186813186813 2.208791208791209 2.142857142857143 3.0 1.7142857142857142 2.8351648351648353 2.208791208791209
133 16.354398749398744 1.4835164835164836 1.6813186813186813 2.208791208791209 2.142857142857143 3.0 1.7142857142857142 2.8351648351648353 2.208791208791209
134 2.1163636363636362 0.989010989010989 1.120879120879121 1.4725274725274726 1.4285714285714286 2.0 1.1428571428571428 1.89010989010989 1.4725274725274726
135 55.0 0.989010989010989 1.120879120879121 1.4725274725274726 1.4285714285714286 2.0 1.1428571428571428 1.89010989010989 1.4725274725274726
136 3.308546453546453 1.4835164835164836 1.6813186813186813 2.208791208791209 2.142857142857143 3.0 1.7142857142857142 2.8351648351648353 2.208791208791209
137 6.276301476301477 1.4835164835164836 1.6813186813186813 2.208791208791209 2.142857142857143 3.0 1.7142857142857142 2.8351648351648353 2.208791208791209
138 19.953386123680243 0.989010989010989 1.120879120879121 1.4725274725274726 1.4285714285714286 2.0 1.1428571428571428 1.89010989010989 1.4725274725274726
139 89.0 1.4835164835164836 1.6813186813186813 2.208791208791209 2.142857142857143 3.0 1.7142857142857142 2.8351648351648353 2.208791208791209
140 2.3706550162800153 1.4835164835164836 1.6813186813186813 2.208791208791209 2.142857142857143 3.0 1.7142857142857142 2.8351648351648353 2.208791208791209
141 1.027941894706601 1.4835164835164836 1.6813186813186813 2.208791208791209 2.142857142857143 3.0 1.7142857142857142 2.8351648351648353 2.208791208791209
142 10.321538461538461 1.4835164835164836 1.6813186813186813 2.208791208791209 2.142857142857143 3.0 1.7142857142857142 2.8351648351648353 2.208791208791209
143 76.0 1.4835164835164836 1.6813186813186813 2.208791208791209 2.142857142857143 3.0 1.7142857142857142 2.8351648351648353 2.208791208791209
144 59.42840055047821 0.989010989010989 1.120879120879121 1.4725274725274726 1.4285714285714286 2.0 1.1428571428571428 1.89010989010989 1.4725274725274726
145 6.396757461933933 0.989010989010989 1.120879120879121 1.4725274725274726 1.4285714285714286 2.0 1.1428571428571428 1.89010989010989 1.4725274725274726
146 4.536345257176898 1.4835164835164836 1.6813186813186813 2.208791208791209 2.142857142857143 3.0 1.7142857142857142 2.8351648351648353 2.208791208791209
147 4.642644120585296 0.989010989010989 1.120879120879121 1.4725274725274726 1.4285714285714286 2.0 1.1428571428571428 1.89010989010989 1.4725274725274726
148 15.059060062877133 0.989010989010989 1.120879120879121 1.4725274725274726 1.4285714285714286 2.0 1.1428571428571428 1.89010989010989 1.4725274725274726
149 22.803031553046743 1.4835164835164836 1.6813186813186813 2.208791208791209 2.142857142857143 3.0 1.7142857142857142 2.8351648351648353 2.208791208791209
150 5.256360851315752 1.4835164835164836 1.6813186813186813 2.208791208791209 2.142857142857143 3.0 1.7142857142857142 2.8351648351648353 2.208791208791209
151 9.793092128459774 0.989010989010989 1.120879120879121 1.4725274725274726 1.4285714285714286 2.0 1.1428571428571428 1.89010989010989 1.4725274725274726
152 14.772869592281351 1.4835164835164836 1.6813186813186813 2.208791208791209 2.142857142857143 3.0 1.7142857142857142 2.8351648351648353 2.208791208791209
153 18.547198574616274 0.989010989010989 1.120879120879121 1.4725274725274726 1.4285714285714286 2.0 1.1428571428571428 1.89010989010989 1.4725274725274726
154 7.172210012210013 0.989010989010989 1.120879120879121 1.4725274725274726 1.4285714285714286 2.0 1.1428571428571428 1.89010989010989 1.4725274725274726
155 51.71832041707889 1.4835164835164836 1.6813186813186813 2.208791208791209 2.142857142857143 3.0 1.7142857142857142 2.8351648351648353 2.208791208791209
156 47.301461832285376 1.4835164835164836 1.6813186813186813 2.208791208791209 2.142857142857143 3.0 1.7142857142857142 2.8351648351648353 2.208791208791209
157 5.538325092600567 1.4835164835164836 1.6813186813186813 2.208791208791209 2.142857142857143 3.0 1.7142857142857142 2.8351648351648353 2.208791208791209
158 11.801015329208607 0.989010989010989 1.120879120879121 1.4725274725274726 1.4285714285714286 2.0 1.1428571428571428 1.89010989010989 1.4725274725274726
159 25.400840096722437 1.4835164835164836 1.6813186813186813 2.208791208791209 2.142857142857143 3.0 1.7142857142857142 2.8351648351648353 2.208791208791209
160 2.324466644466644 1.4835164835164836 1.6813186813186813 2.208791208791209 2.142857142857143 3.0 1.7142857142857142 2.8351648351648353 2.208791208791209
161 39.0 1.4835164835164836 1.6813186813186813 2.208791208791209 2.142857142857143 3.0 1.7142857142857142 2.8351648351648353 2.208791208791209
162 18.316410256410254 0.989010989010989 1.120879120879121 1.4725274725274726 1.4285714285714286 2.0 1.1428571428571428 1.89010989010989 1.4725274725274726
163 23.228376623376615 1.4835164835164836 1.6813186813186813 2.208791208791209 2.142857142857143 3.0 1.7142857142857142 2.8351648351648353 2.208791208791209
164 4.724626076626077 0.989010989010989 1.120879120879121 1.4725274725274726 1.4285714285714286 2.0 1.1428571428571428 1.89010989010989 1.4725274725274726
165 32.07703559284204 1.4835164835164836 1.6813186813186813 2.208791208791209 2.142857142857143 3.0 1.7142857142857142 2.8351648351648353 2.208791208791209
166 30.353576176909495 0.989010989010989 1.120879120879121 1.4725274725274726 1.4285714285714286 2.0 1.1428571428571428 1.89010989010989 1.4725274725274726
167 4.982095923789472 0.989010989010989 1.120879120879121 1.4725274725274726 1.4285714285714286 2.0 1.1428571428571428 1.89010989010989 1.4725274725274726
168 8.473919108157281 0.989010989010989 1.120879120879121 1.4725274725274726 1.4285714285714286 2.0 1.1428571428571428 1.89010989010989 1.4725274725274726
169 47.819724592503654 1.4835164835164836 1.6813186813186813 2.208791208791209 2.142857142857143 3.0 1.7142857142857142 2.8351648351648353 2.208791208791209
170 75.0 1.4835164835164836 1.6813186813186813 2.208791208791209 2.142857142857143 3.0 1.7142857142857142 2.8351648351648353 2.208791208791209
171 1.464444569608279 1.4835164835164836 1.6813186813186813 2.208791208791209 2.142857142857143 3.0 1.7142857142857142 2.8351648351648353 2.208791208791209
172 26.12009760029367 0.989010989010989 1.120879120879121 1.4725274725274726 1.4285714285714286 2.0 1.1428571428571428 1.89010989010989 1.4725274725274726
173 5.203075456171169 1.4835164835164836 1.6813186813186813 2.208791208791209 2.142857142857143 3.0 1.7142857142857142 2.8351648351648353 2.208791208791209
174 19.902039816876407 1.4835164835164836 1.6813186813186813 2.208791208791209 2.142857142857143 3.0 1.7142857142857142 2.8351648351648353 2.208791208791209
175 0.9693593334769807 0.989010989010989 1.120879120879121 1.4725274725274726 1.4285714285714286 2.0 1.1428571428571428 1.89010989010989 1.4725274725274726
176 27.64299921849901 1.4835164835164836 1.6813186813186813 2.208791208791209 2.142857142857143 3.0 1.7142857142857142 2.8351648351648353 2.208791208791209
177 17.45008547008547 0.989010989010989 1.120879120879121 1.4725274725274726 1.4285714285714286 2.0 1.1428571428571428 1.89010989010989 1.4725274725274726
178 1.4075832825849708 0.989010989010989 1.120879120879121 1.4725274725274726 1.4285714285714286 2.0 1.1428571428571428 1.89010989010989 1.4725274725274726
179 2.7866950626404408 1.4835164835164836 1.6813186813186813 2.208791208791209 2.142857142857143 3.0 1.7142857142857142 2.8351648351648353 2.208791208791209
180 25.61333975555027 1.4835164835164836 1.6813186813186813 2.208791208791209 2.142857142857143 3.0 1.7142857142857142 2.8351648351648353 2.208791208791209
181 1.8806767457320313 0.989010989010989 1.120879120879121 1.4725274725274726 1.4285714285714286 2.0 1.1428571428571428 1.89010989010989 1.4725274725274726
182 9.235011150820657 1.4835164835164836 1.6813186813186813 2.208791208791209 2.142857142857143 3.0 1.7142857142857142 2.8351648351648353 2.208791208791209
183 100.0 1.4835164835164836 1.6813186813186813 2.208791208791209 2.142857142857143 3.0 1.7142857142857142 2.8351648351648353 2.208791208791209
184 11.38173093772562 0.989010989010989 1.120879120879121 1.4725274725274726 1.4285714285714286 2.0 1.1428571428571428 1.89010989010989 1.4725274725274726
185 7.7735950106538345 0.989010989010989 1.120879120879121 1.4725274725274726 1.4285714285714286 2.0 1.1428571428571428 1.89010989010989 1.4725274725274726
186 14.351965195298526 1.4835164835164836 1.6813186813186813 2.208791208791209 2.142857142857143 3.0 1.7142857142857142 2.8351648351648353 2.208791208791209
187 28.379912494912492 1.4835164835164836 1.6813186813186813 2.208791208791209 2.142857142857143 3.0 1.7142857142857142 2.8351648351648353 2.208791208791209
188 63.12674803883982 0.989010989010989 1.120879120879121 1.4725274725274726 1.4285714285714286 2.0 1.1428571428571428 1.89010989010989 1.4725274725274726
189 93.83440783893906 0.989010989010989 1.120879120879121 1.4725274725274726 1.4285714285714286 2.0 1.1428571428571428 1.89010989010989 1.4725274725274726
190 58.03929054903934 1.4835164835164836 1.6813186813186813 2.208791208791209 2.142857142857143 3.0 1.7142857142857142 2.8351648351648353 2.208791208791209
191 5.640411486416814 1.4835164835164836 1.6813186813186813 2.208791208791209 2.142857142857143 3.0 1.7142857142857142 2.8351648351648353 2.208791208791209
192 43.406946347228825 1.4835164835164836 1.6813186813186813 2.208791208791209 2.142857142857143 3.0 1.7142857142857142 2.8351648351648353 2.208791208791209
193 23.681254636864935 0.989010989010989 1.120879120879121 1.4725274725274726 1.4285714285714286 2.0 1.1428571428571428 1.89010989010989 1.4725274725274726
194 14.493590598987588 0.989010989010989 1.120879120879121 1.4725274725274726 1.4285714285714286 2.0 1.1428571428571428 1.89010989010989 1.4725274725274726
195 16.639625397643822 1.4835164835164836 1.6813186813186813 2.208791208791209 2.142857142857143 3.0 1.7142857142857142 2.8351648351648353 2.208791208791209
196 12.025126373626371 0.989010989010989 1.120879120879121 1.4725274725274726 1.4285714285714286 2.0 1.1428571428571428 1.89010989010989 1.4725274725274726
197 21.678159951159948 1.4835164835164836 1.6813186813186813 2.208791208791209 2.142857142857143 3.0 1.7142857142857142 2.8351648351648353 2.208791208791209
198 2.7769435072724544 0.989010989010989 1.120879120879121 1.4725274725274726 1.4285714285714286 2.0 1.1428571428571428 1.89010989010989 1.4725274725274726
199 18.890546857678636 0.989010989010989 1.120879120879121 1.4725274725274726 1.4285714285714286 2.0 1.1428571428571428 1.89010989010989 1.4725274725274726
