300 6
TREE NETWORK (nID nID Weight):
63 0 41
234 63 55
299 63 53
119 0 40
137 63 58
223 0 36
68 234 56
238 299 44
275 0 40
24 275 53
6 234 59
151 275 49
290 234 45
248 68 58
254 119 56
212 63 43
213 299 42
89 119 48
146 119 57
15 290 52
31 119 48
207 119 37
76 151 51
112 6 49
99 290 42
246 290 44
191 0 31
48 24 52
236 275 39
100 146 40
279 234 33
43 191 54
276 213 34
78 89 30
216 238 48
59 238 41
81 100 31
72 137 53
96 15 36
148 0 46
79 72 57
93 31 54
261 6 52
221 248 48
139 275 42
138 279 58
37 78 49
70 15 32
255 93 54
225 68 49
135 138 44
46 137 32
20 46 36
206 63 31
23 31 57
222 148 50
258 221 54
144 258 38
35 279 47
7 148 40
41 48 56
177 138 51
247 137 51
86 216 33
169 99 50
250 138 55
183 63 37
186 68 49
118 76 42
174 46 42
292 222 59
60 63 44
29 112 32
25 89 30
298 72 40
230 7 55
158 212 43
114 148 52
28 246 53
13 89 47
117 146 41
229 72 52
107 222 51
124 144 42
1 183 37
49 216 32
116 96 34
256 68 42
176 119 40
2 169 42
42 275 47
192 176 44
287 46 56
27 248 38
44 146 32
130 246 39
208 24 43
91 258 32
170 48 39
296 222 53
16 298 58
61 117 47
179 28 49
272 43 56
143 246 45
9 255 55
95 13 53
219 272 44
64 15 53
168 78 35
108 207 51
253 107 41
291 130 59
161 169 56
277 290 30
50 161 33
278 107 39
155 81 47
180 93 47
128 135 55
189 168 31
82 287 32
226 44 57
190 223 52
65 179 31
194 176 58
209 216 49
98 138 32
281 148 37
244 190 55
154 248 54
232 180 36
21 222 46
262 28 54
17 234 44
147 59 43
241 130 46
106 281 31
104 179 34
80 124 34
90 96 47
51 72 53
199 42 44
134 161 34
211 112 44
54 1 37
14 209 56
56 116 33
94 246 53
227 234 49
97 44 40
85 176 59
83 255 57
228 180 47
159 183 58
4 81 40
66 199 38
73 232 30
153 225 37
120 183 49
242 190 32
203 79 54
110 112 58
251 46 39
188 138 39
92 277 50
88 51 32
132 17 45
271 100 47
113 9 54
175 6 31
259 51 54
215 219 48
273 25 41
131 144 30
84 230 47
260 137 45
57 132 58
126 183 49
58 226 53
166 254 56
171 192 48
115 61 39
200 46 58
150 90 57
285 44 48
39 177 33
214 15 39
40 255 33
12 176 34
264 206 43
18 89 44
136 131 45
102 206 34
11 88 53
19 226 41
187 82 54
75 299 59
172 234 40
235 64 58
45 299 39
201 177 58
268 70 30
231 50 43
288 192 55
77 231 51
123 2 55
52 231 51
239 25 48
297 29 36
245 128 48
282 4 40
71 276 43
205 290 47
105 100 39
237 128 30
53 176 37
34 139 39
160 99 42
36 213 43
284 45 47
196 227 51
157 298 49
55 248 39
193 83 58
182 59 59
103 275 44
243 147 42
267 199 42
133 281 31
167 114 52
185 170 47
181 25 54
26 106 30
122 278 58
127 186 36
210 144 41
162 268 59
224 222 50
269 37 37
69 213 58
101 180 53
265 180 52
156 45 37
266 247 58
195 18 41
149 143 37
47 11 49
202 247 40
38 118 49
87 102 53
22 168 49
233 205 37
204 113 54
218 6 33
240 123 48
274 162 38
280 244 45
197 158 52
164 123 35
220 155 35
173 98 45
295 115 31
249 278 40
3 279 31
125 31 51
5 9 35
198 269 42
109 42 35
74 39 51
8 31 56
294 240 40
165 40 45
141 294 52
152 14 39
178 202 53
10 11 50
283 241 50
286 61 43
217 248 53
252 214 30
257 194 49
270 46 48
142 109 55
33 299 34
145 74 58
293 186 42
289 190 39
163 9 33
111 284 51
129 44 39
30 22 41
121 30 58
62 224 39
67 205 32
263 155 34
32 204 55
140 293 57
184 9 41
PROGRAMS ASSIGNED TO NODES (nID pID1 pID2 ...):
0 1 2 3 4 5 6
1 1 3 4 5
2 6
3 2 4 5
4 1 2 3 4 5
5 1 2 6
6 1
8 4 6
9 1 2 3 6
11 1 2 5
12 1 3 4 5 6
14 3 4 6
17 1 2 4 5 6
18 2 5 6
19 1 2 3 5 6
20 2 5 6
21 1 3 4 6
24 1 2 5
25 2 3 4 6
26 3
27 2 3 4 6
28 2 5
29 5
30 1 4 6
31 1 2 3 5 6
32 1
33 5 6
34 2 3 4 5 6
36 5
37 1 2 4 5 6
38 6
39 1 2 3 4 6
41 1 2 3 4 5
42 2 3 4 5
43 3
44 1 2 4 5 6
45 3 6
46 2
47 2 3 4
48 2 3 4
49 1 2 3 5 6
50 4
52 1 2 3 4
53 2 3 5
54 3 4 5
55 1 2 3 5 6
56 2 3 6
58 1 3 4 6
59 2 3
60 1 2 5 6
61 1 5
62 1 3 4 6
63 1 4 5 6
64 1 3 5
65 1 2 5 6
66 2 5 6
68 2 3 4 5 6
70 3 5 6
71 3 5
72 4
73 1 2
74 1 2 3
76 1 4 6
77 4 5
79 2
80 3
81 1 2 5
82 2 3 5
83 1 2 5 6
84 1 2 3 4
85 3 6
86 1
87 2 3 4 6
88 1 2 3 4 6
89 2 3 5 6
90 1 3 5
91 1 2 3 4 6
92 1 2
94 1 2 3 5 6
96 2 3 5 6
98 1 2 4 5 6
99 5 6
100 1 2 3 4
101 1 2 5 6
103 1 2 3 4 5
104 2 3 4 5 6
105 1 3 4 5
106 6
107 5
108 1 3 6
111 1 3 5 6
112 3 4
113 1 2 5 6
114 3 4
115 1 2 3 4
116 1
117 3
118 2 4
119 1 2 3
121 2 3 4 5
122 2 5 6
123 4 5 6
125 1 2 4 5
126 1 2
127 3 5 6
128 1 2 3
129 2
130 1 5 6
133 2 3
134 1 2 3 6
135 4 6
136 1 2 3 5 6
138 4 6
139 3 4
140 2 3 4 5
141 1 3 4 5 6
142 1 5 6
143 2
144 4
145 1 2 3 4 5
146 6
150 3 4 5 6
151 2 4 6
152 1 3 4 5 6
153 6
154 1 4 6
156 4
157 1 4 5 6
158 1 2 3 4 5
159 1 2 4 5 6
160 4 5 6
161 3
162 1 3 4
163 1 2 3 5
164 1 2 4 6
165 3
166 3 4 6
167 1 2 3 4 6
168 4
169 2 3 4
170 1
171 6
172 2
173 1 2 3 5 6
177 5
179 3 5 6
180 3 6
181 2 3 5 6
182 1 2 4
183 3 4
184 2 5
185 1 3 5 6
188 1 3 4 6
189 1 2 3 4 5
190 1 2 3 4
191 2 6
192 5 6
193 1 4 6
194 3 4 5 6
195 1 3 5
196 4
197 3
199 2 3 4 5 6
200 1 2 3 4 5
201 1 3 4 5
202 2 4 6
203 2 4
204 1 3 4 5
205 1 4
206 3 4 5
209 5 6
211 2 4 5 6
212 3 4 6
213 2 3 6
214 1 3 4 5
215 5
216 2 6
217 1 2 3 4 5
219 4
220 2 3 4 5 6
221 2 5 6
222 1 3 4 5 6
224 1 5 6
225 1 3 4 5 6
227 3 4
228 1
229 3 4 6
230 5
231 1 3 5
232 1 3 6
233 5
234 3 5
235 5
236 6
237 1 3 4 6
238 1 3 4 5 6
239 1 3 6
240 5
241 2 3 5
242 1 3 4 5 6
243 1 2 5 6
244 2 3 4 5 6
245 1 2 3
247 1 2 3 4 5
248 3 4
249 1 5
252 3 5
253 1 2 3 5 6
254 1 2 6
255 1 2 4 5 6
256 1 2 4 5
257 2 5 6
259 2 3 6
260 3 4 5 6
262 1 2 4 5 6
263 1 2 4 5 6
264 1 3 4
265 1 2 3 4 5
266 4 6
267 2 4 5
268 1 2 5 6
269 2 3 5
270 1 2 3 4 5
271 1 2 5
272 2 3 5
273 1 2 4 5 6
274 2 3 4 5 6
275 2 4 5 6
276 1 5 6
277 1 2 6
278 2 4 5
280 1 2 3 4 6
281 1 4 5 6
282 1 3 5
284 1 2 4 5 6
285 3 5 6
286 1 2 4 5 6
287 2 6
288 1 3 5
289 2 3 5
290 1
291 1 2 4
292 5
293 4
294 1 3 4 5 6
295 1 2
296 1 2 4 5 6
297 1 2 3 5 6
298 1 3 4 6
299 3
SIZE OF PROGRAMS (pID SIZE):
1 76.0
2 79.0
3 84.0
4 95.0
5 87.0
6 50.0
COST TO INSTALL SERVERS AND PROGRAMS ON NODES (COST_TO_INSTALL_SERVER COST_TO_INSTALL_pID1 ...):
0 1991.578947368421 1.6 1.6631578947368422 1.768421052631579 2.0 1.831578947368421 1.0526315789473684
1 1.9627949901120634 1.6 1.6631578947368422 1.768421052631579 2.0 1.831578947368421 1.0526315789473684
2 27.724041784854915 1.6 1.6631578947368422 1.768421052631579 2.0 1.831578947368421 1.0526315789473684
3 18.653264543233487 1.6 1.6631578947368422 1.768421052631579 2.0 1.831578947368421 1.0526315789473684
4 17.00697840030183 2.4 2.4947368421052634 2.6526315789473682 3.0 2.7473684210526317 1.5789473684210527
5 2.22570520366573 1.6 1.6631578947368422 1.768421052631579 2.0 1.831578947368421 1.0526315789473684
6 12.165414613236457 1.6 1.6631578947368422 1.768421052631579 2.0 1.831578947368421 1.0526315789473684
7 1.7019832189168567 2.4 2.4947368421052634 2.6526315789473682 3.0 2.7473684210526317 1.5789473684210527
8 3.569731620718462 2.4 2.4947368421052634 2.6526315789473682 3.0 2.7473684210526317 1.5789473684210527
9 36.064943134351026 1.6 1.6631578947368422 1.768421052631579 2.0 1.831578947368421 1.0526315789473684
10 42.0 2.4 2.4947368421052634 2.6526315789473682 3.0 2.7473684210526317 1.5789473684210527
11 10.991630722592541 2.4 2.4947368421052634 2.6526315789473682 3.0 2.7473684210526317 1.5789473684210527
12 11.250278637770899 2.4 2.4947368421052634 2.6526315789473682 3.0 2.7473684210526317 1.5789473684210527
13 63.0 2.4 2.4947368421052634 2.6526315789473682 3.0 2.7473684210526317 1.5789473684210527
14 15.883405300614353 2.4 2.4947368421052634 2.6526315789473682 3.0 2.7473684210526317 1.5789473684210527
15 7.203145466001694 1.6 1.6631578947368422 1.768421052631579 2.0 1.831578947368421 1.0526315789473684
16 19.0 1.6 1.6631578947368422 1.768421052631579 2.0 1.831578947368421 1.0526315789473684
17 5.6549089742093575 2.4 2.4947368421052634 2.6526315789473682 3.0 2.7473684210526317 1.5789473684210527
18 3.708027644869751 2.4 2.4947368421052634 2.6526315789473682 3.0 2.7473684210526317 1.5789473684210527
19 18.98401797175866 2.4 2.4947368421052634 2.6526315789473682 3.0 2.7473684210526317 1.5789473684210527
20 10.317037315745207 1.6 1.6631578947368422 1.768421052631579 2.0 1.831578947368421 1.0526315789473684
21 2.9187871853546907 2.4 2.4947368421052634 2.6526315789473682 3.0 2.7473684210526317 1.5789473684210527
22 4.548320354457572 2.4 2.4947368421052634 2.6526315789473682 3.0 2.7473684210526317 1.5789473684210527
23 40.0 1.6 1.6631578947368422 1.768421052631579 2.0 1.831578947368421 1.0526315789473684
24 4.144886863384877 1.6 1.6631578947368422 1.768421052631579 2.0 1.831578947368421 1.0526315789473684
25 14.467904135338344 1.6 1.6631578947368422 1.768421052631579 2.0 1.831578947368421 1.0526315789473684
26 4.702568156109161 1.6 1.6631578947368422 1.768421052631579 2.0 1.831578947368421 1.0526315789473684
27 11.150743658979243 2.4 2.4947368421052634 2.6526315789473682 3.0 2.7473684210526317 1.5789473684210527
28 15.503267446216677 1.6 1.6631578947368422 1.768421052631579 2.0 1.831578947368421 1.0526315789473684
29 9.03670843031568 1.6 1.6631578947368422 1.768421052631579 2.0 1.831578947368421 1.0526315789473684
30 54.52939377594058 2.4 2.4947368421052634 2.6526315789473682 3.0 2.7473684210526317 1.5789473684210527
31 3.5487312030075184 2.4 2.4947368421052634 2.6526315789473682 3.0 2.7473684210526317 1.5789473684210527
32 1.027659932659933 1.6 1.6631578947368422 1.768421052631579 2.0 1.831578947368421 1.0526315789473684
33 5.421537240274558 1.6 1.6631578947368422 1.768421052631579 2.0 1.831578947368421 1.0526315789473684
34 10.160569693464433 2.4 2.4947368421052634 2.6526315789473682 3.0 2.7473684210526317 1.5789473684210527
35 18.0 1.6 1.6631578947368422 1.768421052631579 2.0 1.831578947368421 1.0526315789473684
36 0.6026566091488098 1.6 1.6631578947368422 1.768421052631579 2.0 1.831578947368421 1.0526315789473684
37 7.777757595519411 2.4 2.4947368421052634 2.6526315789473682 3.0 2.7473684210526317 1.5789473684210527
38 0.38827373054484954 2.4 2.4947368421052634 2.6526315789473682 3.0 2.7473684210526317 1.5789473684210527
39 41.59305907025246 2.4 2.4947368421052634 2.6526315789473682 3.0 2.7473684210526317 1.5789473684210527
40 0.7738144603934078 1.6 1.6631578947368422 1.768421052631579 2.0 1.831578947368421 1.0526315789473684
41 23.537966032643286 1.6 1.6631578947368422 1.768421052631579 2.0 1.831578947368421 1.0526315789473684
42 2.885261158214686 1.6 1.6631578947368422 1.768421052631579 2.0 1.831578947368421 1.0526315789473684
43 7.178334276551594 1.6 1.6631578947368422 1.768421052631579 2.0 1.831578947368421 1.0526315789473684
44 19.03108552631579 2.4 2.4947368421052634 2.6526315789473682 3.0 2.7473684210526317 1.5789473684210527
45 2.2535730934117835 1.6 1.6631578947368422 1.768421052631579 2.0 1.831578947368421 1.0526315789473684
46 23.36524984269968 1.6 1.6631578947368422 1.768421052631579 2.0 1.831578947368421 1.0526315789473684
47 10.683809526320086 2.4 2.4947368421052634 2.6526315789473682 3.0 2.7473684210526317 1.5789473684210527
48 1.9803695286838288 1.6 1.6631578947368422 1.768421052631579 2.0 1.831578947368421 1.0526315789473684
49 9.727485262683267 1.6 1.6631578947368422 1.768421052631579 2.0 1.831578947368421 1.0526315789473684
50 34.28068693352005 1.6 1.6631578947368422 1.768421052631579 2.0 1.831578947368421 1.0526315789473684
51 8.681809588079886 2.4 2.4947368421052634 2.6526315789473682 3.0 2.7473684210526317 1.5789473684210527
52 28.06413139674927 2.4 2.4947368421052634 2.6526315789473682 3.0 2.7473684210526317 1.5789473684210527
53 6.817211948790894 2.4 2.4947368421052634 2.6526315789473682 3.0 2.7473684210526317 1.5789473684210527
54 16.707066578773897 2.4 2.4947368421052634 2.6526315789473682 3.0 2.7473684210526317 1.5789473684210527
55 18.55762550759851 1.6 1.6631578947368422 1.768421052631579 2.0 1.831578947368421 1.0526315789473684
56 10.43242851613387 2.4 2.4947368421052634 2.6526315789473682 3.0 2.7473684210526317 1.5789473684210527
57 98.0 1.6 1.6631578947368422 1.768421052631579 2.0 1.831578947368421 1.0526315789473684
58 2.7191668735518038 1.6 1.6631578947368422 1.768421052631579 2.0 1.831578947368421 1.0526315789473684
59 22.55022881168533 2.4 2.4947368421052634 2.6526315789473682 3.0 2.7473684210526317 1.5789473684210527
60 3.1760835570078183 2.4 2.4947368421052634 2.6526315789473682 3.0 2.7473684210526317 1.5789473684210527
61 2.6673555158003985 2.4 2.4947368421052634 2.6526315789473682 3.0 2.7473684210526317 1.5789473684210527
62 2.0229894971542564 1.6 1.6631578947368422 1.768421052631579 2.0 1.831578947368421 1.0526315789473684
63 92.0 2.4 2.4947368421052634 2.6526315789473682 3.0 2.7473684210526317 1.5789473684210527
64 2.0214565582190986 1.6 1.6631578947368422 1.768421052631579 2.0 1.831578947368421 1.0526315789473684
65 18.61160724835995 2.4 2.4947368421052634 2.6526315789473682 3.0 2.7473684210526317 1.5789473684210527
66 1.6041677695205134 1.6 1.6631578947368422 1.768421052631579 2.0 1.831578947368421 1.0526315789473684
67 109.0 1.6 1.6631578947368422 1.768421052631579 2.0 1.831578947368421 1.0526315789473684
68 1.8546366053715215 1.6 1.6631578947368422 1.768421052631579 2.0 1.831578947368421 1.0526315789473684
69 28.0 1.6 1.6631578947368422 1.768421052631579 2.0 1.831578947368421 1.0526315789473684
70 17.117522000624533 1.6 1.6631578947368422 1.768421052631579 2.0 1.831578947368421 1.0526315789473684
71 6.532383573662988 2.4 2.4947368421052634 2.6526315789473682 3.0 2.7473684210526317 1.5789473684210527
72 3.308103531198945 2.4 2.4947368421052634 2.6526315789473682 3.0 2.7473684210526317 1.5789473684210527
73 1.7849894757579527 2.4 2.4947368421052634 2.6526315789473682 3.0 2.7473684210526317 1.5789473684210527
74 50.317565593626185 2.4 2.4947368421052634 2.6526315789473682 3.0 2.7473684210526317 1.5789473684210527
75 36.0 1.6 1.6631578947368422 1.768421052631579 2.0 1.831578947368421 1.0526315789473684
76 3.0093353130725977 2.4 2.4947368421052634 2.6526315789473682 3.0 2.7473684210526317 1.5789473684210527
77 3.0584861761726754 2.4 2.4947368421052634 2.6526315789473682 3.0 2.7473684210526317 1.5789473684210527
78 10.557659774436088 1.6 1.6631578947368422 1.768421052631579 2.0 1.831578947368421 1.0526315789473684
79 4.297104496169093 1.6 1.6631578947368422 1.768421052631579 2.0 1.831578947368421 1.0526315789473684
80 8.315020562903012 2.4 2.4947368421052634 2.6526315789473682 3.0 2.7473684210526317 1.5789473684210527
81 3.7090916808149403 1.6 1.6631578947368422 1.768421052631579 2.0 1.831578947368421 1.0526315789473684
82 15.1404201736469 1.6 1.6631578947368422 1.768421052631579 2.0 1.831578947368421 1.0526315789473684
83 2.6639254385964906 2.4 2.4947368421052634 2.6526315789473682 3.0 2.7473684210526317 1.5789473684210527
84 12.769827976930802 2.4 2.4947368421052634 2.6526315789473682 3.0 2.7473684210526317 1.5789473684210527
85 2.6650579839429085 1.6 1.6631578947368422 1.768421052631579 2.0 1.831578947368421 1.0526315789473684
86 0.6501257164372674 2.4 2.4947368421052634 2.6526315789473682 3.0 2.7473684210526317 1.5789473684210527
87 20.33235673881662 2.4 2.4947368421052634 2.6526315789473682 3.0 2.7473684210526317 1.5789473684210527
88 35.631696147140026 2.4 2.4947368421052634 2.6526315789473682 3.0 2.7473684210526317 1.5789473684210527
89 2.8345582706766916 1.6 1.6631578947368422 1.768421052631579 2.0 1.831578947368421 1.0526315789473684
90 11.710534354255435 1.6 1.6631578947368422 1.768421052631579 2.0 1.831578947368421 1.0526315789473684
91 29.31144296247922 1.6 1.6631578947368422 1.768421052631579 2.0 1.831578947368421 1.0526315789473684
92 10.284866983917045 2.4 2.4947368421052634 2.6526315789473682 3.0 2.7473684210526317 1.5789473684210527
93 5.953900375939851 2.4 2.4947368421052634 2.6526315789473682 3.0 2.7473684210526317 1.5789473684210527
94 3.208665559364812 1.6 1.6631578947368422 1.768421052631579 2.0 1.831578947368421 1.0526315789473684
95 76.0 1.6 1.6631578947368422 1.768421052631579 2.0 1.831578947368421 1.0526315789473684
96 19.972308936249892 2.4 2.4947368421052634 2.6526315789473682 3.0 2.7473684210526317 1.5789473684210527
97 35.0 1.6 1.6631578947368422 1.768421052631579 2.0 1.831578947368421 1.0526315789473684
98 22.353245521216646 2.4 2.4947368421052634 2.6526315789473682 3.0 2.7473684210526317 1.5789473684210527
99 21.87066337843342 2.4 2.4947368421052634 2.6526315789473682 3.0 2.7473684210526317 1.5789473684210527
100 6.533796992481202 2.4 2.4947368421052634 2.6526315789473682 3.0 2.7473684210526317 1.5789473684210527
101 19.16269922598548 2.4 2.4947368421052634 2.6526315789473682 3.0 2.7473684210526317 1.5789473684210527
102 18.02006279641344 1.6 1.6631578947368422 1.768421052631579 2.0 1.831578947368421 1.0526315789473684
103 2.9459928229665078 2.4 2.4947368421052634 2.6526315789473682 3.0 2.7473684210526317 1.5789473684210527
104 4.922903255510448 2.4 2.4947368421052634 2.6526315789473682 3.0 2.7473684210526317 1.5789473684210527
105 6.3207692307692325 2.4 2.4947368421052634 2.6526315789473682 3.0 2.7473684210526317 1.5789473684210527
106 5.079677878217775 2.4 2.4947368421052634 2.6526315789473682 3.0 2.7473684210526317 1.5789473684210527
107 4.609097090552466 1.6 1.6631578947368422 1.768421052631579 2.0 1.831578947368421 1.0526315789473684
108 3.71779453602209 1.6 1.6631578947368422 1.768421052631579 2.0 1.831578947368421 1.0526315789473684
109 0.9216313389857622 2.4 2.4947368421052634 2.6526315789473682 3.0 2.7473684210526317 1.5789473684210527
110 61.0 1.6 1.6631578947368422 1.768421052631579 2.0 1.831578947368421 1.0526315789473684
111 23.717796667471994 1.6 1.6631578947368422 1.768421052631579 2.0 1.831578947368421 1.0526315789473684
112 2.2773052776575655 2.4 2.4947368421052634 2.6526315789473682 3.0 2.7473684210526317 1.5789473684210527
113 21.906177090453408 2.4 2.4947368421052634 2.6526315789473682 3.0 2.7473684210526317 1.5789473684210527
114 3.314233409610984 1.6 1.6631578947368422 1.768421052631579 2.0 1.831578947368421 1.0526315789473684
115 21.69642802717544 1.6 1.6631578947368422 1.768421052631579 2.0 1.831578947368421 1.0526315789473684
116 28.516232214512055 2.4 2.4947368421052634 2.6526315789473682 3.0 2.7473684210526317 1.5789473684210527
117 20.684023014854212 1.6 1.6631578947368422 1.768421052631579 2.0 1.831578947368421 1.0526315789473684
118 4.48813209494324 2.4 2.4947368421052634 2.6526315789473682 3.0 2.7473684210526317 1.5789473684210527
119 1.5139285714285704 1.6 1.6631578947368422 1.768421052631579 2.0 1.831578947368421 1.0526315789473684
120 74.0 2.4 2.4947368421052634 2.6526315789473682 3.0 2.7473684210526317 1.5789473684210527
121 35.91714790814293 1.6 1.6631578947368422 1.768421052631579 2.0 1.831578947368421 1.0526315789473684
122 5.4923725953170095 2.4 2.4947368421052634 2.6526315789473682 3.0 2.7473684210526317 1.5789473684210527
123 23.53417440179479 1.6 1.6631578947368422 1.768421052631579 2.0 1.831578947368421 1.0526315789473684
124 7.363193937516013 1.6 1.6631578947368422 1.768421052631579 2.0 1.831578947368421 1.0526315789473684
125 5.705785603715171 2.4 2.4947368421052634 2.6526315789473682 3.0 2.7473684210526317 1.5789473684210527
126 3.4102399090295656 1.6 1.6631578947368422 1.768421052631579 2.0 1.831578947368421 1.0526315789473684
127 1.9351315683623591 1.6 1.6631578947368422 1.768421052631579 2.0 1.831578947368421 1.0526315789473684
128 3.818750025150805 2.4 2.4947368421052634 2.6526315789473682 3.0 2.7473684210526317 1.5789473684210527
129 0.5360619095816465 2.4 2.4947368421052634 2.6526315789473682 3.0 2.7473684210526317 1.5789473684210527
130 36.77906827661 2.4 2.4947368421052634 2.6526315789473682 3.0 2.7473684210526317 1.5789473684210527
131 41.82536348722956 2.4 2.4947368421052634 2.6526315789473682 3.0 2.7473684210526317 1.5789473684210527
132 96.0 1.6 1.6631578947368422 1.768421052631579 2.0 1.831578947368421 1.0526315789473684
133 7.494449746860611 1.6 1.6631578947368422 1.768421052631579 2.0 1.831578947368421 1.0526315789473684
134 17.960449520882765 2.4 2.4947368421052634 2.6526315789473682 3.0 2.7473684210526317 1.5789473684210527
135 29.125303265043872 2.4 2.4947368421052634 2.6526315789473682 3.0 2.7473684210526317 1.5789473684210527
136 17.831539261936616 1.6 1.6631578947368422 1.768421052631579 2.0 1.831578947368421 1.0526315789473684
137 0.9692705059536983 1.6 1.6631578947368422 1.768421052631579 2.0 1.831578947368421 1.0526315789473684
138 10.634595669922573 2.4 2.4947368421052634 2.6526315789473682 3.0 2.7473684210526317 1.5789473684210527
139 10.233040935672511 1.6 1.6631578947368422 1.768421052631579 2.0 1.831578947368421 1.0526315789473684
140 10.467795428942965 1.6 1.6631578947368422 1.768421052631579 2.0 1.831578947368421 1.0526315789473684
141 45.7714772809561 1.6 1.6631578947368422 1.768421052631579 2.0 1.831578947368421 1.0526315789473684
142 11.125684563197161 2.4 2.4947368421052634 2.6526315789473682 3.0 2.7473684210526317 1.5789473684210527
143 3.705013031470027 2.4 2.4947368421052634 2.6526315789473682 3.0 2.7473684210526317 1.5789473684210527
144 38.67194563344444 1.6 1.6631578947368422 1.768421052631579 2.0 1.831578947368421 1.0526315789473684
145 39.361126235259555 1.6 1.6631578947368422 1.768421052631579 2.0 1.831578947368421 1.0526315789473684
146 6.796447368421054 1.6 1.6631578947368422 1.768421052631579 2.0 1.831578947368421 1.0526315789473684
147 2.395934508049183 2.4 2.4947368421052634 2.6526315789473682 3.0 2.7473684210526317 1.5789473684210527
148 0.12471722785223963 1.6 1.6631578947368422 1.768421052631579 2.0 1.831578947368421 1.0526315789473684
149 24.0 2.4 2.4947368421052634 2.6526315789473682 3.0 2.7473684210526317 1.5789473684210527
150 4.094432702104295 1.6 1.6631578947368422 1.768421052631579 2.0 1.831578947368421 1.0526315789473684
151 6.575993555316862 1.6 1.6631578947368422 1.768421052631579 2.0 1.831578947368421 1.0526315789473684
152 22.027031031608498 1.6 1.6631578947368422 1.768421052631579 2.0 1.831578947368421 1.0526315789473684
153 0.4340588182739293 1.6 1.6631578947368422 1.768421052631579 2.0 1.831578947368421 1.0526315789473684
154 1.427884434380716 2.4 2.4947368421052634 2.6526315789473682 3.0 2.7473684210526317 1.5789473684210527
155 4.711219340389408 1.6 1.6631578947368422 1.768421052631579 2.0 1.831578947368421 1.0526315789473684
156 0.611299100438539 2.4 2.4947368421052634 2.6526315789473682 3.0 2.7473684210526317 1.5789473684210527
157 11.446629600247501 2.4 2.4947368421052634 2.6526315789473682 3.0 2.7473684210526317 1.5789473684210527
158 15.451287777014851 2.4 2.4947368421052634 2.6526315789473682 3.0 2.7473684210526317 1.5789473684210527
159 1.4349845011227862 2.4 2.4947368421052634 2.6526315789473682 3.0 2.7473684210526317 1.5789473684210527
160 6.563752026037006 2.4 2.4947368421052634 2.6526315789473682 3.0 2.7473684210526317 1.5789473684210527
161 33.33462809184824 1.6 1.6631578947368422 1.768421052631579 2.0 1.831578947368421 1.0526315789473684
162 24.34008221471909 2.4 2.4947368421052634 2.6526315789473682 3.0 2.7473684210526317 1.5789473684210527
163 25.171050416445148 1.6 1.6631578947368422 1.768421052631579 2.0 1.831578947368421 1.0526315789473684
164 42.69076571695313 1.6 1.6631578947368422 1.768421052631579 2.0 1.831578947368421 1.0526315789473684
165 0.9604811270600744 1.6 1.6631578947368422 1.768421052631579 2.0 1.831578947368421 1.0526315789473684
166 0.6671992481203008 2.4 2.4947368421052634 2.6526315789473682 3.0 2.7473684210526317 1.5789473684210527
167 11.525182186234813 1.6 1.6631578947368422 1.768421052631579 2.0 1.831578947368421 1.0526315789473684
168 4.082885338345865 1.6 1.6631578947368422 1.768421052631579 2.0 1.831578947368421 1.0526315789473684
169 24.358562033846102 2.4 2.4947368421052634 2.6526315789473682 3.0 2.7473684210526317 1.5789473684210527
170 1.6976749293407682 2.4 2.4947368421052634 2.6526315789473682 3.0 2.7473684210526317 1.5789473684210527
171 2.175239234449761 1.6 1.6631578947368422 1.768421052631579 2.0 1.831578947368421 1.0526315789473684
172 0.2843456062551056 2.4 2.4947368421052634 2.6526315789473682 3.0 2.7473684210526317 1.5789473684210527
173 39.3079537231164 2.4 2.4947368421052634 2.6526315789473682 3.0 2.7473684210526317 1.5789473684210527
174 50.0 1.6 1.6631578947368422 1.768421052631579 2.0 1.831578947368421 1.0526315789473684
175 59.0 1.6 1.6631578947368422 1.768421052631579 2.0 1.831578947368421 1.0526315789473684
176 9.154398496240601 1.6 1.6631578947368422 1.768421052631579 2.0 1.831578947368421 1.0526315789473684
177 10.142773826147293 1.6 1.6631578947368422 1.768421052631579 2.0 1.831578947368421 1.0526315789473684
178 31.0 2.4 2.4947368421052634 2.6526315789473682 3.0 2.7473684210526317 1.5789473684210527
179 12.095718872572018 1.6 1.6631578947368422 1.768421052631579 2.0 1.831578947368421 1.0526315789473684
180 2.545731460744059 2.4 2.4947368421052634 2.6526315789473682 3.0 2.7473684210526317 1.5789473684210527
181 5.949561403508773 2.4 2.4947368421052634 2.6526315789473682 3.0 2.7473684210526317 1.5789473684210527
182 7.5488180270893395 1.6 1.6631578947368422 1.768421052631579 2.0 1.831578947368421 1.0526315789473684
183 4.938892352833303 2.4 2.4947368421052634 2.6526315789473682 3.0 2.7473684210526317 1.5789473684210527
184 1.7328706945362917 1.6 1.6631578947368422 1.768421052631579 2.0 1.831578947368421 1.0526315789473684
185 18.495549813336105 1.6 1.6631578947368422 1.768421052631579 2.0 1.831578947368421 1.0526315789473684
186 18.104811075439624 1.6 1.6631578947368422 1.768421052631579 2.0 1.831578947368421 1.0526315789473684
187 37.0 1.6 1.6631578947368422 1.768421052631579 2.0 1.831578947368421 1.0526315789473684
188 8.665495217013525 1.6 1.6631578947368422 1.768421052631579 2.0 1.831578947368421 1.0526315789473684
189 27.386187848653886 2.4 2.4947368421052634 2.6526315789473682 3.0 2.7473684210526317 1.5789473684210527
190 6.461910545594757 1.6 1.6631578947368422 1.768421052631579 2.0 1.831578947368421 1.0526315789473684
191 1.1803056027164687 1.6 1.6631578947368422 1.768421052631579 2.0 1.831578947368421 1.0526315789473684
192 13.812631578947371 1.6 1.6631578947368422 1.768421052631579 2.0 1.831578947368421 1.0526315789473684
193 2.134925808294683 1.6 1.6631578947368422 1.768421052631579 2.0 1.831578947368421 1.0526315789473684
194 1.4086660617059894 2.4 2.4947368421052634 2.6526315789473682 3.0 2.7473684210526317 1.5789473684210527
195 1.5158859940872134 2.4 2.4947368421052634 2.6526315789473682 3.0 2.7473684210526317 1.5789473684210527
196 2.9075199037486397 2.4 2.4947368421052634 2.6526315789473682 3.0 2.7473684210526317 1.5789473684210527
197 3.481632476846376 1.6 1.6631578947368422 1.768421052631579 2.0 1.831578947368421 1.0526315789473684
198 109.0 2.4 2.4947368421052634 2.6526315789473682 3.0 2.7473684210526317 1.5789473684210527
199 11.36444314364247 1.6 1.6631578947368422 1.768421052631579 2.0 1.831578947368421 1.0526315789473684
200 2.907862616750034 1.6 1.6631578947368422 1.768421052631579 2.0 1.831578947368421 1.0526315789473684
201 3.622226739766937 1.6 1.6631578947368422 1.768421052631579 2.0 1.831578947368421 1.0526315789473684
202 7.346373751129417 2.4 2.4947368421052634 2.6526315789473682 3.0 2.7473684210526317 1.5789473684210527
203 4.899716581939074 2.4 2.4947368421052634 2.6526315789473682 3.0 2.7473684210526317 1.5789473684210527
204 4.002651515151515 1.6 1.6631578947368422 1.768421052631579 2.0 1.831578947368421 1.0526315789473684
205 11.950080837324712 2.4 2.4947368421052634 2.6526315789473682 3.0 2.7473684210526317 1.5789473684210527
206 2.867576770407529 2.4 2.4947368421052634 2.6526315789473682 3.0 2.7473684210526317 1.5789473684210527
207 2.276618065433855 1.6 1.6631578947368422 1.768421052631579 2.0 1.831578947368421 1.0526315789473684
208 38.0 1.6 1.6631578947368422 1.768421052631579 2.0 1.831578947368421 1.0526315789473684
209 12.850071967281016 2.4 2.4947368421052634 2.6526315789473682 3.0 2.7473684210526317 1.5789473684210527
210 87.0 2.4 2.4947368421052634 2.6526315789473682 3.0 2.7473684210526317 1.5789473684210527
211 22.84096492936921 1.6 1.6631578947368422 1.768421052631579 2.0 1.831578947368421 1.0526315789473684
212 7.243282937917681 2.4 2.4947368421052634 2.6526315789473682 3.0 2.7473684210526317 1.5789473684210527
213 16.148218621411633 1.6 1.6631578947368422 1.768421052631579 2.0 1.831578947368421 1.0526315789473684
214 13.35289953948491 2.4 2.4947368421052634 2.6526315789473682 3.0 2.7473684210526317 1.5789473684210527
215 4.208123075283517 2.4 2.4947368421052634 2.6526315789473682 3.0 2.7473684210526317 1.5789473684210527
216 21.18605198241703 2.4 2.4947368421052634 2.6526315789473682 3.0 2.7473684210526317 1.5789473684210527
217 20.966781104959068 2.4 2.4947368421052634 2.6526315789473682 3.0 2.7473684210526317 1.5789473684210527
218 95.0 1.6 1.6631578947368422 1.768421052631579 2.0 1.831578947368421 1.0526315789473684
219 1.088033332761686 2.4 2.4947368421052634 2.6526315789473682 3.0 2.7473684210526317 1.5789473684210527
220 13.545584047054259 1.6 1.6631578947368422 1.768421052631579 2.0 1.831578947368421 1.0526315789473684
221 24.49341597596741 1.6 1.6631578947368422 1.768421052631579 2.0 1.831578947368421 1.0526315789473684
222 3.75814579928081 1.6 1.6631578947368422 1.768421052631579 2.0 1.831578947368421 1.0526315789473684
223 2.126779448621554 1.6 1.6631578947368422 1.768421052631579 2.0 1.831578947368421 1.0526315789473684
224 5.123209763539281 2.4 2.4947368421052634 2.6526315789473682 3.0 2.7473684210526317 1.5789473684210527
225 21.873242307542696 1.6 1.6631578947368422 1.768421052631579 2.0 1.831578947368421 1.0526315789473684
226 3.310427631578948 1.6 1.6631578947368422 1.768421052631579 2.0 1.831578947368421 1.0526315789473684
227 5.753863451787529 1.6 1.6631578947368422 1.768421052631579 2.0 1.831578947368421 1.0526315789473684
228 0.5724783293932229 2.4 2.4947368421052634 2.6526315789473682 3.0 2.7473684210526317 1.5789473684210527
229 9.372664093308414 2.4 2.4947368421052634 2.6526315789473682 3.0 2.7473684210526317 1.5789473684210527
230 17.237324041328616 1.6 1.6631578947368422 1.768421052631579 2.0 1.831578947368421 1.0526315789473684
231 29.000909555345878 1.6 1.6631578947368422 1.768421052631579 2.0 1.831578947368421 1.0526315789473684
232 7.094425003110615 2.4 2.4947368421052634 2.6526315789473682 3.0 2.7473684210526317 1.5789473684210527
233 0.7092149494749665 2.4 2.4947368421052634 2.6526315789473682 3.0 2.7473684210526317 1.5789473684210527
234 3.476494006635213 2.4 2.4947368421052634 2.6526315789473682 3.0 2.7473684210526317 1.5789473684210527
235 0.7704320670650269 2.4 2.4947368421052634 2.6526315789473682 3.0 2.7473684210526317 1.5789473684210527
236 0.8876518218623481 1.6 1.6631578947368422 1.768421052631579 2.0 1.831578947368421 1.0526315789473684
237 4.049788431434884 2.4 2.4947368421052634 2.6526315789473682 3.0 2.7473684210526317 1.5789473684210527
238 5.13967151856548 1.6 1.6631578947368422 1.768421052631579 2.0 1.831578947368421 1.0526315789473684
239 5.802631578947369 1.6 1.6631578947368422 1.768421052631579 2.0 1.831578947368421 1.0526315789473684
240 45.1929560128456 1.6 1.6631578947368422 1.768421052631579 2.0 1.831578947368421 1.0526315789473684
241 24.19292982525527 1.6 1.6631578947368422 1.768421052631579 2.0 1.831578947368421 1.0526315789473684
242 2.242471884840306 1.6 1.6631578947368422 1.768421052631579 2.0 1.831578947368421 1.0526315789473684
243 30.5868692190592 1.6 1.6631578947368422 1.768421052631579 2.0 1.831578947368421 1.0526315789473684
244 15.152507317244158 2.4 2.4947368421052634 2.6526315789473682 3.0 2.7473684210526317 1.5789473684210527
245 26.573292604959338 1.6 1.6631578947368422 1.768421052631579 2.0 1.831578947368421 1.0526315789473684
246 21.020322897043055 1.6 1.6631578947368422 1.768421052631579 2.0 1.831578947368421 1.0526315789473684
247 1.8927999177184045 1.6 1.6631578947368422 1.768421052631579 2.0 1.831578947368421 1.0526315789473684
248 11.474842228081213 2.4 2.4947368421052634 2.6526315789473682 3.0 2.7473684210526317 1.5789473684210527
249 6.42306813388971 1.6 1.6631578947368422 1.768421052631579 2.0 1.831578947368421 1.0526315789473684
250 74.0 2.4 2.4947368421052634 2.6526315789473682 3.0 2.7473684210526317 1.5789473684210527
251 69.0 2.4 2.4947368421052634 2.6526315789473682 3.0 2.7473684210526317 1.5789473684210527
252 8.256256467110122 2.4 2.4947368421052634 2.6526315789473682 3.0 2.7473684210526317 1.5789473684210527
253 10.539275195244882 1.6 1.6631578947368422 1.768421052631579 2.0 1.831578947368421 1.0526315789473684
254 5.02375939849624 1.6 1.6631578947368422 1.768421052631579 2.0 1.831578947368421 1.0526315789473684
255 9.318186090225563 2.4 2.4947368421052634 2.6526315789473682 3.0 2.7473684210526317 1.5789473684210527
256 5.323903897771037 2.4 2.4947368421052634 2.6526315789473682 3.0 2.7473684210526317 1.5789473684210527
257 4.238936997666579 2.4 2.4947368421052634 2.6526315789473682 3.0 2.7473684210526317 1.5789473684210527
258 30.349765182316617 1.6 1.6631578947368422 1.768421052631579 2.0 1.831578947368421 1.0526315789473684
259 1.6365505511508223 1.6 1.6631578947368422 1.768421052631579 2.0 1.831578947368421 1.0526315789473684
260 7.1392074523286055 2.4 2.4947368421052634 2.6526315789473682 3.0 2.7473684210526317 1.5789473684210527
261 78.0 2.4 2.4947368421052634 2.6526315789473682 3.0 2.7473684210526317 1.5789473684210527
262 27.690729939695352 2.4 2.4947368421052634 2.6526315789473682 3.0 2.7473684210526317 1.5789473684210527
263 5.0092371725267775 1.6 1.6631578947368422 1.768421052631579 2.0 1.831578947368421 1.0526315789473684
264 7.393751775556211 2.4 2.4947368421052634 2.6526315789473682 3.0 2.7473684210526317 1.5789473684210527
265 27.049972165327237 1.6 1.6631578947368422 1.768421052631579 2.0 1.831578947368421 1.0526315789473684
266 5.2139276934565 2.4 2.4947368421052634 2.6526315789473682 3.0 2.7473684210526317 1.5789473684210527
267 15.920124761856282 1.6 1.6631578947368422 1.768421052631579 2.0 1.831578947368421 1.0526315789473684
268 31.755916392390237 1.6 1.6631578947368422 1.768421052631579 2.0 1.831578947368421 1.0526315789473684
269 15.832383807007865 1.6 1.6631578947368422 1.768421052631579 2.0 1.831578947368421 1.0526315789473684
270 28.55144955709993 1.6 1.6631578947368422 1.768421052631579 2.0 1.831578947368421 1.0526315789473684
271 9.839888017917135 1.6 1.6631578947368422 1.768421052631579 2.0 1.831578947368421 1.0526315789473684
272 11.505508731506184 2.4 2.4947368421052634 2.6526315789473682 3.0 2.7473684210526317 1.5789473684210527
273 8.514441591784337 1.6 1.6631578947368422 1.768421052631579 2.0 1.831578947368421 1.0526315789473684
274 40.484505261922926 1.6 1.6631578947368422 1.768421052631579 2.0 1.831578947368421 1.0526315789473684
275 95.0 2.4 2.4947368421052634 2.6526315789473682 3.0 2.7473684210526317 1.5789473684210527
276 17.347906210126165 2.4 2.4947368421052634 2.6526315789473682 3.0 2.7473684210526317 1.5789473684210527
277 5.530130249867091 1.6 1.6631578947368422 1.768421052631579 2.0 1.831578947368421 1.0526315789473684
278 16.43986568230531 2.4 2.4947368421052634 2.6526315789473682 3.0 2.7473684210526317 1.5789473684210527
279 12.901571778670625 1.6 1.6631578947368422 1.768421052631579 2.0 1.831578947368421 1.0526315789473684
280 2.1440117776959875 2.4 2.4947368421052634 2.6526315789473682 3.0 2.7473684210526317 1.5789473684210527
281 0.809517595398602 2.4 2.4947368421052634 2.6526315789473682 3.0 2.7473684210526317 1.5789473684210527
282 3.18010752688172 1.6 1.6631578947368422 1.768421052631579 2.0 1.831578947368421 1.0526315789473684
283 14.0 2.4 2.4947368421052634 2.6526315789473682 3.0 2.7473684210526317 1.5789473684210527
284 26.416293673319533 2.4 2.4947368421052634 2.6526315789473682 3.0 2.7473684210526317 1.5789473684210527
285 5.690992324561405 1.6 1.6631578947368422 1.768421052631579 2.0 1.831578947368421 1.0526315789473684
286 3.4990172206593275 1.6 1.6631578947368422 1.768421052631579 2.0 1.831578947368421 1.0526315789473684
287 15.973151049406528 2.4 2.4947368421052634 2.6526315789473682 3.0 2.7473684210526317 1.5789473684210527
288 1.7254545454545458 1.6 1.6631578947368422 1.768421052631579 2.0 1.831578947368421 1.0526315789473684
289 4.514732343679712 1.6 1.6631578947368422 1.768421052631579 2.0 1.831578947368421 1.0526315789473684
290 5.003420191276416 1.6 1.6631578947368422 1.768421052631579 2.0 1.831578947368421 1.0526315789473684
291 9.542671568342792 1.6 1.6631578947368422 1.768421052631579 2.0 1.831578947368421 1.0526315789473684
292 0.23585121979598958 2.4 2.4947368421052634 2.6526315789473682 3.0 2.7473684210526317 1.5789473684210527
293 7.562532271048228 2.4 2.4947368421052634 2.6526315789473682 3.0 2.7473684210526317 1.5789473684210527
294 64.16417833447872 1.6 1.6631578947368422 1.768421052631579 2.0 1.831578947368421 1.0526315789473684
295 14.860958927413805 1.6 1.6631578947368422 1.768421052631579 2.0 1.831578947368421 1.0526315789473684
296 11.735797418073481 1.6 1.6631578947368422 1.768421052631579 2.0 1.831578947368421 1.0526315789473684
297 24.224523792771688 2.4 2.4947368421052634 2.6526315789473682 3.0 2.7473684210526317 1.5789473684210527
298 9.159312649969976 2.4 2.4947368421052634 2.6526315789473682 3.0 2.7473684210526317 1.5789473684210527
299 3.6934702379510678 2.4 2.4947368421052634 2.6526315789473682 3.0 2.7473684210526317 1.5789473684210527
