100 50
TREE NETWORK (nID nID Weight):
29 0 44
13 29 38
15 29 32
70 0 44
67 70 36
7 0 58
9 67 44
54 7 55
68 67 43
87 15 43
36 15 41
89 68 51
45 67 35
33 7 54
37 36 48
56 37 44
38 13 36
88 67 42
81 9 48
1 67 59
25 15 59
8 7 38
65 15 52
17 89 46
6 15 47
5 8 46
86 89 43
76 13 56
71 0 57
58 54 55
21 87 52
28 6 31
66 88 50
51 88 46
53 36 33
84 28 42
12 87 57
98 65 42
16 54 54
24 7 39
99 25 57
55 15 34
72 38 43
41 55 42
64 25 46
19 16 54
83 67 52
62 16 41
26 25 38
10 89 56
47 51 39
77 47 45
78 58 36
31 37 45
27 0 41
18 17 36
40 54 55
90 70 52
73 0 50
75 76 49
96 81 30
80 54 32
94 71 46
14 7 48
50 9 55
95 18 42
4 10 54
79 24 34
22 5 48
20 76 47
91 55 37
42 40 50
35 18 43
63 55 44
3 56 32
48 3 32
60 25 42
44 65 41
82 22 58
97 87 45
57 48 56
39 79 45
92 99 54
46 70 34
93 96 49
32 71 51
52 46 53
49 60 52
34 19 55
11 31 49
23 10 43
43 16 49
2 32 58
85 37 43
74 86 43
30 24 36
61 39 37
59 43 30
69 85 38
PROGRAMS ASSIGNED TO NODES (nID pID1 pID2 ...):
0 1 2 3 4 5 6 7 8 9 10 11 12 13 14 15 16 17 18 19 20 21 22 23 24 25 26 27 28 29 30 31 32 33 34 35 36 37 38 39 40 41 42 43 44 45 46 47 48 49 50
1 1 3 4 5 6 9 18 20 23 25 26 27 29 30 32 33 34 35 36 37 38 44 46 47 49
2 1 2 3 4 5 6 7 8 10 15 16 18 22 23 24 25 27 28 29 34 35 37 39 40 41 42 43 44 47 49 50
3 19
4 1 2 3 5 6 7 11 13 14 15 16 17 18 19 20 21 22 23 24 25 26 27 28 29 31 32 33 34 35 37 38 39 40 41 42 44 45 46 47 49 50
5 1 5 6 8 10 11 12 13 14 15 24 25 26 31 34 35 36 37 38 40 42 43 45 46 49 50
6 1 2 3 6 9 10 11 12 13 14 15 19 22 23 24 26 28 29 30 31 34 36 37 38 39 40 44 45 47 49 50
7 1 2 4 5 8 9 10 12 13 14 15 17 18 19 21 24 25 26 27 28 31 33 35 36 38 39 40 41 43 44 45 47 49
8 2 3 4 5 6 9 11 13 14 15 21 23 25 26 27 28 29 30 34 35 36 38 39 42 44 47 48 49
9 1 2 4 5 7 8 9 10 12 13 14 15 16 17 18 20 21 22 23 24 25 28 29 30 33 34 35 37 38 42 43 44 45 46 47 48 49 50
10 1 2 3 4 5 6 7 8 9 10 11 12 13 14 17 18 19 20 22 23 24 25 26 27 29 31 32 34 35 36 37 39 40 41 42 43 45 46 47 48 49 50
11 32 34 2 36 5 37 6 8 43 12 13 15 47 50 20 22 24 25 28 30
12 1 2 3 4 5 6 8 10 11 12 13 15 17 21 22 24 26 27 28 30 31 32 36 38 39 40 42 47 50
13 1 2 4 5 9 10 12 13 14 15 16 17 18 19 20 24 25 26 29 30 31 32 33 35 37 38 39 40 42 43 44 45 49 50
14 37
15 33 18 36 38 8 40 24 43 44 29 31
16 3 5 6 7 8 9 10 11 12 13 15 17 19 21 23 26 28 30 31 32 33 34 35 36 37 38 39 40 41 44 45 46 47 48 49
17 48 49 40 9 27
18 16 49 33 50 38 24 10 11 12 13 30 46
19 1 2 5 6 8 9 10 11 12 13 14 15 17 18 19 22 23 26 27 29 30 31 33 35 39 40 43 45 46 48 49
20 2 3 5 6 7 8 9 10 12 14 16 18 19 20 21 22 23 25 26 27 28 29 30 31 32 33 34 40 41 43 44 45 47 48 49 50
21 1 49 2 8 26 43 12
22 2 3 6 7 8 9 10 11 12 15 16 17 19 21 22 23 25 26 27 30 32 34 35 36 39 40 41 42 44 45 46 47 50
23 1 2 3 4 6 7 11 12 15 16 17 18 22 23 24 25 26 28 29 30 35 36 37 39 40 41 42 44 45 49 50
24 7 10 11 13 14 15 16 17 18 19 21 24 26 27 32 34 35 36 38 40 41 43 45 46 47 49 50
25 33 34 35 3 4 5 6 8 42 10 45 47 48 19 20 27 30 31
26 2 3 4 6 7 9 10 11 14 15 16 17 18 19 20 21 22 23 24 25 26 27 28 30 31 33 34 35 36 37 39 40 41 42 43 44 46 47 49 50
27 1 3 4 5 6 7 8 10 11 12 13 14 15 17 18 20 21 22 23 24 25 26 27 28 29 30 31 32 33 34 35 36 37 38 39 40 41 42 43 44 45 46 47 48 49 50
28 2 3 5 6 8 9 10 11 12 13 14 17 19 20 21 22 23 24 26 27 28 30 31 34 35 36 37 38 39 40 41 42 43 44 45 46 47 48 49
29 1 3 4 5 6 7 8 9 10 11 12 13 14 15 16 17 18 19 20 21 22 23 24 25 26 27 28 29 30 31 32 34 36 37 40 41 42 43 44 45 46 47 48 49 50
30 16
31 1 2 3 4 5 6 7 8 9 10 11 12 14 15 16 17 18 20 21 23 24 25 26 28 29 30 31 32 33 34 35 36 37 41 42 43 44 45 46 48 49 50
32 1 2 3 4 6 7 8 10 13 14 15 16 17 18 19 22 24 27 28 34 35 37 38 39 40 42 43 44 45 46 47 48 49 50
33 1 2 3 4 5 6 7 8 9 10 11 13 14 15 16 17 18 21 22 24 25 27 28 29 30 31 32 33 34 35 36 37 38 39 40 41 42 43 44 46 47 48 49 50
34 32 18 35 37 38 7 9 10 13 30
35 32 1 3 38 9 43 12 15
36 48 17 50 21 22 38 23 7 26 28 13
37 1 3 5 7 8 9 10 11 13 14 17 20 21 22 23 24 25 28 29 30 32 33 34 35 36 39 41 42 43 45 46 47 48 49 50
38 1 3 6 7 11 13 15 17 18 19 20 21 22 23 24 27 29 31 32 33 34 35 36 38 41 43 44 45 47 48 50
39 1 2 4 5 6 7 8 9 10 11 12 13 14 15 16 17 18 19 21 22 23 25 26 27 28 29 30 31 32 33 34 35 36 37 38 39 40 41 42 45 46 47 49 50
40 1 2 3 4 6 8 9 11 12 13 14 17 18 19 21 22 23 26 27 28 30 31 32 34 35 37 38 39 40 41 42 43 44 45 46 47 48 49 50
41 1 6 7 10 11 12 13 14 15 16 18 19 22 23 24 25 29 30 31 34 35 37 38 39 40 41 44 45 46 47 48
42 1 3 4 5 6 7 8 9 10 11 12 13 14 15 16 17 18 19 20 21 22 23 24 25 26 28 30 31 33 34 35 36 37 38 39 40 41 42 43 44 45 46 47 48 49 50
43 22 12 14
44 33 2 4 9 43 44 45 17 50 21 25 29 31
45 1 2 3 4 5 6 7 8 9 10 11 12 13 14 15 16 17 18 19 20 21 22 23 24 25 26 27 28 29 30 31 32 33 34 35 36 37 38 39 40 41 43 44 45 46 47 48 49 50
46 1 2 3 5 6 7 8 9 10 11 12 13 14 15 16 17 19 20 22 23 24 25 26 27 28 29 31 32 33 34 35 36 37 38 39 40 41 42 43 44 45 46 47 49
47 3 4 5 6 7 8 9 10 11 12 13 14 15 16 17 18 19 22 25 26 28 29 30 32 34 35 36 37 38 39 40 41 44 45 46 47 49 50
48 1 3 4 5 6 7 8 9 10 11 12 13 14 15 16 17 18 19 20 21 22 23 24 25 26 27 28 29 30 31 32 33 34 35 36 37 38 39 40 41 43 44 45 46 47 48 49 50
49 1 2 3 4 5 6 8 9 10 11 12 13 14 15 16 17 18 19 20 21 23 24 25 26 27 28 29 30 31 32 33 34 35 36 37 38 39 40 41 42 43 44 45 46 47 48 49 50
50 32 33 1 37 5 38 7 42 44 45 13 47 48 19 26 30
51 2 50 35 20 8 27 28 30 47
52 1 2 3 4 6 7 9 10 15 18 23 24 26 28 29 30 31 32 34 35 37 38 39 41 42 43 44 45 46 49 50
53 1 2 3 4 5 6 7 8 9 10 12 13 14 15 16 17 19 20 21 22 23 24 25 26 27 28 29 30 32 33 35 36 37 38 39 40 42 43 44 46 47 48 49
54 2 3 35 5 7 8 10 11 44 13 46 47 21 26 29
55 32 33 18 41 47
56 2 3 4 6 7 8 10 13 14 15 16 17 18 19 20 21 22 23 24 25 26 27 28 30 31 32 33 34 36 37 38 39 41 42 43 44 45 46 47 49
57 3 4 7 10 11 12 14 15 16 17 18 20 22 23 24 29 31 34 35 37 40 42 44 45 46 47 50
58 3 4 5 6 8 10 13 15 16 17 19 25 26 28 30 31 32 33 39 40 41 44 46 47 48 49
59 32 1 34 3 7 9 41 10 43 11 45 46 47 16 49 50 19 20 24 31
60 1 2 4 7 10 11 12 15 16 18 21 25 26 32 34 35 36 37 39 40 41 42 43 44 46 49 50
61 1 2 3 6 7 8 9 10 12 15 18 19 22 23 26 30 31 32 34 35 38 43 44 46 48 50
63 36 42 10 27 43 11 29 14 30
64 1 9 10 13 15 16 19 22 23 24 26 27 29 31 34 36 37 38 40 41 42 44 45 47 48 50
65 1 2 3 4 5 6 7 8 9 10 11 13 14 15 16 18 19 20 21 22 23 26 28 29 32 34 35 37 38 39 40 41 43 44 45 47 48 49
66 2 3 4 5 7 8 9 11 12 13 15 16 17 18 19 20 22 24 25 26 27 28 29 31 33 34 35 36 37 38 39 41 42 43 46 47 48 49
67 33 34 2 35 4 39 40 8 9 11 43 12 14 47 48 49 17 18 22 29 30 31
68 17 3 35 24 25 42 11 43 12 45
69 1 2 3 4 6 7 8 10 11 12 13 14 15 16 17 18 19 20 21 22 23 24 25 26 27 28 29 30 31 32 33 34 35 36 38 39 41 42 43 44 45 46 47 48 49 50
70 1 34 35 4 5 38 6 8 41 42 43 47 48 18 19 21 26 28 29 30 31
71 18 35 5 40
72 48 19 5
73 1 2 3 5 6 7 8 9 10 11 12 13 14 15 16 17 18 19 21 22 24 25 26 27 28 29 30 31 32 33 34 35 36 37 38 39 40 41 42 43 44 46 47 48 49 50
74 33 17 50 35 20 39 40
75 9 13 47
76 17 1 20 21 37 43 45 46
77 48 1 50 19 36 5 39 23 12 45 13
78 32 1 17 50 4 5 38 9 31
79 2 3 4 5 6 7 8 9 10 11 13 14 16 17 18 19 21 23 24 28 32 33 35 39 41 42 44 46 47 48 49
80 1 2 3 4 5 6 7 8 9 10 11 12 14 15 16 17 19 20 22 23 24 26 28 29 31 32 33 34 35 36 38 42 45 46 47 48 49 50
81 48 49 33 35 36 5 23 24 27 13 14
82 1 7 8 9 10 11 13 17 18 20 21 22 24 25 26 29 33 34 35 36 38 39 40 43 45 47 50
83 33 50 19 21 40 8 9 42 43 28 29 15
84 2 7 41 42 43 45 13 47 48 16 49 18 19 22 28 31
85 26 46 14
86 2 6 7 8 10 11 13 14 15 16 17 18 19 20 21 24 27 28 29 30 32 33 34 35 38 40 43 44 45 47 49 50
87 17 20 22 25 42
88 33 1 2 3 36 5 37 43 13 46 48 23 26
89 1 2 3 4 5 6 7 8 9 10 11 12 13 14 15 16 17 18 19 20 21 22 23 24 25 26 28 29 30 31 32 33 34 35 36 38 39 40 41 42 43 44 45 46 47 48 49 50
90 1 2 4 6 8 9 13 17 19 20 21 23 24 25 26 27 31 34 38 39 43 45 46 47 48 49
91 1 2 3 6 7 8 10 11 12 13 14 15 16 17 19 20 25 26 27 28 29 30 31 32 33 34 35 38 41 43 45 46 47 50
92 3 4 5 7 9 18 19 22 23 24 27 28 29 30 32 33 34 37 39 40 41 43 44 45 46 47 48 49
93 1 2 3 4 5 7 8 9 10 12 13 14 15 16 17 19 20 21 22 25 26 27 28 30 34 35 36 37 38 39 40 41 42 43 44 45 46 47 49 50
94 2 50 4 41 11 30
95 36 38 41 43 12 46 15 49 18 19 22 26 29
96 1 2 3 4 6 7 8 9 10 11 12 13 14 15 16 17 19 20 22 23 24 25 26 28 29 30 32 33 34 35 36 37 38 39 40 41 42 47 49 50
97 1 2 3 4 5 6 9 12 13 14 15 16 17 19 20 21 22 23 26 27 28 32 33 34 35 36 37 40 41 42 43 45 46 47 48 49
98 6 13 45 46 30 31
SIZE OF PROGRAMS (pID SIZE):
1 89.0
2 45.0
3 49.0
4 99.0
5 66.0
6 91.0
7 49.0
8 75.0
9 85.0
10 64.0
11 43.0
12 99.0
13 54.0
14 49.0
15 73.0
16 83.0
17 78.0
18 71.0
19 87.0
20 48.0
21 99.0
22 65.0
23 57.0
24 77.0
25 83.0
26 51.0
27 57.0
28 42.0
29 52.0
30 60.0
31 94.0
32 78.0
33 82.0
34 58.0
35 91.0
36 70.0
37 72.0
38 98.0
39 77.0
40 91.0
41 80.0
42 67.0
43 61.0
44 53.0
45 87.0
46 81.0
47 74.0
48 50.0
49 86.0
50 91.0
COST TO INSTALL SERVERS AND PROGRAMS ON NODES (COST_TO_INSTALL_SERVER COST_TO_INSTALL_pID1 ...):
0 8234.343434343435 1.797979797979798 0.9090909090909091 0.98989898989899 2.0 1.3333333333333333 1.8383838383838385 0.98989898989899 1.5151515151515151 1.7171717171717171 1.292929292929293 0.8686868686868687 2.0 1.0909090909090908 0.98989898989899 1.4747474747474747 1.6767676767676767 1.5757575757575757 1.4343434343434343 1.7575757575757576 0.9696969696969697 2.0 1.3131313131313131 1.1515151515151516 1.5555555555555556 1.6767676767676767 1.0303030303030303 1.1515151515151516 0.8484848484848485 1.0505050505050506 1.2121212121212122 1.898989898989899 1.5757575757575757 1.6565656565656566 1.1717171717171717 1.8383838383838385 1.4141414141414141 1.4545454545454546 1.97979797979798 1.5555555555555556 1.8383838383838385 1.6161616161616161 1.3535353535353536 1.2323232323232323 1.0707070707070707 1.7575757575757576 1.6363636363636365 1.494949494949495 1.0101010101010102 1.7373737373737375 1.8383838383838385
1 23.675585055246074 2.696969696969697 1.3636363636363635 1.4848484848484849 3.0 2.0 2.757575757575758 1.4848484848484849 2.272727272727273 2.5757575757575757 1.9393939393939394 1.303030303030303 3.0 1.6363636363636365 1.4848484848484849 2.212121212121212 2.515151515151515 2.3636363636363638 2.1515151515151514 2.6363636363636362 1.4545454545454546 3.0 1.9696969696969697 1.7272727272727273 2.3333333333333335 2.515151515151515 1.5454545454545454 1.7272727272727273 1.2727272727272727 1.5757575757575757 1.8181818181818181 2.8484848484848486 2.3636363636363638 2.484848484848485 1.7575757575757576 2.757575757575758 2.121212121212121 2.1818181818181817 2.9696969696969697 2.3333333333333335 2.757575757575758 2.4242424242424243 2.0303030303030303 1.8484848484848484 1.606060606060606 2.6363636363636362 2.4545454545454546 2.242424242424242 1.5151515151515151 2.606060606060606 2.757575757575758
2 61.6036826981246 2.696969696969697 1.3636363636363635 1.4848484848484849 3.0 2.0 2.757575757575758 1.4848484848484849 2.272727272727273 2.5757575757575757 1.9393939393939394 1.303030303030303 3.0 1.6363636363636365 1.4848484848484849 2.212121212121212 2.515151515151515 2.3636363636363638 2.1515151515151514 2.6363636363636362 1.4545454545454546 3.0 1.9696969696969697 1.7272727272727273 2.3333333333333335 2.515151515151515 1.5454545454545454 1.7272727272727273 1.2727272727272727 1.5757575757575757 1.8181818181818181 2.8484848484848486 2.3636363636363638 2.484848484848485 1.7575757575757576 2.757575757575758 2.121212121212121 2.1818181818181817 2.9696969696969697 2.3333333333333335 2.757575757575758 2.4242424242424243 2.0303030303030303 1.8484848484848484 1.606060606060606 2.6363636363636362 2.4545454545454546 2.242424242424242 1.5151515151515151 2.606060606060606 2.757575757575758
3 217.2431633407246 2.696969696969697 1.3636363636363635 1.4848484848484849 3.0 2.0 2.757575757575758 1.4848484848484849 2.272727272727273 2.5757575757575757 1.9393939393939394 1.303030303030303 3.0 1.6363636363636365 1.4848484848484849 2.212121212121212 2.515151515151515 2.3636363636363638 2.1515151515151514 2.6363636363636362 1.4545454545454546 3.0 1.9696969696969697 1.7272727272727273 2.3333333333333335 2.515151515151515 1.5454545454545454 1.7272727272727273 1.2727272727272727 1.5757575757575757 1.8181818181818181 2.8484848484848486 2.3636363636363638 2.484848484848485 1.7575757575757576 2.757575757575758 2.121212121212121 2.1818181818181817 2.9696969696969697 2.3333333333333335 2.757575757575758 2.4242424242424243 2.0303030303030303 1.8484848484848484 1.606060606060606 2.6363636363636362 2.4545454545454546 2.242424242424242 1.5151515151515151 2.606060606060606 2.757575757575758
4 64.94277063342757 2.696969696969697 1.3636363636363635 1.4848484848484849 3.0 2.0 2.757575757575758 1.4848484848484849 2.272727272727273 2.5757575757575757 1.9393939393939394 1.303030303030303 3.0 1.6363636363636365 1.4848484848484849 2.212121212121212 2.515151515151515 2.3636363636363638 2.1515151515151514 2.6363636363636362 1.4545454545454546 3.0 1.9696969696969697 1.7272727272727273 2.3333333333333335 2.515151515151515 1.5454545454545454 1.7272727272727273 1.2727272727272727 1.5757575757575757 1.8181818181818181 2.8484848484848486 2.3636363636363638 2.484848484848485 1.7575757575757576 2.757575757575758 2.121212121212121 2.1818181818181817 2.9696969696969697 2.3333333333333335 2.757575757575758 2.4242424242424243 2.0303030303030303 1.8484848484848484 1.606060606060606 2.6363636363636362 2.4545454545454546 2.242424242424242 1.5151515151515151 2.606060606060606 2.757575757575758
5 164.3348263069421 1.797979797979798 0.9090909090909091 0.98989898989899 2.0 1.3333333333333333 1.8383838383838385 0.98989898989899 1.5151515151515151 1.7171717171717171 1.292929292929293 0.8686868686868687 2.0 1.0909090909090908 0.98989898989899 1.4747474747474747 1.6767676767676767 1.5757575757575757 1.4343434343434343 1.7575757575757576 0.9696969696969697 2.0 1.3131313131313131 1.1515151515151516 1.5555555555555556 1.6767676767676767 1.0303030303030303 1.1515151515151516 0.8484848484848485 1.0505050505050506 1.2121212121212122 1.898989898989899 1.5757575757575757 1.6565656565656566 1.1717171717171717 1.8383838383838385 1.4141414141414141 1.4545454545454546 1.97979797979798 1.5555555555555556 1.8383838383838385 1.6161616161616161 1.3535353535353536 1.2323232323232323 1.0707070707070707 1.7575757575757576 1.6363636363636365 1.494949494949495 1.0101010101010102 1.7373737373737375 1.8383838383838385
6 122.92210944894853 1.797979797979798 0.9090909090909091 0.98989898989899 2.0 1.3333333333333333 1.8383838383838385 0.98989898989899 1.5151515151515151 1.7171717171717171 1.292929292929293 0.8686868686868687 2.0 1.0909090909090908 0.98989898989899 1.4747474747474747 1.6767676767676767 1.5757575757575757 1.4343434343434343 1.7575757575757576 0.9696969696969697 2.0 1.3131313131313131 1.1515151515151516 1.5555555555555556 1.6767676767676767 1.0303030303030303 1.1515151515151516 0.8484848484848485 1.0505050505050506 1.2121212121212122 1.898989898989899 1.5757575757575757 1.6565656565656566 1.1717171717171717 1.8383838383838385 1.4141414141414141 1.4545454545454546 1.97979797979798 1.5555555555555556 1.8383838383838385 1.6161616161616161 1.3535353535353536 1.2323232323232323 1.0707070707070707 1.7575757575757576 1.6363636363636365 1.494949494949495 1.0101010101010102 1.7373737373737375 1.8383838383838385
7 100.0 2.696969696969697 1.3636363636363635 1.4848484848484849 3.0 2.0 2.757575757575758 1.4848484848484849 2.272727272727273 2.5757575757575757 1.9393939393939394 1.303030303030303 3.0 1.6363636363636365 1.4848484848484849 2.212121212121212 2.515151515151515 2.3636363636363638 2.1515151515151514 2.6363636363636362 1.4545454545454546 3.0 1.9696969696969697 1.7272727272727273 2.3333333333333335 2.515151515151515 1.5454545454545454 1.7272727272727273 1.2727272727272727 1.5757575757575757 1.8181818181818181 2.8484848484848486 2.3636363636363638 2.484848484848485 1.7575757575757576 2.757575757575758 2.121212121212121 2.1818181818181817 2.9696969696969697 2.3333333333333335 2.757575757575758 2.4242424242424243 2.0303030303030303 1.8484848484848484 1.606060606060606 2.6363636363636362 2.4545454545454546 2.242424242424242 1.5151515151515151 2.606060606060606 2.757575757575758
8 20.660395133139854 2.696969696969697 1.3636363636363635 1.4848484848484849 3.0 2.0 2.757575757575758 1.4848484848484849 2.272727272727273 2.5757575757575757 1.9393939393939394 1.303030303030303 3.0 1.6363636363636365 1.4848484848484849 2.212121212121212 2.515151515151515 2.3636363636363638 2.1515151515151514 2.6363636363636362 1.4545454545454546 3.0 1.9696969696969697 1.7272727272727273 2.3333333333333335 2.515151515151515 1.5454545454545454 1.7272727272727273 1.2727272727272727 1.5757575757575757 1.8181818181818181 2.8484848484848486 2.3636363636363638 2.484848484848485 1.7575757575757576 2.757575757575758 2.121212121212121 2.1818181818181817 2.9696969696969697 2.3333333333333335 2.757575757575758 2.4242424242424243 2.0303030303030303 1.8484848484848484 1.606060606060606 2.6363636363636362 2.4545454545454546 2.242424242424242 1.5151515151515151 2.606060606060606 2.757575757575758
9 36.983333333333334 1.797979797979798 0.9090909090909091 0.98989898989899 2.0 1.3333333333333333 1.8383838383838385 0.98989898989899 1.5151515151515151 1.7171717171717171 1.292929292929293 0.8686868686868687 2.0 1.0909090909090908 0.98989898989899 1.4747474747474747 1.6767676767676767 1.5757575757575757 1.4343434343434343 1.7575757575757576 0.9696969696969697 2.0 1.3131313131313131 1.1515151515151516 1.5555555555555556 1.6767676767676767 1.0303030303030303 1.1515151515151516 0.8484848484848485 1.0505050505050506 1.2121212121212122 1.898989898989899 1.5757575757575757 1.6565656565656566 1.1717171717171717 1.8383838383838385 1.4141414141414141 1.4545454545454546 1.97979797979798 1.5555555555555556 1.8383838383838385 1.6161616161616161 1.3535353535353536 1.2323232323232323 1.0707070707070707 1.7575757575757576 1.6363636363636365 1.494949494949495 1.0101010101010102 1.7373737373737375 1.8383838383838385
10 131.82359136859012 2.696969696969697 1.3636363636363635 1.4848484848484849 3.0 2.0 2.757575757575758 1.4848484848484849 2.272727272727273 2.5757575757575757 1.9393939393939394 1.303030303030303 3.0 1.6363636363636365 1.4848484848484849 2.212121212121212 2.515151515151515 2.3636363636363638 2.1515151515151514 2.6363636363636362 1.4545454545454546 3.0 1.9696969696969697 1.7272727272727273 2.3333333333333335 2.515151515151515 1.5454545454545454 1.7272727272727273 1.2727272727272727 1.5757575757575757 1.8181818181818181 2.8484848484848486 2.3636363636363638 2.484848484848485 1.7575757575757576 2.757575757575758 2.121212121212121 2.1818181818181817 2.9696969696969697 2.3333333333333335 2.757575757575758 2.4242424242424243 2.0303030303030303 1.8484848484848484 1.606060606060606 2.6363636363636362 2.4545454545454546 2.242424242424242 1.5151515151515151 2.606060606060606 2.757575757575758
11 185.70116909453398 1.797979797979798 0.9090909090909091 0.98989898989899 2.0 1.3333333333333333 1.8383838383838385 0.98989898989899 1.5151515151515151 1.7171717171717171 1.292929292929293 0.8686868686868687 2.0 1.0909090909090908 0.98989898989899 1.4747474747474747 1.6767676767676767 1.5757575757575757 1.4343434343434343 1.7575757575757576 0.9696969696969697 2.0 1.3131313131313131 1.1515151515151516 1.5555555555555556 1.6767676767676767 1.0303030303030303 1.1515151515151516 0.8484848484848485 1.0505050505050506 1.2121212121212122 1.898989898989899 1.5757575757575757 1.6565656565656566 1.1717171717171717 1.8383838383838385 1.4141414141414141 1.4545454545454546 1.97979797979798 1.5555555555555556 1.8383838383838385 1.6161616161616161 1.3535353535353536 1.2323232323232323 1.0707070707070707 1.7575757575757576 1.6363636363636365 1.494949494949495 1.0101010101010102 1.7373737373737375 1.8383838383838385
12 100.04632462940299 2.696969696969697 1.3636363636363635 1.4848484848484849 3.0 2.0 2.757575757575758 1.4848484848484849 2.272727272727273 2.5757575757575757 1.9393939393939394 1.303030303030303 3.0 1.6363636363636365 1.4848484848484849 2.212121212121212 2.515151515151515 2.3636363636363638 2.1515151515151514 2.6363636363636362 1.4545454545454546 3.0 1.9696969696969697 1.7272727272727273 2.3333333333333335 2.515151515151515 1.5454545454545454 1.7272727272727273 1.2727272727272727 1.5757575757575757 1.8181818181818181 2.8484848484848486 2.3636363636363638 2.484848484848485 1.7575757575757576 2.757575757575758 2.121212121212121 2.1818181818181817 2.9696969696969697 2.3333333333333335 2.757575757575758 2.4242424242424243 2.0303030303030303 1.8484848484848484 1.606060606060606 2.6363636363636362 2.4545454545454546 2.242424242424242 1.5151515151515151 2.606060606060606 2.757575757575758
13 34.475118053600994 2.696969696969697 1.3636363636363635 1.4848484848484849 3.0 2.0 2.757575757575758 1.4848484848484849 2.272727272727273 2.5757575757575757 1.9393939393939394 1.303030303030303 3.0 1.6363636363636365 1.4848484848484849 2.212121212121212 2.515151515151515 2.3636363636363638 2.1515151515151514 2.6363636363636362 1.4545454545454546 3.0 1.9696969696969697 1.7272727272727273 2.3333333333333335 2.515151515151515 1.5454545454545454 1.7272727272727273 1.2727272727272727 1.5757575757575757 1.8181818181818181 2.8484848484848486 2.3636363636363638 2.484848484848485 1.7575757575757576 2.757575757575758 2.121212121212121 2.1818181818181817 2.9696969696969697 2.3333333333333335 2.757575757575758 2.4242424242424243 2.0303030303030303 1.8484848484848484 1.606060606060606 2.6363636363636362 2.4545454545454546 2.242424242424242 1.5151515151515151 2.606060606060606 2.757575757575758
14 0.11191222570532916 2.696969696969697 1.3636363636363635 1.4848484848484849 3.0 2.0 2.757575757575758 1.4848484848484849 2.272727272727273 2.5757575757575757 1.9393939393939394 1.303030303030303 3.0 1.6363636363636365 1.4848484848484849 2.212121212121212 2.515151515151515 2.3636363636363638 2.1515151515151514 2.6363636363636362 1.4545454545454546 3.0 1.9696969696969697 1.7272727272727273 2.3333333333333335 2.515151515151515 1.5454545454545454 1.7272727272727273 1.2727272727272727 1.5757575757575757 1.8181818181818181 2.8484848484848486 2.3636363636363638 2.484848484848485 1.7575757575757576 2.757575757575758 2.121212121212121 2.1818181818181817 2.9696969696969697 2.3333333333333335 2.757575757575758 2.4242424242424243 2.0303030303030303 1.8484848484848484 1.606060606060606 2.6363636363636362 2.4545454545454546 2.242424242424242 1.5151515151515151 2.606060606060606 2.757575757575758
15 138.02435754604863 1.797979797979798 0.9090909090909091 0.98989898989899 2.0 1.3333333333333333 1.8383838383838385 0.98989898989899 1.5151515151515151 1.7171717171717171 1.292929292929293 0.8686868686868687 2.0 1.0909090909090908 0.98989898989899 1.4747474747474747 1.6767676767676767 1.5757575757575757 1.4343434343434343 1.7575757575757576 0.9696969696969697 2.0 1.3131313131313131 1.1515151515151516 1.5555555555555556 1.6767676767676767 1.0303030303030303 1.1515151515151516 0.8484848484848485 1.0505050505050506 1.2121212121212122 1.898989898989899 1.5757575757575757 1.6565656565656566 1.1717171717171717 1.8383838383838385 1.4141414141414141 1.4545454545454546 1.97979797979798 1.5555555555555556 1.8383838383838385 1.6161616161616161 1.3535353535353536 1.2323232323232323 1.0707070707070707 1.7575757575757576 1.6363636363636365 1.494949494949495 1.0101010101010102 1.7373737373737375 1.8383838383838385
16 91.23508340106028 2.696969696969697 1.3636363636363635 1.4848484848484849 3.0 2.0 2.757575757575758 1.4848484848484849 2.272727272727273 2.5757575757575757 1.9393939393939394 1.303030303030303 3.0 1.6363636363636365 1.4848484848484849 2.212121212121212 2.515151515151515 2.3636363636363638 2.1515151515151514 2.6363636363636362 1.4545454545454546 3.0 1.9696969696969697 1.7272727272727273 2.3333333333333335 2.515151515151515 1.5454545454545454 1.7272727272727273 1.2727272727272727 1.5757575757575757 1.8181818181818181 2.8484848484848486 2.3636363636363638 2.484848484848485 1.7575757575757576 2.757575757575758 2.121212121212121 2.1818181818181817 2.9696969696969697 2.3333333333333335 2.757575757575758 2.4242424242424243 2.0303030303030303 1.8484848484848484 1.606060606060606 2.6363636363636362 2.4545454545454546 2.242424242424242 1.5151515151515151 2.606060606060606 2.757575757575758
17 144.6122490241013 1.797979797979798 0.9090909090909091 0.98989898989899 2.0 1.3333333333333333 1.8383838383838385 0.98989898989899 1.5151515151515151 1.7171717171717171 1.292929292929293 0.8686868686868687 2.0 1.0909090909090908 0.98989898989899 1.4747474747474747 1.6767676767676767 1.5757575757575757 1.4343434343434343 1.7575757575757576 0.9696969696969697 2.0 1.3131313131313131 1.1515151515151516 1.5555555555555556 1.6767676767676767 1.0303030303030303 1.1515151515151516 0.8484848484848485 1.0505050505050506 1.2121212121212122 1.898989898989899 1.5757575757575757 1.6565656565656566 1.1717171717171717 1.8383838383838385 1.4141414141414141 1.4545454545454546 1.97979797979798 1.5555555555555556 1.8383838383838385 1.6161616161616161 1.3535353535353536 1.2323232323232323 1.0707070707070707 1.7575757575757576 1.6363636363636365 1.494949494949495 1.0101010101010102 1.7373737373737375 1.8383838383838385
18 239.17650678672948 2.696969696969697 1.3636363636363635 1.4848484848484849 3.0 2.0 2.757575757575758 1.4848484848484849 2.272727272727273 2.5757575757575757 1.9393939393939394 1.303030303030303 3.0 1.6363636363636365 1.4848484848484849 2.212121212121212 2.515151515151515 2.3636363636363638 2.1515151515151514 2.6363636363636362 1.4545454545454546 3.0 1.9696969696969697 1.7272727272727273 2.3333333333333335 2.515151515151515 1.5454545454545454 1.7272727272727273 1.2727272727272727 1.5757575757575757 1.8181818181818181 2.8484848484848486 2.3636363636363638 2.484848484848485 1.7575757575757576 2.757575757575758 2.121212121212121 2.1818181818181817 2.9696969696969697 2.3333333333333335 2.757575757575758 2.4242424242424243 2.0303030303030303 1.8484848484848484 1.606060606060606 2.6363636363636362 2.4545454545454546 2.242424242424242 1.5151515151515151 2.606060606060606 2.757575757575758
19 44.415998297147716 1.797979797979798 0.9090909090909091 0.98989898989899 2.0 1.3333333333333333 1.8383838383838385 0.98989898989899 1.5151515151515151 1.7171717171717171 1.292929292929293 0.8686868686868687 2.0 1.0909090909090908 0.98989898989899 1.4747474747474747 1.6767676767676767 1.5757575757575757 1.4343434343434343 1.7575757575757576 0.9696969696969697 2.0 1.3131313131313131 1.1515151515151516 1.5555555555555556 1.6767676767676767 1.0303030303030303 1.1515151515151516 0.8484848484848485 1.0505050505050506 1.2121212121212122 1.898989898989899 1.5757575757575757 1.6565656565656566 1.1717171717171717 1.8383838383838385 1.4141414141414141 1.4545454545454546 1.97979797979798 1.5555555555555556 1.8383838383838385 1.6161616161616161 1.3535353535353536 1.2323232323232323 1.0707070707070707 1.7575757575757576 1.6363636363636365 1.494949494949495 1.0101010101010102 1.7373737373737375 1.8383838383838385
20 115.5172972422693 2.696969696969697 1.3636363636363635 1.4848484848484849 3.0 2.0 2.757575757575758 1.4848484848484849 2.272727272727273 2.5757575757575757 1.9393939393939394 1.303030303030303 3.0 1.6363636363636365 1.4848484848484849 2.212121212121212 2.515151515151515 2.3636363636363638 2.1515151515151514 2.6363636363636362 1.4545454545454546 3.0 1.9696969696969697 1.7272727272727273 2.3333333333333335 2.515151515151515 1.5454545454545454 1.7272727272727273 1.2727272727272727 1.5757575757575757 1.8181818181818181 2.8484848484848486 2.3636363636363638 2.484848484848485 1.7575757575757576 2.757575757575758 2.121212121212121 2.1818181818181817 2.9696969696969697 2.3333333333333335 2.757575757575758 2.4242424242424243 2.0303030303030303 1.8484848484848484 1.606060606060606 2.6363636363636362 2.4545454545454546 2.242424242424242 1.5151515151515151 2.606060606060606 2.757575757575758
21 6.695475551580202 2.696969696969697 1.3636363636363635 1.4848484848484849 3.0 2.0 2.757575757575758 1.4848484848484849 2.272727272727273 2.5757575757575757 1.9393939393939394 1.303030303030303 3.0 1.6363636363636365 1.4848484848484849 2.212121212121212 2.515151515151515 2.3636363636363638 2.1515151515151514 2.6363636363636362 1.4545454545454546 3.0 1.9696969696969697 1.7272727272727273 2.3333333333333335 2.515151515151515 1.5454545454545454 1.7272727272727273 1.2727272727272727 1.5757575757575757 1.8181818181818181 2.8484848484848486 2.3636363636363638 2.484848484848485 1.7575757575757576 2.757575757575758 2.121212121212121 2.1818181818181817 2.9696969696969697 2.3333333333333335 2.757575757575758 2.4242424242424243 2.0303030303030303 1.8484848484848484 1.606060606060606 2.6363636363636362 2.4545454545454546 2.242424242424242 1.5151515151515151 2.606060606060606 2.757575757575758
22 167.1939226121054 2.696969696969697 1.3636363636363635 1.4848484848484849 3.0 2.0 2.757575757575758 1.4848484848484849 2.272727272727273 2.5757575757575757 1.9393939393939394 1.303030303030303 3.0 1.6363636363636365 1.4848484848484849 2.212121212121212 2.515151515151515 2.3636363636363638 2.1515151515151514 2.6363636363636362 1.4545454545454546 3.0 1.9696969696969697 1.7272727272727273 2.3333333333333335 2.515151515151515 1.5454545454545454 1.7272727272727273 1.2727272727272727 1.5757575757575757 1.8181818181818181 2.8484848484848486 2.3636363636363638 2.484848484848485 1.7575757575757576 2.757575757575758 2.121212121212121 2.1818181818181817 2.9696969696969697 2.3333333333333335 2.757575757575758 2.4242424242424243 2.0303030303030303 1.8484848484848484 1.606060606060606 2.6363636363636362 2.4545454545454546 2.242424242424242 1.5151515151515151 2.606060606060606 2.757575757575758
23 263.19559896589004 2.696969696969697 1.3636363636363635 1.4848484848484849 3.0 2.0 2.757575757575758 1.4848484848484849 2.272727272727273 2.5757575757575757 1.9393939393939394 1.303030303030303 3.0 1.6363636363636365 1.4848484848484849 2.212121212121212 2.515151515151515 2.3636363636363638 2.1515151515151514 2.6363636363636362 1.4545454545454546 3.0 1.9696969696969697 1.7272727272727273 2.3333333333333335 2.515151515151515 1.5454545454545454 1.7272727272727273 1.2727272727272727 1.5757575757575757 1.8181818181818181 2.8484848484848486 2.3636363636363638 2.484848484848485 1.7575757575757576 2.757575757575758 2.121212121212121 2.1818181818181817 2.9696969696969697 2.3333333333333335 2.757575757575758 2.4242424242424243 2.0303030303030303 1.8484848484848484 1.606060606060606 2.6363636363636362 2.4545454545454546 2.242424242424242 1.5151515151515151 2.606060606060606 2.757575757575758
24 81.7323953058435 1.797979797979798 0.9090909090909091 0.98989898989899 2.0 1.3333333333333333 1.8383838383838385 0.98989898989899 1.5151515151515151 1.7171717171717171 1.292929292929293 0.8686868686868687 2.0 1.0909090909090908 0.98989898989899 1.4747474747474747 1.6767676767676767 1.5757575757575757 1.4343434343434343 1.7575757575757576 0.9696969696969697 2.0 1.3131313131313131 1.1515151515151516 1.5555555555555556 1.6767676767676767 1.0303030303030303 1.1515151515151516 0.8484848484848485 1.0505050505050506 1.2121212121212122 1.898989898989899 1.5757575757575757 1.6565656565656566 1.1717171717171717 1.8383838383838385 1.4141414141414141 1.4545454545454546 1.97979797979798 1.5555555555555556 1.8383838383838385 1.6161616161616161 1.3535353535353536 1.2323232323232323 1.0707070707070707 1.7575757575757576 1.6363636363636365 1.494949494949495 1.0101010101010102 1.7373737373737375 1.8383838383838385
25 139.61663737742998 1.797979797979798 0.9090909090909091 0.98989898989899 2.0 1.3333333333333333 1.8383838383838385 0.98989898989899 1.5151515151515151 1.7171717171717171 1.292929292929293 0.8686868686868687 2.0 1.0909090909090908 0.98989898989899 1.4747474747474747 1.6767676767676767 1.5757575757575757 1.4343434343434343 1.7575757575757576 0.9696969696969697 2.0 1.3131313131313131 1.1515151515151516 1.5555555555555556 1.6767676767676767 1.0303030303030303 1.1515151515151516 0.8484848484848485 1.0505050505050506 1.2121212121212122 1.898989898989899 1.5757575757575757 1.6565656565656566 1.1717171717171717 1.8383838383838385 1.4141414141414141 1.4545454545454546 1.97979797979798 1.5555555555555556 1.8383838383838385 1.6161616161616161 1.3535353535353536 1.2323232323232323 1.0707070707070707 1.7575757575757576 1.6363636363636365 1.494949494949495 1.0101010101010102 1.7373737373737375 1.8383838383838385
26 167.43710450246675 2.696969696969697 1.3636363636363635 1.4848484848484849 3.0 2.0 2.757575757575758 1.4848484848484849 2.272727272727273 2.5757575757575757 1.9393939393939394 1.303030303030303 3.0 1.6363636363636365 1.4848484848484849 2.212121212121212 2.515151515151515 2.3636363636363638 2.1515151515151514 2.6363636363636362 1.4545454545454546 3.0 1.9696969696969697 1.7272727272727273 2.3333333333333335 2.515151515151515 1.5454545454545454 1.7272727272727273 1.2727272727272727 1.5757575757575757 1.8181818181818181 2.8484848484848486 2.3636363636363638 2.484848484848485 1.7575757575757576 2.757575757575758 2.121212121212121 2.1818181818181817 2.9696969696969697 2.3333333333333335 2.757575757575758 2.4242424242424243 2.0303030303030303 1.8484848484848484 1.606060606060606 2.6363636363636362 2.4545454545454546 2.242424242424242 1.5151515151515151 2.606060606060606 2.757575757575758
27 10.0 2.696969696969697 1.3636363636363635 1.4848484848484849 3.0 2.0 2.757575757575758 1.4848484848484849 2.272727272727273 2.5757575757575757 1.9393939393939394 1.303030303030303 3.0 1.6363636363636365 1.4848484848484849 2.212121212121212 2.515151515151515 2.3636363636363638 2.1515151515151514 2.6363636363636362 1.4545454545454546 3.0 1.9696969696969697 1.7272727272727273 2.3333333333333335 2.515151515151515 1.5454545454545454 1.7272727272727273 1.2727272727272727 1.5757575757575757 1.8181818181818181 2.8484848484848486 2.3636363636363638 2.484848484848485 1.7575757575757576 2.757575757575758 2.121212121212121 2.1818181818181817 2.9696969696969697 2.3333333333333335 2.757575757575758 2.4242424242424243 2.0303030303030303 1.8484848484848484 1.606060606060606 2.6363636363636362 2.4545454545454546 2.242424242424242 1.5151515151515151 2.606060606060606 2.757575757575758
28 241.86957523350856 1.797979797979798 0.9090909090909091 0.98989898989899 2.0 1.3333333333333333 1.8383838383838385 0.98989898989899 1.5151515151515151 1.7171717171717171 1.292929292929293 0.8686868686868687 2.0 1.0909090909090908 0.98989898989899 1.4747474747474747 1.6767676767676767 1.5757575757575757 1.4343434343434343 1.7575757575757576 0.9696969696969697 2.0 1.3131313131313131 1.1515151515151516 1.5555555555555556 1.6767676767676767 1.0303030303030303 1.1515151515151516 0.8484848484848485 1.0505050505050506 1.2121212121212122 1.898989898989899 1.5757575757575757 1.6565656565656566 1.1717171717171717 1.8383838383838385 1.4141414141414141 1.4545454545454546 1.97979797979798 1.5555555555555556 1.8383838383838385 1.6161616161616161 1.3535353535353536 1.2323232323232323 1.0707070707070707 1.7575757575757576 1.6363636363636365 1.494949494949495 1.0101010101010102 1.7373737373737375 1.8383838383838385
29 82.0 2.696969696969697 1.3636363636363635 1.4848484848484849 3.0 2.0 2.757575757575758 1.4848484848484849 2.272727272727273 2.5757575757575757 1.9393939393939394 1.303030303030303 3.0 1.6363636363636365 1.4848484848484849 2.212121212121212 2.515151515151515 2.3636363636363638 2.1515151515151514 2.6363636363636362 1.4545454545454546 3.0 1.9696969696969697 1.7272727272727273 2.3333333333333335 2.515151515151515 1.5454545454545454 1.7272727272727273 1.2727272727272727 1.5757575757575757 1.8181818181818181 2.8484848484848486 2.3636363636363638 2.484848484848485 1.7575757575757576 2.757575757575758 2.121212121212121 2.1818181818181817 2.9696969696969697 2.3333333333333335 2.757575757575758 2.4242424242424243 2.0303030303030303 1.8484848484848484 1.606060606060606 2.6363636363636362 2.4545454545454546 2.242424242424242 1.5151515151515151 2.606060606060606 2.757575757575758
30 0.8376054979503256 1.797979797979798 0.9090909090909091 0.98989898989899 2.0 1.3333333333333333 1.8383838383838385 0.98989898989899 1.5151515151515151 1.7171717171717171 1.292929292929293 0.8686868686868687 2.0 1.0909090909090908 0.98989898989899 1.4747474747474747 1.6767676767676767 1.5757575757575757 1.4343434343434343 1.7575757575757576 0.9696969696969697 2.0 1.3131313131313131 1.1515151515151516 1.5555555555555556 1.6767676767676767 1.0303030303030303 1.1515151515151516 0.8484848484848485 1.0505050505050506 1.2121212121212122 1.898989898989899 1.5757575757575757 1.6565656565656566 1.1717171717171717 1.8383838383838385 1.4141414141414141 1.4545454545454546 1.97979797979798 1.5555555555555556 1.8383838383838385 1.6161616161616161 1.3535353535353536 1.2323232323232323 1.0707070707070707 1.7575757575757576 1.6363636363636365 1.494949494949495 1.0101010101010102 1.7373737373737375 1.8383838383838385
31 214.82183752289578 2.696969696969697 1.3636363636363635 1.4848484848484849 3.0 2.0 2.757575757575758 1.4848484848484849 2.272727272727273 2.5757575757575757 1.9393939393939394 1.303030303030303 3.0 1.6363636363636365 1.4848484848484849 2.212121212121212 2.515151515151515 2.3636363636363638 2.1515151515151514 2.6363636363636362 1.4545454545454546 3.0 1.9696969696969697 1.7272727272727273 2.3333333333333335 2.515151515151515 1.5454545454545454 1.7272727272727273 1.2727272727272727 1.5757575757575757 1.8181818181818181 2.8484848484848486 2.3636363636363638 2.484848484848485 1.7575757575757576 2.757575757575758 2.121212121212121 2.1818181818181817 2.9696969696969697 2.3333333333333335 2.757575757575758 2.4242424242424243 2.0303030303030303 1.8484848484848484 1.606060606060606 2.6363636363636362 2.4545454545454546 2.242424242424242 1.5151515151515151 2.606060606060606 2.757575757575758
32 45.809907120743006 1.797979797979798 0.9090909090909091 0.98989898989899 2.0 1.3333333333333333 1.8383838383838385 0.98989898989899 1.5151515151515151 1.7171717171717171 1.292929292929293 0.8686868686868687 2.0 1.0909090909090908 0.98989898989899 1.4747474747474747 1.6767676767676767 1.5757575757575757 1.4343434343434343 1.7575757575757576 0.9696969696969697 2.0 1.3131313131313131 1.1515151515151516 1.5555555555555556 1.6767676767676767 1.0303030303030303 1.1515151515151516 0.8484848484848485 1.0505050505050506 1.2121212121212122 1.898989898989899 1.5757575757575757 1.6565656565656566 1.1717171717171717 1.8383838383838385 1.4141414141414141 1.4545454545454546 1.97979797979798 1.5555555555555556 1.8383838383838385 1.6161616161616161 1.3535353535353536 1.2323232323232323 1.0707070707070707 1.7575757575757576 1.6363636363636365 1.494949494949495 1.0101010101010102 1.7373737373737375 1.8383838383838385
33 14.166657636389424 1.797979797979798 0.9090909090909091 0.98989898989899 2.0 1.3333333333333333 1.8383838383838385 0.98989898989899 1.5151515151515151 1.7171717171717171 1.292929292929293 0.8686868686868687 2.0 1.0909090909090908 0.98989898989899 1.4747474747474747 1.6767676767676767 1.5757575757575757 1.4343434343434343 1.7575757575757576 0.9696969696969697 2.0 1.3131313131313131 1.1515151515151516 1.5555555555555556 1.6767676767676767 1.0303030303030303 1.1515151515151516 0.8484848484848485 1.0505050505050506 1.2121212121212122 1.898989898989899 1.5757575757575757 1.6565656565656566 1.1717171717171717 1.8383838383838385 1.4141414141414141 1.4545454545454546 1.97979797979798 1.5555555555555556 1.8383838383838385 1.6161616161616161 1.3535353535353536 1.2323232323232323 1.0707070707070707 1.7575757575757576 1.6363636363636365 1.494949494949495 1.0101010101010102 1.7373737373737375 1.8383838383838385
34 10.171540694299317 1.797979797979798 0.9090909090909091 0.98989898989899 2.0 1.3333333333333333 1.8383838383838385 0.98989898989899 1.5151515151515151 1.7171717171717171 1.292929292929293 0.8686868686868687 2.0 1.0909090909090908 0.98989898989899 1.4747474747474747 1.6767676767676767 1.5757575757575757 1.4343434343434343 1.7575757575757576 0.9696969696969697 2.0 1.3131313131313131 1.1515151515151516 1.5555555555555556 1.6767676767676767 1.0303030303030303 1.1515151515151516 0.8484848484848485 1.0505050505050506 1.2121212121212122 1.898989898989899 1.5757575757575757 1.6565656565656566 1.1717171717171717 1.8383838383838385 1.4141414141414141 1.4545454545454546 1.97979797979798 1.5555555555555556 1.8383838383838385 1.6161616161616161 1.3535353535353536 1.2323232323232323 1.0707070707070707 1.7575757575757576 1.6363636363636365 1.494949494949495 1.0101010101010102 1.7373737373737375 1.8383838383838385
35 64.86434505713238 2.696969696969697 1.3636363636363635 1.4848484848484849 3.0 2.0 2.757575757575758 1.4848484848484849 2.272727272727273 2.5757575757575757 1.9393939393939394 1.303030303030303 3.0 1.6363636363636365 1.4848484848484849 2.212121212121212 2.515151515151515 2.3636363636363638 2.1515151515151514 2.6363636363636362 1.4545454545454546 3.0 1.9696969696969697 1.7272727272727273 2.3333333333333335 2.515151515151515 1.5454545454545454 1.7272727272727273 1.2727272727272727 1.5757575757575757 1.8181818181818181 2.8484848484848486 2.3636363636363638 2.484848484848485 1.7575757575757576 2.757575757575758 2.121212121212121 2.1818181818181817 2.9696969696969697 2.3333333333333335 2.757575757575758 2.4242424242424243 2.0303030303030303 1.8484848484848484 1.606060606060606 2.6363636363636362 2.4545454545454546 2.242424242424242 1.5151515151515151 2.606060606060606 2.757575757575758
36 135.67021189296113 2.696969696969697 1.3636363636363635 1.4848484848484849 3.0 2.0 2.757575757575758 1.4848484848484849 2.272727272727273 2.5757575757575757 1.9393939393939394 1.303030303030303 3.0 1.6363636363636365 1.4848484848484849 2.212121212121212 2.515151515151515 2.3636363636363638 2.1515151515151514 2.6363636363636362 1.4545454545454546 3.0 1.9696969696969697 1.7272727272727273 2.3333333333333335 2.515151515151515 1.5454545454545454 1.7272727272727273 1.2727272727272727 1.5757575757575757 1.8181818181818181 2.8484848484848486 2.3636363636363638 2.484848484848485 1.7575757575757576 2.757575757575758 2.121212121212121 2.1818181818181817 2.9696969696969697 2.3333333333333335 2.757575757575758 2.4242424242424243 2.0303030303030303 1.8484848484848484 1.606060606060606 2.6363636363636362 2.4545454545454546 2.242424242424242 1.5151515151515151 2.606060606060606 2.757575757575758
37 155.77418762590028 2.696969696969697 1.3636363636363635 1.4848484848484849 3.0 2.0 2.757575757575758 1.4848484848484849 2.272727272727273 2.5757575757575757 1.9393939393939394 1.303030303030303 3.0 1.6363636363636365 1.4848484848484849 2.212121212121212 2.515151515151515 2.3636363636363638 2.1515151515151514 2.6363636363636362 1.4545454545454546 3.0 1.9696969696969697 1.7272727272727273 2.3333333333333335 2.515151515151515 1.5454545454545454 1.7272727272727273 1.2727272727272727 1.5757575757575757 1.8181818181818181 2.8484848484848486 2.3636363636363638 2.484848484848485 1.7575757575757576 2.757575757575758 2.121212121212121 2.1818181818181817 2.9696969696969697 2.3333333333333335 2.757575757575758 2.4242424242424243 2.0303030303030303 1.8484848484848484 1.606060606060606 2.6363636363636362 2.4545454545454546 2.242424242424242 1.5151515151515151 2.606060606060606 2.757575757575758
38 30.74573486056736 2.696969696969697 1.3636363636363635 1.4848484848484849 3.0 2.0 2.757575757575758 1.4848484848484849 2.272727272727273 2.5757575757575757 1.9393939393939394 1.303030303030303 3.0 1.6363636363636365 1.4848484848484849 2.212121212121212 2.515151515151515 2.3636363636363638 2.1515151515151514 2.6363636363636362 1.4545454545454546 3.0 1.9696969696969697 1.7272727272727273 2.3333333333333335 2.515151515151515 1.5454545454545454 1.7272727272727273 1.2727272727272727 1.5757575757575757 1.8181818181818181 2.8484848484848486 2.3636363636363638 2.484848484848485 1.7575757575757576 2.757575757575758 2.121212121212121 2.1818181818181817 2.9696969696969697 2.3333333333333335 2.757575757575758 2.4242424242424243 2.0303030303030303 1.8484848484848484 1.606060606060606 2.6363636363636362 2.4545454545454546 2.242424242424242 1.5151515151515151 2.606060606060606 2.757575757575758
39 192.8849232946133 1.797979797979798 0.9090909090909091 0.98989898989899 2.0 1.3333333333333333 1.8383838383838385 0.98989898989899 1.5151515151515151 1.7171717171717171 1.292929292929293 0.8686868686868687 2.0 1.0909090909090908 0.98989898989899 1.4747474747474747 1.6767676767676767 1.5757575757575757 1.4343434343434343 1.7575757575757576 0.9696969696969697 2.0 1.3131313131313131 1.1515151515151516 1.5555555555555556 1.6767676767676767 1.0303030303030303 1.1515151515151516 0.8484848484848485 1.0505050505050506 1.2121212121212122 1.898989898989899 1.5757575757575757 1.6565656565656566 1.1717171717171717 1.8383838383838385 1.4141414141414141 1.4545454545454546 1.97979797979798 1.5555555555555556 1.8383838383838385 1.6161616161616161 1.3535353535353536 1.2323232323232323 1.0707070707070707 1.7575757575757576 1.6363636363636365 1.494949494949495 1.0101010101010102 1.7373737373737375 1.8383838383838385
40 82.51541971438515 1.797979797979798 0.9090909090909091 0.98989898989899 2.0 1.3333333333333333 1.8383838383838385 0.98989898989899 1.5151515151515151 1.7171717171717171 1.292929292929293 0.8686868686868687 2.0 1.0909090909090908 0.98989898989899 1.4747474747474747 1.6767676767676767 1.5757575757575757 1.4343434343434343 1.7575757575757576 0.9696969696969697 2.0 1.3131313131313131 1.1515151515151516 1.5555555555555556 1.6767676767676767 1.0303030303030303 1.1515151515151516 0.8484848484848485 1.0505050505050506 1.2121212121212122 1.898989898989899 1.5757575757575757 1.6565656565656566 1.1717171717171717 1.8383838383838385 1.4141414141414141 1.4545454545454546 1.97979797979798 1.5555555555555556 1.8383838383838385 1.6161616161616161 1.3535353535353536 1.2323232323232323 1.0707070707070707 1.7575757575757576 1.6363636363636365 1.494949494949495 1.0101010101010102 1.7373737373737375 1.8383838383838385
41 196.97943683155071 2.696969696969697 1.3636363636363635 1.4848484848484849 3.0 2.0 2.757575757575758 1.4848484848484849 2.272727272727273 2.5757575757575757 1.9393939393939394 1.303030303030303 3.0 1.6363636363636365 1.4848484848484849 2.212121212121212 2.515151515151515 2.3636363636363638 2.1515151515151514 2.6363636363636362 1.4545454545454546 3.0 1.9696969696969697 1.7272727272727273 2.3333333333333335 2.515151515151515 1.5454545454545454 1.7272727272727273 1.2727272727272727 1.5757575757575757 1.8181818181818181 2.8484848484848486 2.3636363636363638 2.484848484848485 1.7575757575757576 2.757575757575758 2.121212121212121 2.1818181818181817 2.9696969696969697 2.3333333333333335 2.757575757575758 2.4242424242424243 2.0303030303030303 1.8484848484848484 1.606060606060606 2.6363636363636362 2.4545454545454546 2.242424242424242 1.5151515151515151 2.606060606060606 2.757575757575758
42 66.21130625402965 1.797979797979798 0.9090909090909091 0.98989898989899 2.0 1.3333333333333333 1.8383838383838385 0.98989898989899 1.5151515151515151 1.7171717171717171 1.292929292929293 0.8686868686868687 2.0 1.0909090909090908 0.98989898989899 1.4747474747474747 1.6767676767676767 1.5757575757575757 1.4343434343434343 1.7575757575757576 0.9696969696969697 2.0 1.3131313131313131 1.1515151515151516 1.5555555555555556 1.6767676767676767 1.0303030303030303 1.1515151515151516 0.8484848484848485 1.0505050505050506 1.2121212121212122 1.898989898989899 1.5757575757575757 1.6565656565656566 1.1717171717171717 1.8383838383838385 1.4141414141414141 1.4545454545454546 1.97979797979798 1.5555555555555556 1.8383838383838385 1.6161616161616161 1.3535353535353536 1.2323232323232323 1.0707070707070707 1.7575757575757576 1.6363636363636365 1.494949494949495 1.0101010101010102 1.7373737373737375 1.8383838383838385
43 70.17323744126695 2.696969696969697 1.3636363636363635 1.4848484848484849 3.0 2.0 2.757575757575758 1.4848484848484849 2.272727272727273 2.5757575757575757 1.9393939393939394 1.303030303030303 3.0 1.6363636363636365 1.4848484848484849 2.212121212121212 2.515151515151515 2.3636363636363638 2.1515151515151514 2.6363636363636362 1.4545454545454546 3.0 1.9696969696969697 1.7272727272727273 2.3333333333333335 2.515151515151515 1.5454545454545454 1.7272727272727273 1.2727272727272727 1.5757575757575757 1.8181818181818181 2.8484848484848486 2.3636363636363638 2.484848484848485 1.7575757575757576 2.757575757575758 2.121212121212121 2.1818181818181817 2.9696969696969697 2.3333333333333335 2.757575757575758 2.4242424242424243 2.0303030303030303 1.8484848484848484 1.606060606060606 2.6363636363636362 2.4545454545454546 2.242424242424242 1.5151515151515151 2.606060606060606 2.757575757575758
44 65.82110129876898 1.797979797979798 0.9090909090909091 0.98989898989899 2.0 1.3333333333333333 1.8383838383838385 0.98989898989899 1.5151515151515151 1.7171717171717171 1.292929292929293 0.8686868686868687 2.0 1.0909090909090908 0.98989898989899 1.4747474747474747 1.6767676767676767 1.5757575757575757 1.4343434343434343 1.7575757575757576 0.9696969696969697 2.0 1.3131313131313131 1.1515151515151516 1.5555555555555556 1.6767676767676767 1.0303030303030303 1.1515151515151516 0.8484848484848485 1.0505050505050506 1.2121212121212122 1.898989898989899 1.5757575757575757 1.6565656565656566 1.1717171717171717 1.8383838383838385 1.4141414141414141 1.4545454545454546 1.97979797979798 1.5555555555555556 1.8383838383838385 1.6161616161616161 1.3535353535353536 1.2323232323232323 1.0707070707070707 1.7575757575757576 1.6363636363636365 1.494949494949495 1.0101010101010102 1.7373737373737375 1.8383838383838385
45 140.68169696969693 1.797979797979798 0.9090909090909091 0.98989898989899 2.0 1.3333333333333333 1.8383838383838385 0.98989898989899 1.5151515151515151 1.7171717171717171 1.292929292929293 0.8686868686868687 2.0 1.0909090909090908 0.98989898989899 1.4747474747474747 1.6767676767676767 1.5757575757575757 1.4343434343434343 1.7575757575757576 0.9696969696969697 2.0 1.3131313131313131 1.1515151515151516 1.5555555555555556 1.6767676767676767 1.0303030303030303 1.1515151515151516 0.8484848484848485 1.0505050505050506 1.2121212121212122 1.898989898989899 1.5757575757575757 1.6565656565656566 1.1717171717171717 1.8383838383838385 1.4141414141414141 1.4545454545454546 1.97979797979798 1.5555555555555556 1.8383838383838385 1.6161616161616161 1.3535353535353536 1.2323232323232323 1.0707070707070707 1.7575757575757576 1.6363636363636365 1.494949494949495 1.0101010101010102 1.7373737373737375 1.8383838383838385
46 54.75294117647055 2.696969696969697 1.3636363636363635 1.4848484848484849 3.0 2.0 2.757575757575758 1.4848484848484849 2.272727272727273 2.5757575757575757 1.9393939393939394 1.303030303030303 3.0 1.6363636363636365 1.4848484848484849 2.212121212121212 2.515151515151515 2.3636363636363638 2.1515151515151514 2.6363636363636362 1.4545454545454546 3.0 1.9696969696969697 1.7272727272727273 2.3333333333333335 2.515151515151515 1.5454545454545454 1.7272727272727273 1.2727272727272727 1.5757575757575757 1.8181818181818181 2.8484848484848486 2.3636363636363638 2.484848484848485 1.7575757575757576 2.757575757575758 2.121212121212121 2.1818181818181817 2.9696969696969697 2.3333333333333335 2.757575757575758 2.4242424242424243 2.0303030303030303 1.8484848484848484 1.606060606060606 2.6363636363636362 2.4545454545454546 2.242424242424242 1.5151515151515151 2.606060606060606 2.757575757575758
47 169.5237700877453 2.696969696969697 1.3636363636363635 1.4848484848484849 3.0 2.0 2.757575757575758 1.4848484848484849 2.272727272727273 2.5757575757575757 1.9393939393939394 1.303030303030303 3.0 1.6363636363636365 1.4848484848484849 2.212121212121212 2.515151515151515 2.3636363636363638 2.1515151515151514 2.6363636363636362 1.4545454545454546 3.0 1.9696969696969697 1.7272727272727273 2.3333333333333335 2.515151515151515 1.5454545454545454 1.7272727272727273 1.2727272727272727 1.5757575757575757 1.8181818181818181 2.8484848484848486 2.3636363636363638 2.484848484848485 1.7575757575757576 2.757575757575758 2.121212121212121 2.1818181818181817 2.9696969696969697 2.3333333333333335 2.757575757575758 2.4242424242424243 2.0303030303030303 1.8484848484848484 1.606060606060606 2.6363636363636362 2.4545454545454546 2.242424242424242 1.5151515151515151 2.606060606060606 2.757575757575758
48 457.7885144124172 2.696969696969697 1.3636363636363635 1.4848484848484849 3.0 2.0 2.757575757575758 1.4848484848484849 2.272727272727273 2.5757575757575757 1.9393939393939394 1.303030303030303 3.0 1.6363636363636365 1.4848484848484849 2.212121212121212 2.515151515151515 2.3636363636363638 2.1515151515151514 2.6363636363636362 1.4545454545454546 3.0 1.9696969696969697 1.7272727272727273 2.3333333333333335 2.515151515151515 1.5454545454545454 1.7272727272727273 1.2727272727272727 1.5757575757575757 1.8181818181818181 2.8484848484848486 2.3636363636363638 2.484848484848485 1.7575757575757576 2.757575757575758 2.121212121212121 2.1818181818181817 2.9696969696969697 2.3333333333333335 2.757575757575758 2.4242424242424243 2.0303030303030303 1.8484848484848484 1.606060606060606 2.6363636363636362 2.4545454545454546 2.242424242424242 1.5151515151515151 2.606060606060606 2.757575757575758
49 376.82998844327966 1.797979797979798 0.9090909090909091 0.98989898989899 2.0 1.3333333333333333 1.8383838383838385 0.98989898989899 1.5151515151515151 1.7171717171717171 1.292929292929293 0.8686868686868687 2.0 1.0909090909090908 0.98989898989899 1.4747474747474747 1.6767676767676767 1.5757575757575757 1.4343434343434343 1.7575757575757576 0.9696969696969697 2.0 1.3131313131313131 1.1515151515151516 1.5555555555555556 1.6767676767676767 1.0303030303030303 1.1515151515151516 0.8484848484848485 1.0505050505050506 1.2121212121212122 1.898989898989899 1.5757575757575757 1.6565656565656566 1.1717171717171717 1.8383838383838385 1.4141414141414141 1.4545454545454546 1.97979797979798 1.5555555555555556 1.8383838383838385 1.6161616161616161 1.3535353535353536 1.2323232323232323 1.0707070707070707 1.7575757575757576 1.6363636363636365 1.494949494949495 1.0101010101010102 1.7373737373737375 1.8383838383838385
50 57.82117647058825 2.696969696969697 1.3636363636363635 1.4848484848484849 3.0 2.0 2.757575757575758 1.4848484848484849 2.272727272727273 2.5757575757575757 1.9393939393939394 1.303030303030303 3.0 1.6363636363636365 1.4848484848484849 2.212121212121212 2.515151515151515 2.3636363636363638 2.1515151515151514 2.6363636363636362 1.4545454545454546 3.0 1.9696969696969697 1.7272727272727273 2.3333333333333335 2.515151515151515 1.5454545454545454 1.7272727272727273 1.2727272727272727 1.5757575757575757 1.8181818181818181 2.8484848484848486 2.3636363636363638 2.484848484848485 1.7575757575757576 2.757575757575758 2.121212121212121 2.1818181818181817 2.9696969696969697 2.3333333333333335 2.757575757575758 2.4242424242424243 2.0303030303030303 1.8484848484848484 1.606060606060606 2.6363636363636362 2.4545454545454546 2.242424242424242 1.5151515151515151 2.606060606060606 2.757575757575758
51 67.95131020348411 1.797979797979798 0.9090909090909091 0.98989898989899 2.0 1.3333333333333333 1.8383838383838385 0.98989898989899 1.5151515151515151 1.7171717171717171 1.292929292929293 0.8686868686868687 2.0 1.0909090909090908 0.98989898989899 1.4747474747474747 1.6767676767676767 1.5757575757575757 1.4343434343434343 1.7575757575757576 0.9696969696969697 2.0 1.3131313131313131 1.1515151515151516 1.5555555555555556 1.6767676767676767 1.0303030303030303 1.1515151515151516 0.8484848484848485 1.0505050505050506 1.2121212121212122 1.898989898989899 1.5757575757575757 1.6565656565656566 1.1717171717171717 1.8383838383838385 1.4141414141414141 1.4545454545454546 1.97979797979798 1.5555555555555556 1.8383838383838385 1.6161616161616161 1.3535353535353536 1.2323232323232323 1.0707070707070707 1.7575757575757576 1.6363636363636365 1.494949494949495 1.0101010101010102 1.7373737373737375 1.8383838383838385
52 49.31179560589242 2.696969696969697 1.3636363636363635 1.4848484848484849 3.0 2.0 2.757575757575758 1.4848484848484849 2.272727272727273 2.5757575757575757 1.9393939393939394 1.303030303030303 3.0 1.6363636363636365 1.4848484848484849 2.212121212121212 2.515151515151515 2.3636363636363638 2.1515151515151514 2.6363636363636362 1.4545454545454546 3.0 1.9696969696969697 1.7272727272727273 2.3333333333333335 2.515151515151515 1.5454545454545454 1.7272727272727273 1.2727272727272727 1.5757575757575757 1.8181818181818181 2.8484848484848486 2.3636363636363638 2.484848484848485 1.7575757575757576 2.757575757575758 2.121212121212121 2.1818181818181817 2.9696969696969697 2.3333333333333335 2.757575757575758 2.4242424242424243 2.0303030303030303 1.8484848484848484 1.606060606060606 2.6363636363636362 2.4545454545454546 2.242424242424242 1.5151515151515151 2.606060606060606 2.757575757575758
53 232.33966406722433 1.797979797979798 0.9090909090909091 0.98989898989899 2.0 1.3333333333333333 1.8383838383838385 0.98989898989899 1.5151515151515151 1.7171717171717171 1.292929292929293 0.8686868686868687 2.0 1.0909090909090908 0.98989898989899 1.4747474747474747 1.6767676767676767 1.5757575757575757 1.4343434343434343 1.7575757575757576 0.9696969696969697 2.0 1.3131313131313131 1.1515151515151516 1.5555555555555556 1.6767676767676767 1.0303030303030303 1.1515151515151516 0.8484848484848485 1.0505050505050506 1.2121212121212122 1.898989898989899 1.5757575757575757 1.6565656565656566 1.1717171717171717 1.8383838383838385 1.4141414141414141 1.4545454545454546 1.97979797979798 1.5555555555555556 1.8383838383838385 1.6161616161616161 1.3535353535353536 1.2323232323232323 1.0707070707070707 1.7575757575757576 1.6363636363636365 1.494949494949495 1.0101010101010102 1.7373737373737375 1.8383838383838385
54 17.328673755813714 2.696969696969697 1.3636363636363635 1.4848484848484849 3.0 2.0 2.757575757575758 1.4848484848484849 2.272727272727273 2.5757575757575757 1.9393939393939394 1.303030303030303 3.0 1.6363636363636365 1.4848484848484849 2.212121212121212 2.515151515151515 2.3636363636363638 2.1515151515151514 2.6363636363636362 1.4545454545454546 3.0 1.9696969696969697 1.7272727272727273 2.3333333333333335 2.515151515151515 1.5454545454545454 1.7272727272727273 1.2727272727272727 1.5757575757575757 1.8181818181818181 2.8484848484848486 2.3636363636363638 2.484848484848485 1.7575757575757576 2.757575757575758 2.121212121212121 2.1818181818181817 2.9696969696969697 2.3333333333333335 2.757575757575758 2.4242424242424243 2.0303030303030303 1.8484848484848484 1.606060606060606 2.6363636363636362 2.4545454545454546 2.242424242424242 1.5151515151515151 2.606060606060606 2.757575757575758
55 139.15044934640522 1.797979797979798 0.9090909090909091 0.98989898989899 2.0 1.3333333333333333 1.8383838383838385 0.98989898989899 1.5151515151515151 1.7171717171717171 1.292929292929293 0.8686868686868687 2.0 1.0909090909090908 0.98989898989899 1.4747474747474747 1.6767676767676767 1.5757575757575757 1.4343434343434343 1.7575757575757576 0.9696969696969697 2.0 1.3131313131313131 1.1515151515151516 1.5555555555555556 1.6767676767676767 1.0303030303030303 1.1515151515151516 0.8484848484848485 1.0505050505050506 1.2121212121212122 1.898989898989899 1.5757575757575757 1.6565656565656566 1.1717171717171717 1.8383838383838385 1.4141414141414141 1.4545454545454546 1.97979797979798 1.5555555555555556 1.8383838383838385 1.6161616161616161 1.3535353535353536 1.2323232323232323 1.0707070707070707 1.7575757575757576 1.6363636363636365 1.494949494949495 1.0101010101010102 1.7373737373737375 1.8383838383838385
56 110.65652236134655 2.696969696969697 1.3636363636363635 1.4848484848484849 3.0 2.0 2.757575757575758 1.4848484848484849 2.272727272727273 2.5757575757575757 1.9393939393939394 1.303030303030303 3.0 1.6363636363636365 1.4848484848484849 2.212121212121212 2.515151515151515 2.3636363636363638 2.1515151515151514 2.6363636363636362 1.4545454545454546 3.0 1.9696969696969697 1.7272727272727273 2.3333333333333335 2.515151515151515 1.5454545454545454 1.7272727272727273 1.2727272727272727 1.5757575757575757 1.8181818181818181 2.8484848484848486 2.3636363636363638 2.484848484848485 1.7575757575757576 2.757575757575758 2.121212121212121 2.1818181818181817 2.9696969696969697 2.3333333333333335 2.757575757575758 2.4242424242424243 2.0303030303030303 1.8484848484848484 1.606060606060606 2.6363636363636362 2.4545454545454546 2.242424242424242 1.5151515151515151 2.606060606060606 2.757575757575758
57 343.7081374817112 1.797979797979798 0.9090909090909091 0.98989898989899 2.0 1.3333333333333333 1.8383838383838385 0.98989898989899 1.5151515151515151 1.7171717171717171 1.292929292929293 0.8686868686868687 2.0 1.0909090909090908 0.98989898989899 1.4747474747474747 1.6767676767676767 1.5757575757575757 1.4343434343434343 1.7575757575757576 0.9696969696969697 2.0 1.3131313131313131 1.1515151515151516 1.5555555555555556 1.6767676767676767 1.0303030303030303 1.1515151515151516 0.8484848484848485 1.0505050505050506 1.2121212121212122 1.898989898989899 1.5757575757575757 1.6565656565656566 1.1717171717171717 1.8383838383838385 1.4141414141414141 1.4545454545454546 1.97979797979798 1.5555555555555556 1.8383838383838385 1.6161616161616161 1.3535353535353536 1.2323232323232323 1.0707070707070707 1.7575757575757576 1.6363636363636365 1.494949494949495 1.0101010101010102 1.7373737373737375 1.8383838383838385
58 20.76191863012773 2.696969696969697 1.3636363636363635 1.4848484848484849 3.0 2.0 2.757575757575758 1.4848484848484849 2.272727272727273 2.5757575757575757 1.9393939393939394 1.303030303030303 3.0 1.6363636363636365 1.4848484848484849 2.212121212121212 2.515151515151515 2.3636363636363638 2.1515151515151514 2.6363636363636362 1.4545454545454546 3.0 1.9696969696969697 1.7272727272727273 2.3333333333333335 2.515151515151515 1.5454545454545454 1.7272727272727273 1.2727272727272727 1.5757575757575757 1.8181818181818181 2.8484848484848486 2.3636363636363638 2.484848484848485 1.7575757575757576 2.757575757575758 2.121212121212121 2.1818181818181817 2.9696969696969697 2.3333333333333335 2.757575757575758 2.4242424242424243 2.0303030303030303 1.8484848484848484 1.606060606060606 2.6363636363636362 2.4545454545454546 2.242424242424242 1.5151515151515151 2.606060606060606 2.757575757575758
59 65.81295048267602 2.696969696969697 1.3636363636363635 1.4848484848484849 3.0 2.0 2.757575757575758 1.4848484848484849 2.272727272727273 2.5757575757575757 1.9393939393939394 1.303030303030303 3.0 1.6363636363636365 1.4848484848484849 2.212121212121212 2.515151515151515 2.3636363636363638 2.1515151515151514 2.6363636363636362 1.4545454545454546 3.0 1.9696969696969697 1.7272727272727273 2.3333333333333335 2.515151515151515 1.5454545454545454 1.7272727272727273 1.2727272727272727 1.5757575757575757 1.8181818181818181 2.8484848484848486 2.3636363636363638 2.484848484848485 1.7575757575757576 2.757575757575758 2.121212121212121 2.1818181818181817 2.9696969696969697 2.3333333333333335 2.757575757575758 2.4242424242424243 2.0303030303030303 1.8484848484848484 1.606060606060606 2.6363636363636362 2.4545454545454546 2.242424242424242 1.5151515151515151 2.606060606060606 2.757575757575758
60 167.64414538850974 2.696969696969697 1.3636363636363635 1.4848484848484849 3.0 2.0 2.757575757575758 1.4848484848484849 2.272727272727273 2.5757575757575757 1.9393939393939394 1.303030303030303 3.0 1.6363636363636365 1.4848484848484849 2.212121212121212 2.515151515151515 2.3636363636363638 2.1515151515151514 2.6363636363636362 1.4545454545454546 3.0 1.9696969696969697 1.7272727272727273 2.3333333333333335 2.515151515151515 1.5454545454545454 1.7272727272727273 1.2727272727272727 1.5757575757575757 1.8181818181818181 2.8484848484848486 2.3636363636363638 2.484848484848485 1.7575757575757576 2.757575757575758 2.121212121212121 2.1818181818181817 2.9696969696969697 2.3333333333333335 2.757575757575758 2.4242424242424243 2.0303030303030303 1.8484848484848484 1.606060606060606 2.6363636363636362 2.4545454545454546 2.242424242424242 1.5151515151515151 2.606060606060606 2.757575757575758
61 84.45142783664303 2.696969696969697 1.3636363636363635 1.4848484848484849 3.0 2.0 2.757575757575758 1.4848484848484849 2.272727272727273 2.5757575757575757 1.9393939393939394 1.303030303030303 3.0 1.6363636363636365 1.4848484848484849 2.212121212121212 2.515151515151515 2.3636363636363638 2.1515151515151514 2.6363636363636362 1.4545454545454546 3.0 1.9696969696969697 1.7272727272727273 2.3333333333333335 2.515151515151515 1.5454545454545454 1.7272727272727273 1.2727272727272727 1.5757575757575757 1.8181818181818181 2.8484848484848486 2.3636363636363638 2.484848484848485 1.7575757575757576 2.757575757575758 2.121212121212121 2.1818181818181817 2.9696969696969697 2.3333333333333335 2.757575757575758 2.4242424242424243 2.0303030303030303 1.8484848484848484 1.606060606060606 2.6363636363636362 2.4545454545454546 2.242424242424242 1.5151515151515151 2.606060606060606 2.757575757575758
62 76.0 1.797979797979798 0.9090909090909091 0.98989898989899 2.0 1.3333333333333333 1.8383838383838385 0.98989898989899 1.5151515151515151 1.7171717171717171 1.292929292929293 0.8686868686868687 2.0 1.0909090909090908 0.98989898989899 1.4747474747474747 1.6767676767676767 1.5757575757575757 1.4343434343434343 1.7575757575757576 0.9696969696969697 2.0 1.3131313131313131 1.1515151515151516 1.5555555555555556 1.6767676767676767 1.0303030303030303 1.1515151515151516 0.8484848484848485 1.0505050505050506 1.2121212121212122 1.898989898989899 1.5757575757575757 1.6565656565656566 1.1717171717171717 1.8383838383838385 1.4141414141414141 1.4545454545454546 1.97979797979798 1.5555555555555556 1.8383838383838385 1.6161616161616161 1.3535353535353536 1.2323232323232323 1.0707070707070707 1.7575757575757576 1.6363636363636365 1.494949494949495 1.0101010101010102 1.7373737373737375 1.8383838383838385
63 7.93006907308378 2.696969696969697 1.3636363636363635 1.4848484848484849 3.0 2.0 2.757575757575758 1.4848484848484849 2.272727272727273 2.5757575757575757 1.9393939393939394 1.303030303030303 3.0 1.6363636363636365 1.4848484848484849 2.212121212121212 2.515151515151515 2.3636363636363638 2.1515151515151514 2.6363636363636362 1.4545454545454546 3.0 1.9696969696969697 1.7272727272727273 2.3333333333333335 2.515151515151515 1.5454545454545454 1.7272727272727273 1.2727272727272727 1.5757575757575757 1.8181818181818181 2.8484848484848486 2.3636363636363638 2.484848484848485 1.7575757575757576 2.757575757575758 2.121212121212121 2.1818181818181817 2.9696969696969697 2.3333333333333335 2.757575757575758 2.4242424242424243 2.0303030303030303 1.8484848484848484 1.606060606060606 2.6363636363636362 2.4545454545454546 2.242424242424242 1.5151515151515151 2.606060606060606 2.757575757575758
64 84.19541457211098 2.696969696969697 1.3636363636363635 1.4848484848484849 3.0 2.0 2.757575757575758 1.4848484848484849 2.272727272727273 2.5757575757575757 1.9393939393939394 1.303030303030303 3.0 1.6363636363636365 1.4848484848484849 2.212121212121212 2.515151515151515 2.3636363636363638 2.1515151515151514 2.6363636363636362 1.4545454545454546 3.0 1.9696969696969697 1.7272727272727273 2.3333333333333335 2.515151515151515 1.5454545454545454 1.7272727272727273 1.2727272727272727 1.5757575757575757 1.8181818181818181 2.8484848484848486 2.3636363636363638 2.484848484848485 1.7575757575757576 2.757575757575758 2.121212121212121 2.1818181818181817 2.9696969696969697 2.3333333333333335 2.757575757575758 2.4242424242424243 2.0303030303030303 1.8484848484848484 1.606060606060606 2.6363636363636362 2.4545454545454546 2.242424242424242 1.5151515151515151 2.606060606060606 2.757575757575758
65 78.46785655467723 2.696969696969697 1.3636363636363635 1.4848484848484849 3.0 2.0 2.757575757575758 1.4848484848484849 2.272727272727273 2.5757575757575757 1.9393939393939394 1.303030303030303 3.0 1.6363636363636365 1.4848484848484849 2.212121212121212 2.515151515151515 2.3636363636363638 2.1515151515151514 2.6363636363636362 1.4545454545454546 3.0 1.9696969696969697 1.7272727272727273 2.3333333333333335 2.515151515151515 1.5454545454545454 1.7272727272727273 1.2727272727272727 1.5757575757575757 1.8181818181818181 2.8484848484848486 2.3636363636363638 2.484848484848485 1.7575757575757576 2.757575757575758 2.121212121212121 2.1818181818181817 2.9696969696969697 2.3333333333333335 2.757575757575758 2.4242424242424243 2.0303030303030303 1.8484848484848484 1.606060606060606 2.6363636363636362 2.4545454545454546 2.242424242424242 1.5151515151515151 2.606060606060606 2.757575757575758
66 64.90704909904908 2.696969696969697 1.3636363636363635 1.4848484848484849 3.0 2.0 2.757575757575758 1.4848484848484849 2.272727272727273 2.5757575757575757 1.9393939393939394 1.303030303030303 3.0 1.6363636363636365 1.4848484848484849 2.212121212121212 2.515151515151515 2.3636363636363638 2.1515151515151514 2.6363636363636362 1.4545454545454546 3.0 1.9696969696969697 1.7272727272727273 2.3333333333333335 2.515151515151515 1.5454545454545454 1.7272727272727273 1.2727272727272727 1.5757575757575757 1.8181818181818181 2.8484848484848486 2.3636363636363638 2.484848484848485 1.7575757575757576 2.757575757575758 2.121212121212121 2.1818181818181817 2.9696969696969697 2.3333333333333335 2.757575757575758 2.4242424242424243 2.0303030303030303 1.8484848484848484 1.606060606060606 2.6363636363636362 2.4545454545454546 2.242424242424242 1.5151515151515151 2.606060606060606 2.757575757575758
67 62.69764309764306 2.696969696969697 1.3636363636363635 1.4848484848484849 3.0 2.0 2.757575757575758 1.4848484848484849 2.272727272727273 2.5757575757575757 1.9393939393939394 1.303030303030303 3.0 1.6363636363636365 1.4848484848484849 2.212121212121212 2.515151515151515 2.3636363636363638 2.1515151515151514 2.6363636363636362 1.4545454545454546 3.0 1.9696969696969697 1.7272727272727273 2.3333333333333335 2.515151515151515 1.5454545454545454 1.7272727272727273 1.2727272727272727 1.5757575757575757 1.8181818181818181 2.8484848484848486 2.3636363636363638 2.484848484848485 1.7575757575757576 2.757575757575758 2.121212121212121 2.1818181818181817 2.9696969696969697 2.3333333333333335 2.757575757575758 2.4242424242424243 2.0303030303030303 1.8484848484848484 1.606060606060606 2.6363636363636362 2.4545454545454546 2.242424242424242 1.5151515151515151 2.606060606060606 2.757575757575758
68 53.40152827868286 1.797979797979798 0.9090909090909091 0.98989898989899 2.0 1.3333333333333333 1.8383838383838385 0.98989898989899 1.5151515151515151 1.7171717171717171 1.292929292929293 0.8686868686868687 2.0 1.0909090909090908 0.98989898989899 1.4747474747474747 1.6767676767676767 1.5757575757575757 1.4343434343434343 1.7575757575757576 0.9696969696969697 2.0 1.3131313131313131 1.1515151515151516 1.5555555555555556 1.6767676767676767 1.0303030303030303 1.1515151515151516 0.8484848484848485 1.0505050505050506 1.2121212121212122 1.898989898989899 1.5757575757575757 1.6565656565656566 1.1717171717171717 1.8383838383838385 1.4141414141414141 1.4545454545454546 1.97979797979798 1.5555555555555556 1.8383838383838385 1.6161616161616161 1.3535353535353536 1.2323232323232323 1.0707070707070707 1.7575757575757576 1.6363636363636365 1.494949494949495 1.0101010101010102 1.7373737373737375 1.8383838383838385
69 135.0521175681658 2.696969696969697 1.3636363636363635 1.4848484848484849 3.0 2.0 2.757575757575758 1.4848484848484849 2.272727272727273 2.5757575757575757 1.9393939393939394 1.303030303030303 3.0 1.6363636363636365 1.4848484848484849 2.212121212121212 2.515151515151515 2.3636363636363638 2.1515151515151514 2.6363636363636362 1.4545454545454546 3.0 1.9696969696969697 1.7272727272727273 2.3333333333333335 2.515151515151515 1.5454545454545454 1.7272727272727273 1.2727272727272727 1.5757575757575757 1.8181818181818181 2.8484848484848486 2.3636363636363638 2.484848484848485 1.7575757575757576 2.757575757575758 2.121212121212121 2.1818181818181817 2.9696969696969697 2.3333333333333335 2.757575757575758 2.4242424242424243 2.0303030303030303 1.8484848484848484 1.606060606060606 2.6363636363636362 2.4545454545454546 2.242424242424242 1.5151515151515151 2.606060606060606 2.757575757575758
70 7.127956030897203 1.797979797979798 0.9090909090909091 0.98989898989899 2.0 1.3333333333333333 1.8383838383838385 0.98989898989899 1.5151515151515151 1.7171717171717171 1.292929292929293 0.8686868686868687 2.0 1.0909090909090908 0.98989898989899 1.4747474747474747 1.6767676767676767 1.5757575757575757 1.4343434343434343 1.7575757575757576 0.9696969696969697 2.0 1.3131313131313131 1.1515151515151516 1.5555555555555556 1.6767676767676767 1.0303030303030303 1.1515151515151516 0.8484848484848485 1.0505050505050506 1.2121212121212122 1.898989898989899 1.5757575757575757 1.6565656565656566 1.1717171717171717 1.8383838383838385 1.4141414141414141 1.4545454545454546 1.97979797979798 1.5555555555555556 1.8383838383838385 1.6161616161616161 1.3535353535353536 1.2323232323232323 1.0707070707070707 1.7575757575757576 1.6363636363636365 1.494949494949495 1.0101010101010102 1.7373737373737375 1.8383838383838385
71 2.270828586618059 2.696969696969697 1.3636363636363635 1.4848484848484849 3.0 2.0 2.757575757575758 1.4848484848484849 2.272727272727273 2.5757575757575757 1.9393939393939394 1.303030303030303 3.0 1.6363636363636365 1.4848484848484849 2.212121212121212 2.515151515151515 2.3636363636363638 2.1515151515151514 2.6363636363636362 1.4545454545454546 3.0 1.9696969696969697 1.7272727272727273 2.3333333333333335 2.515151515151515 1.5454545454545454 1.7272727272727273 1.2727272727272727 1.5757575757575757 1.8181818181818181 2.8484848484848486 2.3636363636363638 2.484848484848485 1.7575757575757576 2.757575757575758 2.121212121212121 2.1818181818181817 2.9696969696969697 2.3333333333333335 2.757575757575758 2.4242424242424243 2.0303030303030303 1.8484848484848484 1.606060606060606 2.6363636363636362 2.4545454545454546 2.242424242424242 1.5151515151515151 2.606060606060606 2.757575757575758
72 6.3738205185267605 2.696969696969697 1.3636363636363635 1.4848484848484849 3.0 2.0 2.757575757575758 1.4848484848484849 2.272727272727273 2.5757575757575757 1.9393939393939394 1.303030303030303 3.0 1.6363636363636365 1.4848484848484849 2.212121212121212 2.515151515151515 2.3636363636363638 2.1515151515151514 2.6363636363636362 1.4545454545454546 3.0 1.9696969696969697 1.7272727272727273 2.3333333333333335 2.515151515151515 1.5454545454545454 1.7272727272727273 1.2727272727272727 1.5757575757575757 1.8181818181818181 2.8484848484848486 2.3636363636363638 2.484848484848485 1.7575757575757576 2.757575757575758 2.121212121212121 2.1818181818181817 2.9696969696969697 2.3333333333333335 2.757575757575758 2.4242424242424243 2.0303030303030303 1.8484848484848484 1.606060606060606 2.6363636363636362 2.4545454545454546 2.242424242424242 1.5151515151515151 2.606060606060606 2.757575757575758
73 71.0 2.696969696969697 1.3636363636363635 1.4848484848484849 3.0 2.0 2.757575757575758 1.4848484848484849 2.272727272727273 2.5757575757575757 1.9393939393939394 1.303030303030303 3.0 1.6363636363636365 1.4848484848484849 2.212121212121212 2.515151515151515 2.3636363636363638 2.1515151515151514 2.6363636363636362 1.4545454545454546 3.0 1.9696969696969697 1.7272727272727273 2.3333333333333335 2.515151515151515 1.5454545454545454 1.7272727272727273 1.2727272727272727 1.5757575757575757 1.8181818181818181 2.8484848484848486 2.3636363636363638 2.484848484848485 1.7575757575757576 2.757575757575758 2.121212121212121 2.1818181818181817 2.9696969696969697 2.3333333333333335 2.757575757575758 2.4242424242424243 2.0303030303030303 1.8484848484848484 1.606060606060606 2.6363636363636362 2.4545454545454546 2.242424242424242 1.5151515151515151 2.606060606060606 2.757575757575758
74 13.356099987563733 1.797979797979798 0.9090909090909091 0.98989898989899 2.0 1.3333333333333333 1.8383838383838385 0.98989898989899 1.5151515151515151 1.7171717171717171 1.292929292929293 0.8686868686868687 2.0 1.0909090909090908 0.98989898989899 1.4747474747474747 1.6767676767676767 1.5757575757575757 1.4343434343434343 1.7575757575757576 0.9696969696969697 2.0 1.3131313131313131 1.1515151515151516 1.5555555555555556 1.6767676767676767 1.0303030303030303 1.1515151515151516 0.8484848484848485 1.0505050505050506 1.2121212121212122 1.898989898989899 1.5757575757575757 1.6565656565656566 1.1717171717171717 1.8383838383838385 1.4141414141414141 1.4545454545454546 1.97979797979798 1.5555555555555556 1.8383838383838385 1.6161616161616161 1.3535353535353536 1.2323232323232323 1.0707070707070707 1.7575757575757576 1.6363636363636365 1.494949494949495 1.0101010101010102 1.7373737373737375 1.8383838383838385
75 11.535030148423006 2.696969696969697 1.3636363636363635 1.4848484848484849 3.0 2.0 2.757575757575758 1.4848484848484849 2.272727272727273 2.5757575757575757 1.9393939393939394 1.303030303030303 3.0 1.6363636363636365 1.4848484848484849 2.212121212121212 2.515151515151515 2.3636363636363638 2.1515151515151514 2.6363636363636362 1.4545454545454546 3.0 1.9696969696969697 1.7272727272727273 2.3333333333333335 2.515151515151515 1.5454545454545454 1.7272727272727273 1.2727272727272727 1.5757575757575757 1.8181818181818181 2.8484848484848486 2.3636363636363638 2.484848484848485 1.7575757575757576 2.757575757575758 2.121212121212121 2.1818181818181817 2.9696969696969697 2.3333333333333335 2.757575757575758 2.4242424242424243 2.0303030303030303 1.8484848484848484 1.606060606060606 2.6363636363636362 2.4545454545454546 2.242424242424242 1.5151515151515151 2.606060606060606 2.757575757575758
76 142.47215929433972 1.797979797979798 0.9090909090909091 0.98989898989899 2.0 1.3333333333333333 1.8383838383838385 0.98989898989899 1.5151515151515151 1.7171717171717171 1.292929292929293 0.8686868686868687 2.0 1.0909090909090908 0.98989898989899 1.4747474747474747 1.6767676767676767 1.5757575757575757 1.4343434343434343 1.7575757575757576 0.9696969696969697 2.0 1.3131313131313131 1.1515151515151516 1.5555555555555556 1.6767676767676767 1.0303030303030303 1.1515151515151516 0.8484848484848485 1.0505050505050506 1.2121212121212122 1.898989898989899 1.5757575757575757 1.6565656565656566 1.1717171717171717 1.8383838383838385 1.4141414141414141 1.4545454545454546 1.97979797979798 1.5555555555555556 1.8383838383838385 1.6161616161616161 1.3535353535353536 1.2323232323232323 1.0707070707070707 1.7575757575757576 1.6363636363636365 1.494949494949495 1.0101010101010102 1.7373737373737375 1.8383838383838385
77 46.04051209659906 1.797979797979798 0.9090909090909091 0.98989898989899 2.0 1.3333333333333333 1.8383838383838385 0.98989898989899 1.5151515151515151 1.7171717171717171 1.292929292929293 0.8686868686868687 2.0 1.0909090909090908 0.98989898989899 1.4747474747474747 1.6767676767676767 1.5757575757575757 1.4343434343434343 1.7575757575757576 0.9696969696969697 2.0 1.3131313131313131 1.1515151515151516 1.5555555555555556 1.6767676767676767 1.0303030303030303 1.1515151515151516 0.8484848484848485 1.0505050505050506 1.2121212121212122 1.898989898989899 1.5757575757575757 1.6565656565656566 1.1717171717171717 1.8383838383838385 1.4141414141414141 1.4545454545454546 1.97979797979798 1.5555555555555556 1.8383838383838385 1.6161616161616161 1.3535353535353536 1.2323232323232323 1.0707070707070707 1.7575757575757576 1.6363636363636365 1.494949494949495 1.0101010101010102 1.7373737373737375 1.8383838383838385
78 15.896022291884368 2.696969696969697 1.3636363636363635 1.4848484848484849 3.0 2.0 2.757575757575758 1.4848484848484849 2.272727272727273 2.5757575757575757 1.9393939393939394 1.303030303030303 3.0 1.6363636363636365 1.4848484848484849 2.212121212121212 2.515151515151515 2.3636363636363638 2.1515151515151514 2.6363636363636362 1.4545454545454546 3.0 1.9696969696969697 1.7272727272727273 2.3333333333333335 2.515151515151515 1.5454545454545454 1.7272727272727273 1.2727272727272727 1.5757575757575757 1.8181818181818181 2.8484848484848486 2.3636363636363638 2.484848484848485 1.7575757575757576 2.757575757575758 2.121212121212121 2.1818181818181817 2.9696969696969697 2.3333333333333335 2.757575757575758 2.4242424242424243 2.0303030303030303 1.8484848484848484 1.606060606060606 2.6363636363636362 2.4545454545454546 2.242424242424242 1.5151515151515151 2.606060606060606 2.757575757575758
79 100.8811928301583 2.696969696969697 1.3636363636363635 1.4848484848484849 3.0 2.0 2.757575757575758 1.4848484848484849 2.272727272727273 2.5757575757575757 1.9393939393939394 1.303030303030303 3.0 1.6363636363636365 1.4848484848484849 2.212121212121212 2.515151515151515 2.3636363636363638 2.1515151515151514 2.6363636363636362 1.4545454545454546 3.0 1.9696969696969697 1.7272727272727273 2.3333333333333335 2.515151515151515 1.5454545454545454 1.7272727272727273 1.2727272727272727 1.5757575757575757 1.8181818181818181 2.8484848484848486 2.3636363636363638 2.484848484848485 1.7575757575757576 2.757575757575758 2.121212121212121 2.1818181818181817 2.9696969696969697 2.3333333333333335 2.757575757575758 2.4242424242424243 2.0303030303030303 1.8484848484848484 1.606060606060606 2.6363636363636362 2.4545454545454546 2.242424242424242 1.5151515151515151 2.606060606060606 2.757575757575758
80 32.50411167376681 2.696969696969697 1.3636363636363635 1.4848484848484849 3.0 2.0 2.757575757575758 1.4848484848484849 2.272727272727273 2.5757575757575757 1.9393939393939394 1.303030303030303 3.0 1.6363636363636365 1.4848484848484849 2.212121212121212 2.515151515151515 2.3636363636363638 2.1515151515151514 2.6363636363636362 1.4545454545454546 3.0 1.9696969696969697 1.7272727272727273 2.3333333333333335 2.515151515151515 1.5454545454545454 1.7272727272727273 1.2727272727272727 1.5757575757575757 1.8181818181818181 2.8484848484848486 2.3636363636363638 2.484848484848485 1.7575757575757576 2.757575757575758 2.121212121212121 2.1818181818181817 2.9696969696969697 2.3333333333333335 2.757575757575758 2.4242424242424243 2.0303030303030303 1.8484848484848484 1.606060606060606 2.6363636363636362 2.4545454545454546 2.242424242424242 1.5151515151515151 2.606060606060606 2.757575757575758
81 101.34978354978354 2.696969696969697 1.3636363636363635 1.4848484848484849 3.0 2.0 2.757575757575758 1.4848484848484849 2.272727272727273 2.5757575757575757 1.9393939393939394 1.303030303030303 3.0 1.6363636363636365 1.4848484848484849 2.212121212121212 2.515151515151515 2.3636363636363638 2.1515151515151514 2.6363636363636362 1.4545454545454546 3.0 1.9696969696969697 1.7272727272727273 2.3333333333333335 2.515151515151515 1.5454545454545454 1.7272727272727273 1.2727272727272727 1.5757575757575757 1.8181818181818181 2.8484848484848486 2.3636363636363638 2.484848484848485 1.7575757575757576 2.757575757575758 2.121212121212121 2.1818181818181817 2.9696969696969697 2.3333333333333335 2.757575757575758 2.4242424242424243 2.0303030303030303 1.8484848484848484 1.606060606060606 2.6363636363636362 2.4545454545454546 2.242424242424242 1.5151515151515151 2.606060606060606 2.757575757575758
82 126.01565056821381 2.696969696969697 1.3636363636363635 1.4848484848484849 3.0 2.0 2.757575757575758 1.4848484848484849 2.272727272727273 2.5757575757575757 1.9393939393939394 1.303030303030303 3.0 1.6363636363636365 1.4848484848484849 2.212121212121212 2.515151515151515 2.3636363636363638 2.1515151515151514 2.6363636363636362 1.4545454545454546 3.0 1.9696969696969697 1.7272727272727273 2.3333333333333335 2.515151515151515 1.5454545454545454 1.7272727272727273 1.2727272727272727 1.5757575757575757 1.8181818181818181 2.8484848484848486 2.3636363636363638 2.484848484848485 1.7575757575757576 2.757575757575758 2.121212121212121 2.1818181818181817 2.9696969696969697 2.3333333333333335 2.757575757575758 2.4242424242424243 2.0303030303030303 1.8484848484848484 1.606060606060606 2.6363636363636362 2.4545454545454546 2.242424242424242 1.5151515151515151 2.606060606060606 2.757575757575758
83 23.608107704261553 2.696969696969697 1.3636363636363635 1.4848484848484849 3.0 2.0 2.757575757575758 1.4848484848484849 2.272727272727273 2.5757575757575757 1.9393939393939394 1.303030303030303 3.0 1.6363636363636365 1.4848484848484849 2.212121212121212 2.515151515151515 2.3636363636363638 2.1515151515151514 2.6363636363636362 1.4545454545454546 3.0 1.9696969696969697 1.7272727272727273 2.3333333333333335 2.515151515151515 1.5454545454545454 1.7272727272727273 1.2727272727272727 1.5757575757575757 1.8181818181818181 2.8484848484848486 2.3636363636363638 2.484848484848485 1.7575757575757576 2.757575757575758 2.121212121212121 2.1818181818181817 2.9696969696969697 2.3333333333333335 2.757575757575758 2.4242424242424243 2.0303030303030303 1.8484848484848484 1.606060606060606 2.6363636363636362 2.4545454545454546 2.242424242424242 1.5151515151515151 2.606060606060606 2.757575757575758
84 61.16368611227482 2.696969696969697 1.3636363636363635 1.4848484848484849 3.0 2.0 2.757575757575758 1.4848484848484849 2.272727272727273 2.5757575757575757 1.9393939393939394 1.303030303030303 3.0 1.6363636363636365 1.4848484848484849 2.212121212121212 2.515151515151515 2.3636363636363638 2.1515151515151514 2.6363636363636362 1.4545454545454546 3.0 1.9696969696969697 1.7272727272727273 2.3333333333333335 2.515151515151515 1.5454545454545454 1.7272727272727273 1.2727272727272727 1.5757575757575757 1.8181818181818181 2.8484848484848486 2.3636363636363638 2.484848484848485 1.7575757575757576 2.757575757575758 2.121212121212121 2.1818181818181817 2.9696969696969697 2.3333333333333335 2.757575757575758 2.4242424242424243 2.0303030303030303 1.8484848484848484 1.606060606060606 2.6363636363636362 2.4545454545454546 2.242424242424242 1.5151515151515151 2.606060606060606 2.757575757575758
85 301.37010746913484 1.797979797979798 0.9090909090909091 0.98989898989899 2.0 1.3333333333333333 1.8383838383838385 0.98989898989899 1.5151515151515151 1.7171717171717171 1.292929292929293 0.8686868686868687 2.0 1.0909090909090908 0.98989898989899 1.4747474747474747 1.6767676767676767 1.5757575757575757 1.4343434343434343 1.7575757575757576 0.9696969696969697 2.0 1.3131313131313131 1.1515151515151516 1.5555555555555556 1.6767676767676767 1.0303030303030303 1.1515151515151516 0.8484848484848485 1.0505050505050506 1.2121212121212122 1.898989898989899 1.5757575757575757 1.6565656565656566 1.1717171717171717 1.8383838383838385 1.4141414141414141 1.4545454545454546 1.97979797979798 1.5555555555555556 1.8383838383838385 1.6161616161616161 1.3535353535353536 1.2323232323232323 1.0707070707070707 1.7575757575757576 1.6363636363636365 1.494949494949495 1.0101010101010102 1.7373737373737375 1.8383838383838385
86 156.86012519172573 1.797979797979798 0.9090909090909091 0.98989898989899 2.0 1.3333333333333333 1.8383838383838385 0.98989898989899 1.5151515151515151 1.7171717171717171 1.292929292929293 0.8686868686868687 2.0 1.0909090909090908 0.98989898989899 1.4747474747474747 1.6767676767676767 1.5757575757575757 1.4343434343434343 1.7575757575757576 0.9696969696969697 2.0 1.3131313131313131 1.1515151515151516 1.5555555555555556 1.6767676767676767 1.0303030303030303 1.1515151515151516 0.8484848484848485 1.0505050505050506 1.2121212121212122 1.898989898989899 1.5757575757575757 1.6565656565656566 1.1717171717171717 1.8383838383838385 1.4141414141414141 1.4545454545454546 1.97979797979798 1.5555555555555556 1.8383838383838385 1.6161616161616161 1.3535353535353536 1.2323232323232323 1.0707070707070707 1.7575757575757576 1.6363636363636365 1.494949494949495 1.0101010101010102 1.7373737373737375 1.8383838383838385
87 162.1886772224971 2.696969696969697 1.3636363636363635 1.4848484848484849 3.0 2.0 2.757575757575758 1.4848484848484849 2.272727272727273 2.5757575757575757 1.9393939393939394 1.303030303030303 3.0 1.6363636363636365 1.4848484848484849 2.212121212121212 2.515151515151515 2.3636363636363638 2.1515151515151514 2.6363636363636362 1.4545454545454546 3.0 1.9696969696969697 1.7272727272727273 2.3333333333333335 2.515151515151515 1.5454545454545454 1.7272727272727273 1.2727272727272727 1.5757575757575757 1.8181818181818181 2.8484848484848486 2.3636363636363638 2.484848484848485 1.7575757575757576 2.757575757575758 2.121212121212121 2.1818181818181817 2.9696969696969697 2.3333333333333335 2.757575757575758 2.4242424242424243 2.0303030303030303 1.8484848484848484 1.606060606060606 2.6363636363636362 2.4545454545454546 2.242424242424242 1.5151515151515151 2.606060606060606 2.757575757575758
88 101.1438095238095 2.696969696969697 1.3636363636363635 1.4848484848484849 3.0 2.0 2.757575757575758 1.4848484848484849 2.272727272727273 2.5757575757575757 1.9393939393939394 1.303030303030303 3.0 1.6363636363636365 1.4848484848484849 2.212121212121212 2.515151515151515 2.3636363636363638 2.1515151515151514 2.6363636363636362 1.4545454545454546 3.0 1.9696969696969697 1.7272727272727273 2.3333333333333335 2.515151515151515 1.5454545454545454 1.7272727272727273 1.2727272727272727 1.5757575757575757 1.8181818181818181 2.8484848484848486 2.3636363636363638 2.484848484848485 1.7575757575757576 2.757575757575758 2.121212121212121 2.1818181818181817 2.9696969696969697 2.3333333333333335 2.757575757575758 2.4242424242424243 2.0303030303030303 1.8484848484848484 1.606060606060606 2.6363636363636362 2.4545454545454546 2.242424242424242 1.5151515151515151 2.606060606060606 2.757575757575758
89 80.59323656890243 2.696969696969697 1.3636363636363635 1.4848484848484849 3.0 2.0 2.757575757575758 1.4848484848484849 2.272727272727273 2.5757575757575757 1.9393939393939394 1.303030303030303 3.0 1.6363636363636365 1.4848484848484849 2.212121212121212 2.515151515151515 2.3636363636363638 2.1515151515151514 2.6363636363636362 1.4545454545454546 3.0 1.9696969696969697 1.7272727272727273 2.3333333333333335 2.515151515151515 1.5454545454545454 1.7272727272727273 1.2727272727272727 1.5757575757575757 1.8181818181818181 2.8484848484848486 2.3636363636363638 2.484848484848485 1.7575757575757576 2.757575757575758 2.121212121212121 2.1818181818181817 2.9696969696969697 2.3333333333333335 2.757575757575758 2.4242424242424243 2.0303030303030303 1.8484848484848484 1.606060606060606 2.6363636363636362 2.4545454545454546 2.242424242424242 1.5151515151515151 2.606060606060606 2.757575757575758
90 21.281792281792292 2.696969696969697 1.3636363636363635 1.4848484848484849 3.0 2.0 2.757575757575758 1.4848484848484849 2.272727272727273 2.5757575757575757 1.9393939393939394 1.303030303030303 3.0 1.6363636363636365 1.4848484848484849 2.212121212121212 2.515151515151515 2.3636363636363638 2.1515151515151514 2.6363636363636362 1.4545454545454546 3.0 1.9696969696969697 1.7272727272727273 2.3333333333333335 2.515151515151515 1.5454545454545454 1.7272727272727273 1.2727272727272727 1.5757575757575757 1.8181818181818181 2.8484848484848486 2.3636363636363638 2.484848484848485 1.7575757575757576 2.757575757575758 2.121212121212121 2.1818181818181817 2.9696969696969697 2.3333333333333335 2.757575757575758 2.4242424242424243 2.0303030303030303 1.8484848484848484 1.606060606060606 2.6363636363636362 2.4545454545454546 2.242424242424242 1.5151515151515151 2.606060606060606 2.757575757575758
91 153.5606638724286 2.696969696969697 1.3636363636363635 1.4848484848484849 3.0 2.0 2.757575757575758 1.4848484848484849 2.272727272727273 2.5757575757575757 1.9393939393939394 1.303030303030303 3.0 1.6363636363636365 1.4848484848484849 2.212121212121212 2.515151515151515 2.3636363636363638 2.1515151515151514 2.6363636363636362 1.4545454545454546 3.0 1.9696969696969697 1.7272727272727273 2.3333333333333335 2.515151515151515 1.5454545454545454 1.7272727272727273 1.2727272727272727 1.5757575757575757 1.8181818181818181 2.8484848484848486 2.3636363636363638 2.484848484848485 1.7575757575757576 2.757575757575758 2.121212121212121 2.1818181818181817 2.9696969696969697 2.3333333333333335 2.757575757575758 2.4242424242424243 2.0303030303030303 1.8484848484848484 1.606060606060606 2.6363636363636362 2.4545454545454546 2.242424242424242 1.5151515151515151 2.606060606060606 2.757575757575758
92 86.19064781387141 1.797979797979798 0.9090909090909091 0.98989898989899 2.0 1.3333333333333333 1.8383838383838385 0.98989898989899 1.5151515151515151 1.7171717171717171 1.292929292929293 0.8686868686868687 2.0 1.0909090909090908 0.98989898989899 1.4747474747474747 1.6767676767676767 1.5757575757575757 1.4343434343434343 1.7575757575757576 0.9696969696969697 2.0 1.3131313131313131 1.1515151515151516 1.5555555555555556 1.6767676767676767 1.0303030303030303 1.1515151515151516 0.8484848484848485 1.0505050505050506 1.2121212121212122 1.898989898989899 1.5757575757575757 1.6565656565656566 1.1717171717171717 1.8383838383838385 1.4141414141414141 1.4545454545454546 1.97979797979798 1.5555555555555556 1.8383838383838385 1.6161616161616161 1.3535353535353536 1.2323232323232323 1.0707070707070707 1.7575757575757576 1.6363636363636365 1.494949494949495 1.0101010101010102 1.7373737373737375 1.8383838383838385
93 84.36566745101584 2.696969696969697 1.3636363636363635 1.4848484848484849 3.0 2.0 2.757575757575758 1.4848484848484849 2.272727272727273 2.5757575757575757 1.9393939393939394 1.303030303030303 3.0 1.6363636363636365 1.4848484848484849 2.212121212121212 2.515151515151515 2.3636363636363638 2.1515151515151514 2.6363636363636362 1.4545454545454546 3.0 1.9696969696969697 1.7272727272727273 2.3333333333333335 2.515151515151515 1.5454545454545454 1.7272727272727273 1.2727272727272727 1.5757575757575757 1.8181818181818181 2.8484848484848486 2.3636363636363638 2.484848484848485 1.7575757575757576 2.757575757575758 2.121212121212121 2.1818181818181817 2.9696969696969697 2.3333333333333335 2.757575757575758 2.4242424242424243 2.0303030303030303 1.8484848484848484 1.606060606060606 2.6363636363636362 2.4545454545454546 2.242424242424242 1.5151515151515151 2.606060606060606 2.757575757575758
94 5.013388543823327 1.797979797979798 0.9090909090909091 0.98989898989899 2.0 1.3333333333333333 1.8383838383838385 0.98989898989899 1.5151515151515151 1.7171717171717171 1.292929292929293 0.8686868686868687 2.0 1.0909090909090908 0.98989898989899 1.4747474747474747 1.6767676767676767 1.5757575757575757 1.4343434343434343 1.7575757575757576 0.9696969696969697 2.0 1.3131313131313131 1.1515151515151516 1.5555555555555556 1.6767676767676767 1.0303030303030303 1.1515151515151516 0.8484848484848485 1.0505050505050506 1.2121212121212122 1.898989898989899 1.5757575757575757 1.6565656565656566 1.1717171717171717 1.8383838383838385 1.4141414141414141 1.4545454545454546 1.97979797979798 1.5555555555555556 1.8383838383838385 1.6161616161616161 1.3535353535353536 1.2323232323232323 1.0707070707070707 1.7575757575757576 1.6363636363636365 1.494949494949495 1.0101010101010102 1.7373737373737375 1.8383838383838385
95 55.03616456724552 2.696969696969697 1.3636363636363635 1.4848484848484849 3.0 2.0 2.757575757575758 1.4848484848484849 2.272727272727273 2.5757575757575757 1.9393939393939394 1.303030303030303 3.0 1.6363636363636365 1.4848484848484849 2.212121212121212 2.515151515151515 2.3636363636363638 2.1515151515151514 2.6363636363636362 1.4545454545454546 3.0 1.9696969696969697 1.7272727272727273 2.3333333333333335 2.515151515151515 1.5454545454545454 1.7272727272727273 1.2727272727272727 1.5757575757575757 1.8181818181818181 2.8484848484848486 2.3636363636363638 2.484848484848485 1.7575757575757576 2.757575757575758 2.121212121212121 2.1818181818181817 2.9696969696969697 2.3333333333333335 2.757575757575758 2.4242424242424243 2.0303030303030303 1.8484848484848484 1.606060606060606 2.6363636363636362 2.4545454545454546 2.242424242424242 1.5151515151515151 2.606060606060606 2.757575757575758
96 174.30666666666656 2.696969696969697 1.3636363636363635 1.4848484848484849 3.0 2.0 2.757575757575758 1.4848484848484849 2.272727272727273 2.5757575757575757 1.9393939393939394 1.303030303030303 3.0 1.6363636363636365 1.4848484848484849 2.212121212121212 2.515151515151515 2.3636363636363638 2.1515151515151514 2.6363636363636362 1.4545454545454546 3.0 1.9696969696969697 1.7272727272727273 2.3333333333333335 2.515151515151515 1.5454545454545454 1.7272727272727273 1.2727272727272727 1.5757575757575757 1.8181818181818181 2.8484848484848486 2.3636363636363638 2.484848484848485 1.7575757575757576 2.757575757575758 2.121212121212121 2.1818181818181817 2.9696969696969697 2.3333333333333335 2.757575757575758 2.4242424242424243 2.0303030303030303 1.8484848484848484 1.606060606060606 2.6363636363636362 2.4545454545454546 2.242424242424242 1.5151515151515151 2.606060606060606 2.757575757575758
97 57.78550057457035 1.797979797979798 0.9090909090909091 0.98989898989899 2.0 1.3333333333333333 1.8383838383838385 0.98989898989899 1.5151515151515151 1.7171717171717171 1.292929292929293 0.8686868686868687 2.0 1.0909090909090908 0.98989898989899 1.4747474747474747 1.6767676767676767 1.5757575757575757 1.4343434343434343 1.7575757575757576 0.9696969696969697 2.0 1.3131313131313131 1.1515151515151516 1.5555555555555556 1.6767676767676767 1.0303030303030303 1.1515151515151516 0.8484848484848485 1.0505050505050506 1.2121212121212122 1.898989898989899 1.5757575757575757 1.6565656565656566 1.1717171717171717 1.8383838383838385 1.4141414141414141 1.4545454545454546 1.97979797979798 1.5555555555555556 1.8383838383838385 1.6161616161616161 1.3535353535353536 1.2323232323232323 1.0707070707070707 1.7575757575757576 1.6363636363636365 1.494949494949495 1.0101010101010102 1.7373737373737375 1.8383838383838385
98 32.79804322661466 1.797979797979798 0.9090909090909091 0.98989898989899 2.0 1.3333333333333333 1.8383838383838385 0.98989898989899 1.5151515151515151 1.7171717171717171 1.292929292929293 0.8686868686868687 2.0 1.0909090909090908 0.98989898989899 1.4747474747474747 1.6767676767676767 1.5757575757575757 1.4343434343434343 1.7575757575757576 0.9696969696969697 2.0 1.3131313131313131 1.1515151515151516 1.5555555555555556 1.6767676767676767 1.0303030303030303 1.1515151515151516 0.8484848484848485 1.0505050505050506 1.2121212121212122 1.898989898989899 1.5757575757575757 1.6565656565656566 1.1717171717171717 1.8383838383838385 1.4141414141414141 1.4545454545454546 1.97979797979798 1.5555555555555556 1.8383838383838385 1.6161616161616161 1.3535353535353536 1.2323232323232323 1.0707070707070707 1.7575757575757576 1.6363636363636365 1.494949494949495 1.0101010101010102 1.7373737373737375 1.8383838383838385
99 108.50960944847907 2.696969696969697 1.3636363636363635 1.4848484848484849 3.0 2.0 2.757575757575758 1.4848484848484849 2.272727272727273 2.5757575757575757 1.9393939393939394 1.303030303030303 3.0 1.6363636363636365 1.4848484848484849 2.212121212121212 2.515151515151515 2.3636363636363638 2.1515151515151514 2.6363636363636362 1.4545454545454546 3.0 1.9696969696969697 1.7272727272727273 2.3333333333333335 2.515151515151515 1.5454545454545454 1.7272727272727273 1.2727272727272727 1.5757575757575757 1.8181818181818181 2.8484848484848486 2.3636363636363638 2.484848484848485 1.7575757575757576 2.757575757575758 2.121212121212121 2.1818181818181817 2.9696969696969697 2.3333333333333335 2.757575757575758 2.4242424242424243 2.0303030303030303 1.8484848484848484 1.606060606060606 2.6363636363636362 2.4545454545454546 2.242424242424242 1.5151515151515151 2.606060606060606 2.757575757575758
