80 40
TREE NETWORK (nID nID Weight):
3 0 39
15 0 37
45 0 40
21 3 34
48 45 32
2 45 34
52 2 48
8 52 43
73 45 56
5 21 58
63 52 40
13 15 51
44 52 35
29 21 36
58 48 55
51 21 52
43 45 45
30 73 47
61 45 55
57 73 35
66 44 56
78 13 55
19 52 34
25 61 33
10 44 46
27 44 55
72 15 49
7 25 33
68 61 47
33 29 51
49 19 38
6 51 34
56 25 38
18 30 59
9 57 51
37 13 34
40 37 46
42 33 56
47 78 54
17 43 59
62 2 43
54 5 30
69 21 38
12 57 34
16 27 30
65 61 47
71 15 52
59 44 41
35 42 57
32 51 32
24 30 31
70 18 41
75 65 51
39 19 46
34 42 44
31 65 40
26 17 44
14 57 33
77 3 36
28 42 32
38 0 51
23 33 54
60 0 45
22 0 45
74 6 42
79 43 57
20 26 50
41 42 30
11 39 43
50 29 52
4 13 34
1 33 45
36 1 45
76 13 42
64 19 43
53 48 39
46 21 41
67 53 34
55 37 52
PROGRAMS ASSIGNED TO NODES (nID pID1 pID2 ...):
0 1 2 3 4 5 6 7 8 9 10 11 12 13 14 15 16 17 18 19 20 21 22 23 24 25 26 27 28 29 30 31 32 33 34 35 36 37 38 39 40
1 33 35 36 39 40 8 9 13 14 16 17 18 20 22 23 25 27 29 31
3 1 2 3 4 5 6 7 8 9 10 11 12 14 15 16 17 18 19 20 21 22 23 24 25 26 27 28 29 30 31 32 34 35 36 37 38 39 40
5 26 11 12
6 32 35 4 37 38 6 39 8 40 10 11 12 13 15 17 20 21 22 24 26 29 31
7 1 4 36 37 38 6 39 8 10 12 14 26 29 30 31
8 1 2 3 4 5 6 7 8 9 10 11 13 14 15 16 17 18 19 20 21 22 23 24 25 26 27 28 29 30 31 32 33 35 36 37 38 39 40
9 2 3 4 37 38 8 12 13 14 16 17 18 23 24 28 29 30
10 32 1 2 3 35 36 8 40 10 11 13 14 15 17 19 21 23 25 26 28 29 31
11 2 3 5 6 7 10 11 12 13 14 15 18 20 21 22 24 25 26 27 29 30 32 33 35 36 37 40
12 32 34 2 35 4 5 37 38 6 39 7 8 13 14 18 19 23 24 27 28 29 31
14 1 3 4 5 6 7 8 9 10 11 12 13 15 16 17 18 20 21 22 23 24 26 28 29 30 31 32 33 34 35 36 37 38 39 40
15 3 4 5 7 9 10 12 13 14 15 16 17 18 19 20 21 22 23 24 25 26 27 28 29 31 32 33 34 35 36 37 38 39 40
16 1 2 34 35 36 37 9 10 12 13 17 19 27 31
17 32 1 33 35 36 20 37 22 9 29
18 33 1 34 2 3 4 37 40 9 10 12 13 16 17 19 20 22 24 25 26 27 29 31
19 34 2 3 35 36 4 38 9 10 13 14 18 21 22 23 25 26 27 28 31
20 1 3 4 5 6 7 9 10 11 12 13 15 16 17 18 19 20 21 22 23 24 25 27 28 30 31 32 33 34 35 36 37 38 40
21 1 2 3 4 5 6 8 9 10 11 13 15 17 18 19 20 22 23 25 27 28 29 30 31 32 33 34 36 37 38 39 40
22 1 2 3 4 5 6 7 8 9 10 11 12 13 14 15 16 17 18 19 20 23 24 25 26 27 28 29 30 32 33 34 35 36 37 38 40
23 2 3 4 5 6 9 12 13 14 15 16 17 19 20 22 23 24 25 26 27 28 30 31 32 33 34 35 37 40
24 1 2 3 5 6 7 8 9 10 11 12 13 14 15 16 17 18 19 20 21 22 23 24 25 26 27 28 29 30 31 32 33 34 35 36 37 38 39 40
25 1 2 4 5 8 9 11 12 13 14 17 19 20 21 22 24 25 26 29 31 32 33 34 35 36 38 39 40
26 32 1 34 2 3 35 6 38 39 10 13 14 15 16 17 18 19 21 22 23 26 30 31
27 1 35 21 22 30
28 1 2 3 4 6 7 8 9 10 11 12 13 14 15 16 17 18 19 20 21 22 23 24 25 26 27 29 30 31 32 33 34 35 36 37 39
30 1 2 3 4 6 8 10 11 12 13 14 16 17 18 19 20 21 23 25 27 28 29 31 32 33 34 37 38 40
31 24
33 32 34 2 35 4 38 8 40 9 10 11 13 14 15 16 17 20 25 26 28 31
34 1 2 3 37 6 7 9 10 12 18 22 23 26 29 30 31
35 16 34 35 5 38 39 8 10 11 27 15
36 1 2 3 5 6 8 9 11 12 13 14 16 17 18 19 21 24 25 26 28 29 30 31 32 37 39 40
37 1 17 2 35 40 25 26 30 31
38 32 34 35 36 37 5 7 40 12 15 22 25 26 27
39 2 36 22 39 24 9
40 2 4 6 7 8 10 11 12 13 14 16 17 18 19 20 21 22 23 25 27 28 29 30 31 32 33 34 35 36 37 38 39 40
41 1 2 5 6 7 8 9 11 12 14 15 16 17 18 19 20 21 22 23 24 25 26 27 28 29 31 33 34 35 36 37 38 39 40
42 1 3 7 9 10 12 13 14 15 17 18 19 20 24 25 27 28 30 31 32 34 36 37 38 40
43 32 1 2 3 4 5 37 6 38 7 39 8 9 12 13 14 18 19 21 23 24 26 29 31
46 1 2 6 7 9 10 11 12 14 16 19 20 21 22 24 25 26 27 28 31 32 33 34 36 39 40
47 16 35 36 38 39 24 9 11 13 14
48 1 3 5 6 8 9 10 11 12 13 14 15 16 18 19 20 22 23 24 26 27 28 30 31 32 33 34 36 37 38 39 40
49 32
50 16 1 19 5 40 8 25 9 12
51 18 3 37 38 39 8 24 25 10 27 29 30
53 1 2 3 4 5 6 7 8 9 11 12 13 14 15 16 17 18 19 20 21 22 23 24 26 29 30 31 32 33 34 35 36 38 39 40
54 16 40 28
55 1 2 3 4 5 6 7 9 10 11 12 14 15 16 17 18 19 20 21 22 23 24 25 26 27 28 29 30 31 33 34 35 37 38 39 40
56 1 2 4 5 9 10 12 17 18 21 24 25 26 27 28 29 30 31 32 33 34 36 37 39 40
57 33 35 27 30
58 35 5 38 7 11 12 13 14 16 17 20 22 24 26 28 31
59 2 3 4 5 6 7 8 9 10 11 12 13 14 15 16 17 18 19 20 21 22 23 24 25 26 27 28 29 30 31 32 33 34 35 36 37 38 39 40
60 33 2 35 3 36 5 6 13 18 19 20 22 26 27 31
61 32 3 36 38 24 11 29
62 32 2 34 35 38 6 7 40 8 10 12 13 20 21 22 24 25 26 27 31
63 17 19 6 22 9 11 28 13 31
64 1 2 36 5 6 7 8 10 12 14 19 21 22 25 28 31
65 36 22 38 6 40 11 27 14
66 1 2 3 4 6 7 8 9 10 11 12 13 14 15 16 17 18 19 20 21 24 25 26 27 28 29 30 31 32 33 34 35 36 37 38 40
67 1 3 4 5 6 7 8 9 10 12 13 15 16 17 21 22 23 24 25 26 27 29 30 32 34 35 37 38 39
68 2 3 4 5 6 7 8 9 10 12 14 15 16 17 18 20 21 22 24 25 26 27 29 30 31 32 34 36 37 38 40
69 32 2 3 4 37 38 7 39 8 11 15 17 18 19 21 22 23 26 27 28 31
70 16 1 19 20 8 24 27 15
71 1 19 4 36 23 28 13
72 17 20 37 23 11 28
73 32 1 34 35 6 39 10 13 17 19 24 25 28
74 32 17 22 40 9
75 18 3 21 5 26 29
76 1 2 3 4 5 6 7 8 9 10 11 12 13 14 15 16 17 18 19 20 21 22 23 24 25 26 27 28 29 30 31 33 34 35 36 37 38 39 40
77 1 2 3 4 5 6 7 9 10 11 12 13 14 15 16 17 18 19 20 21 22 23 24 25 26 27 30 31 32 33 34 35 37 38 39 40
78 2 3 5 11 15
79 2 3 4 5 7 8 9 10 12 13 14 16 17 18 19 20 23 25 26 28 29 31 32 33 34 35 36 37 38 39 40
SIZE OF PROGRAMS (pID SIZE):
1 57.0
2 73.0
3 42.0
4 80.0
5 49.0
6 55.0
7 43.0
8 88.0
9 62.0
10 43.0
11 60.0
12 50.0
13 90.0
14 83.0
15 70.0
16 69.0
17 90.0
18 40.0
19 48.0
20 89.0
21 40.0
22 55.0
23 97.0
24 77.0
25 97.0
26 86.0
27 73.0
28 64.0
29 63.0
30 80.0
31 73.0
32 93.0
33 88.0
34 44.0
35 47.0
36 41.0
37 70.0
38 87.0
39 78.0
40 75.0
COST TO INSTALL SERVERS AND PROGRAMS ON NODES (COST_TO_INSTALL_SERVER COST_TO_INSTALL_pID1 ...):
0 6585.567010309279 1.175257731958763 1.5051546391752577 0.865979381443299 1.6494845360824741 1.0103092783505154 1.134020618556701 0.8865979381443299 1.8144329896907216 1.2783505154639174 0.8865979381443299 1.2371134020618557 1.0309278350515463 1.8556701030927836 1.711340206185567 1.443298969072165 1.422680412371134 1.8556701030927836 0.8247422680412371 0.9896907216494846 1.8350515463917525 0.8247422680412371 1.134020618556701 2.0 1.5876288659793814 2.0 1.7731958762886597 1.5051546391752577 1.3195876288659794 1.2989690721649485 1.6494845360824741 1.5051546391752577 1.9175257731958764 1.8144329896907216 0.9072164948453608 0.9690721649484536 0.845360824742268 1.443298969072165 1.7938144329896908 1.6082474226804124 1.5463917525773196
1 62.720632551196545 1.7628865979381443 2.2577319587628866 1.2989690721649485 2.4742268041237114 1.5154639175257731 1.7010309278350515 1.3298969072164948 2.7216494845360826 1.9175257731958764 1.3298969072164948 1.8556701030927836 1.5463917525773196 2.783505154639175 2.5670103092783507 2.1649484536082473 2.134020618556701 2.783505154639175 1.2371134020618557 1.4845360824742269 2.752577319587629 1.2371134020618557 1.7010309278350515 3.0 2.381443298969072 3.0 2.6597938144329896 2.2577319587628866 1.9793814432989691 1.9484536082474226 2.4742268041237114 2.2577319587628866 2.8762886597938144 2.7216494845360826 1.3608247422680413 1.4536082474226804 1.268041237113402 2.1649484536082473 2.6907216494845363 2.4123711340206184 2.3195876288659796
2 15.826908473723908 1.7628865979381443 2.2577319587628866 1.2989690721649485 2.4742268041237114 1.5154639175257731 1.7010309278350515 1.3298969072164948 2.7216494845360826 1.9175257731958764 1.3298969072164948 1.8556701030927836 1.5463917525773196 2.783505154639175 2.5670103092783507 2.1649484536082473 2.134020618556701 2.783505154639175 1.2371134020618557 1.4845360824742269 2.752577319587629 1.2371134020618557 1.7010309278350515 3.0 2.381443298969072 3.0 2.6597938144329896 2.2577319587628866 1.9793814432989691 1.9484536082474226 2.4742268041237114 2.2577319587628866 2.8762886597938144 2.7216494845360826 1.3608247422680413 1.4536082474226804 1.268041237113402 2.1649484536082473 2.6907216494845363 2.4123711340206184 2.3195876288659796
3 2.7211736716891326 1.175257731958763 1.5051546391752577 0.865979381443299 1.6494845360824741 1.0103092783505154 1.134020618556701 0.8865979381443299 1.8144329896907216 1.2783505154639174 0.8865979381443299 1.2371134020618557 1.0309278350515463 1.8556701030927836 1.711340206185567 1.443298969072165 1.422680412371134 1.8556701030927836 0.8247422680412371 0.9896907216494846 1.8350515463917525 0.8247422680412371 1.134020618556701 2.0 1.5876288659793814 2.0 1.7731958762886597 1.5051546391752577 1.3195876288659794 1.2989690721649485 1.6494845360824741 1.5051546391752577 1.9175257731958764 1.8144329896907216 0.9072164948453608 0.9690721649484536 0.845360824742268 1.443298969072165 1.7938144329896908 1.6082474226804124 1.5463917525773196
4 35.0 1.175257731958763 1.5051546391752577 0.865979381443299 1.6494845360824741 1.0103092783505154 1.134020618556701 0.8865979381443299 1.8144329896907216 1.2783505154639174 0.8865979381443299 1.2371134020618557 1.0309278350515463 1.8556701030927836 1.711340206185567 1.443298969072165 1.422680412371134 1.8556701030927836 0.8247422680412371 0.9896907216494846 1.8350515463917525 0.8247422680412371 1.134020618556701 2.0 1.5876288659793814 2.0 1.7731958762886597 1.5051546391752577 1.3195876288659794 1.2989690721649485 1.6494845360824741 1.5051546391752577 1.9175257731958764 1.8144329896907216 0.9072164948453608 0.9690721649484536 0.845360824742268 1.443298969072165 1.7938144329896908 1.6082474226804124 1.5463917525773196
5 10.504685199300535 1.7628865979381443 2.2577319587628866 1.2989690721649485 2.4742268041237114 1.5154639175257731 1.7010309278350515 1.3298969072164948 2.7216494845360826 1.9175257731958764 1.3298969072164948 1.8556701030927836 1.5463917525773196 2.783505154639175 2.5670103092783507 2.1649484536082473 2.134020618556701 2.783505154639175 1.2371134020618557 1.4845360824742269 2.752577319587629 1.2371134020618557 1.7010309278350515 3.0 2.381443298969072 3.0 2.6597938144329896 2.2577319587628866 1.9793814432989691 1.9484536082474226 2.4742268041237114 2.2577319587628866 2.8762886597938144 2.7216494845360826 1.3608247422680413 1.4536082474226804 1.268041237113402 2.1649484536082473 2.6907216494845363 2.4123711340206184 2.3195876288659796
6 131.71764505035432 1.7628865979381443 2.2577319587628866 1.2989690721649485 2.4742268041237114 1.5154639175257731 1.7010309278350515 1.3298969072164948 2.7216494845360826 1.9175257731958764 1.3298969072164948 1.8556701030927836 1.5463917525773196 2.783505154639175 2.5670103092783507 2.1649484536082473 2.134020618556701 2.783505154639175 1.2371134020618557 1.4845360824742269 2.752577319587629 1.2371134020618557 1.7010309278350515 3.0 2.381443298969072 3.0 2.6597938144329896 2.2577319587628866 1.9793814432989691 1.9484536082474226 2.4742268041237114 2.2577319587628866 2.8762886597938144 2.7216494845360826 1.3608247422680413 1.4536082474226804 1.268041237113402 2.1649484536082473 2.6907216494845363 2.4123711340206184 2.3195876288659796
7 65.57277276632303 1.175257731958763 1.5051546391752577 0.865979381443299 1.6494845360824741 1.0103092783505154 1.134020618556701 0.8865979381443299 1.8144329896907216 1.2783505154639174 0.8865979381443299 1.2371134020618557 1.0309278350515463 1.8556701030927836 1.711340206185567 1.443298969072165 1.422680412371134 1.8556701030927836 0.8247422680412371 0.9896907216494846 1.8350515463917525 0.8247422680412371 1.134020618556701 2.0 1.5876288659793814 2.0 1.7731958762886597 1.5051546391752577 1.3195876288659794 1.2989690721649485 1.6494845360824741 1.5051546391752577 1.9175257731958764 1.8144329896907216 0.9072164948453608 0.9690721649484536 0.845360824742268 1.443298969072165 1.7938144329896908 1.6082474226804124 1.5463917525773196
8 171.28526610454833 1.175257731958763 1.5051546391752577 0.865979381443299 1.6494845360824741 1.0103092783505154 1.134020618556701 0.8865979381443299 1.8144329896907216 1.2783505154639174 0.8865979381443299 1.2371134020618557 1.0309278350515463 1.8556701030927836 1.711340206185567 1.443298969072165 1.422680412371134 1.8556701030927836 0.8247422680412371 0.9896907216494846 1.8350515463917525 0.8247422680412371 1.134020618556701 2.0 1.5876288659793814 2.0 1.7731958762886597 1.5051546391752577 1.3195876288659794 1.2989690721649485 1.6494845360824741 1.5051546391752577 1.9175257731958764 1.8144329896907216 0.9072164948453608 0.9690721649484536 0.845360824742268 1.443298969072165 1.7938144329896908 1.6082474226804124 1.5463917525773196
9 90.44704390347205 1.175257731958763 1.5051546391752577 0.865979381443299 1.6494845360824741 1.0103092783505154 1.134020618556701 0.8865979381443299 1.8144329896907216 1.2783505154639174 0.8865979381443299 1.2371134020618557 1.0309278350515463 1.8556701030927836 1.711340206185567 1.443298969072165 1.422680412371134 1.8556701030927836 0.8247422680412371 0.9896907216494846 1.8350515463917525 0.8247422680412371 1.134020618556701 2.0 1.5876288659793814 2.0 1.7731958762886597 1.5051546391752577 1.3195876288659794 1.2989690721649485 1.6494845360824741 1.5051546391752577 1.9175257731958764 1.8144329896907216 0.9072164948453608 0.9690721649484536 0.845360824742268 1.443298969072165 1.7938144329896908 1.6082474226804124 1.5463917525773196
10 122.05553514840344 1.175257731958763 1.5051546391752577 0.865979381443299 1.6494845360824741 1.0103092783505154 1.134020618556701 0.8865979381443299 1.8144329896907216 1.2783505154639174 0.8865979381443299 1.2371134020618557 1.0309278350515463 1.8556701030927836 1.711340206185567 1.443298969072165 1.422680412371134 1.8556701030927836 0.8247422680412371 0.9896907216494846 1.8350515463917525 0.8247422680412371 1.134020618556701 2.0 1.5876288659793814 2.0 1.7731958762886597 1.5051546391752577 1.3195876288659794 1.2989690721649485 1.6494845360824741 1.5051546391752577 1.9175257731958764 1.8144329896907216 0.9072164948453608 0.9690721649484536 0.845360824742268 1.443298969072165 1.7938144329896908 1.6082474226804124 1.5463917525773196
11 132.23815221822213 1.7628865979381443 2.2577319587628866 1.2989690721649485 2.4742268041237114 1.5154639175257731 1.7010309278350515 1.3298969072164948 2.7216494845360826 1.9175257731958764 1.3298969072164948 1.8556701030927836 1.5463917525773196 2.783505154639175 2.5670103092783507 2.1649484536082473 2.134020618556701 2.783505154639175 1.2371134020618557 1.4845360824742269 2.752577319587629 1.2371134020618557 1.7010309278350515 3.0 2.381443298969072 3.0 2.6597938144329896 2.2577319587628866 1.9793814432989691 1.9484536082474226 2.4742268041237114 2.2577319587628866 2.8762886597938144 2.7216494845360826 1.3608247422680413 1.4536082474226804 1.268041237113402 2.1649484536082473 2.6907216494845363 2.4123711340206184 2.3195876288659796
12 104.07539672076803 1.7628865979381443 2.2577319587628866 1.2989690721649485 2.4742268041237114 1.5154639175257731 1.7010309278350515 1.3298969072164948 2.7216494845360826 1.9175257731958764 1.3298969072164948 1.8556701030927836 1.5463917525773196 2.783505154639175 2.5670103092783507 2.1649484536082473 2.134020618556701 2.783505154639175 1.2371134020618557 1.4845360824742269 2.752577319587629 1.2371134020618557 1.7010309278350515 3.0 2.381443298969072 3.0 2.6597938144329896 2.2577319587628866 1.9793814432989691 1.9484536082474226 2.4742268041237114 2.2577319587628866 2.8762886597938144 2.7216494845360826 1.3608247422680413 1.4536082474226804 1.268041237113402 2.1649484536082473 2.6907216494845363 2.4123711340206184 2.3195876288659796
13 40.68229361755373 1.7628865979381443 2.2577319587628866 1.2989690721649485 2.4742268041237114 1.5154639175257731 1.7010309278350515 1.3298969072164948 2.7216494845360826 1.9175257731958764 1.3298969072164948 1.8556701030927836 1.5463917525773196 2.783505154639175 2.5670103092783507 2.1649484536082473 2.134020618556701 2.783505154639175 1.2371134020618557 1.4845360824742269 2.752577319587629 1.2371134020618557 1.7010309278350515 3.0 2.381443298969072 3.0 2.6597938144329896 2.2577319587628866 1.9793814432989691 1.9484536082474226 2.4742268041237114 2.2577319587628866 2.8762886597938144 2.7216494845360826 1.3608247422680413 1.4536082474226804 1.268041237113402 2.1649484536082473 2.6907216494845363 2.4123711340206184 2.3195876288659796
14 106.27386097102591 1.175257731958763 1.5051546391752577 0.865979381443299 1.6494845360824741 1.0103092783505154 1.134020618556701 0.8865979381443299 1.8144329896907216 1.2783505154639174 0.8865979381443299 1.2371134020618557 1.0309278350515463 1.8556701030927836 1.711340206185567 1.443298969072165 1.422680412371134 1.8556701030927836 0.8247422680412371 0.9896907216494846 1.8350515463917525 0.8247422680412371 1.134020618556701 2.0 1.5876288659793814 2.0 1.7731958762886597 1.5051546391752577 1.3195876288659794 1.2989690721649485 1.6494845360824741 1.5051546391752577 1.9175257731958764 1.8144329896907216 0.9072164948453608 0.9690721649484536 0.845360824742268 1.443298969072165 1.7938144329896908 1.6082474226804124 1.5463917525773196
15 17.86865965789778 1.175257731958763 1.5051546391752577 0.865979381443299 1.6494845360824741 1.0103092783505154 1.134020618556701 0.8865979381443299 1.8144329896907216 1.2783505154639174 0.8865979381443299 1.2371134020618557 1.0309278350515463 1.8556701030927836 1.711340206185567 1.443298969072165 1.422680412371134 1.8556701030927836 0.8247422680412371 0.9896907216494846 1.8350515463917525 0.8247422680412371 1.134020618556701 2.0 1.5876288659793814 2.0 1.7731958762886597 1.5051546391752577 1.3195876288659794 1.2989690721649485 1.6494845360824741 1.5051546391752577 1.9175257731958764 1.8144329896907216 0.9072164948453608 0.9690721649484536 0.845360824742268 1.443298969072165 1.7938144329896908 1.6082474226804124 1.5463917525773196
16 69.59279852803348 1.175257731958763 1.5051546391752577 0.865979381443299 1.6494845360824741 1.0103092783505154 1.134020618556701 0.8865979381443299 1.8144329896907216 1.2783505154639174 0.8865979381443299 1.2371134020618557 1.0309278350515463 1.8556701030927836 1.711340206185567 1.443298969072165 1.422680412371134 1.8556701030927836 0.8247422680412371 0.9896907216494846 1.8350515463917525 0.8247422680412371 1.134020618556701 2.0 1.5876288659793814 2.0 1.7731958762886597 1.5051546391752577 1.3195876288659794 1.2989690721649485 1.6494845360824741 1.5051546391752577 1.9175257731958764 1.8144329896907216 0.9072164948453608 0.9690721649484536 0.845360824742268 1.443298969072165 1.7938144329896908 1.6082474226804124 1.5463917525773196
17 71.34496009037603 1.175257731958763 1.5051546391752577 0.865979381443299 1.6494845360824741 1.0103092783505154 1.134020618556701 0.8865979381443299 1.8144329896907216 1.2783505154639174 0.8865979381443299 1.2371134020618557 1.0309278350515463 1.8556701030927836 1.711340206185567 1.443298969072165 1.422680412371134 1.8556701030927836 0.8247422680412371 0.9896907216494846 1.8350515463917525 0.8247422680412371 1.134020618556701 2.0 1.5876288659793814 2.0 1.7731958762886597 1.5051546391752577 1.3195876288659794 1.2989690721649485 1.6494845360824741 1.5051546391752577 1.9175257731958764 1.8144329896907216 0.9072164948453608 0.9690721649484536 0.845360824742268 1.443298969072165 1.7938144329896908 1.6082474226804124 1.5463917525773196
18 64.88983995642322 1.7628865979381443 2.2577319587628866 1.2989690721649485 2.4742268041237114 1.5154639175257731 1.7010309278350515 1.3298969072164948 2.7216494845360826 1.9175257731958764 1.3298969072164948 1.8556701030927836 1.5463917525773196 2.783505154639175 2.5670103092783507 2.1649484536082473 2.134020618556701 2.783505154639175 1.2371134020618557 1.4845360824742269 2.752577319587629 1.2371134020618557 1.7010309278350515 3.0 2.381443298969072 3.0 2.6597938144329896 2.2577319587628866 1.9793814432989691 1.9484536082474226 2.4742268041237114 2.2577319587628866 2.8762886597938144 2.7216494845360826 1.3608247422680413 1.4536082474226804 1.268041237113402 2.1649484536082473 2.6907216494845363 2.4123711340206184 2.3195876288659796
19 130.77653317472897 1.175257731958763 1.5051546391752577 0.865979381443299 1.6494845360824741 1.0103092783505154 1.134020618556701 0.8865979381443299 1.8144329896907216 1.2783505154639174 0.8865979381443299 1.2371134020618557 1.0309278350515463 1.8556701030927836 1.711340206185567 1.443298969072165 1.422680412371134 1.8556701030927836 0.8247422680412371 0.9896907216494846 1.8350515463917525 0.8247422680412371 1.134020618556701 2.0 1.5876288659793814 2.0 1.7731958762886597 1.5051546391752577 1.3195876288659794 1.2989690721649485 1.6494845360824741 1.5051546391752577 1.9175257731958764 1.8144329896907216 0.9072164948453608 0.9690721649484536 0.845360824742268 1.443298969072165 1.7938144329896908 1.6082474226804124 1.5463917525773196
20 72.86686210347403 1.7628865979381443 2.2577319587628866 1.2989690721649485 2.4742268041237114 1.5154639175257731 1.7010309278350515 1.3298969072164948 2.7216494845360826 1.9175257731958764 1.3298969072164948 1.8556701030927836 1.5463917525773196 2.783505154639175 2.5670103092783507 2.1649484536082473 2.134020618556701 2.783505154639175 1.2371134020618557 1.4845360824742269 2.752577319587629 1.2371134020618557 1.7010309278350515 3.0 2.381443298969072 3.0 2.6597938144329896 2.2577319587628866 1.9793814432989691 1.9484536082474226 2.4742268041237114 2.2577319587628866 2.8762886597938144 2.7216494845360826 1.3608247422680413 1.4536082474226804 1.268041237113402 2.1649484536082473 2.6907216494845363 2.4123711340206184 2.3195876288659796
21 14.664913069152158 1.7628865979381443 2.2577319587628866 1.2989690721649485 2.4742268041237114 1.5154639175257731 1.7010309278350515 1.3298969072164948 2.7216494845360826 1.9175257731958764 1.3298969072164948 1.8556701030927836 1.5463917525773196 2.783505154639175 2.5670103092783507 2.1649484536082473 2.134020618556701 2.783505154639175 1.2371134020618557 1.4845360824742269 2.752577319587629 1.2371134020618557 1.7010309278350515 3.0 2.381443298969072 3.0 2.6597938144329896 2.2577319587628866 1.9793814432989691 1.9484536082474226 2.4742268041237114 2.2577319587628866 2.8762886597938144 2.7216494845360826 1.3608247422680413 1.4536082474226804 1.268041237113402 2.1649484536082473 2.6907216494845363 2.4123711340206184 2.3195876288659796
22 2.177743103928669 1.175257731958763 1.5051546391752577 0.865979381443299 1.6494845360824741 1.0103092783505154 1.134020618556701 0.8865979381443299 1.8144329896907216 1.2783505154639174 0.8865979381443299 1.2371134020618557 1.0309278350515463 1.8556701030927836 1.711340206185567 1.443298969072165 1.422680412371134 1.8556701030927836 0.8247422680412371 0.9896907216494846 1.8350515463917525 0.8247422680412371 1.134020618556701 2.0 1.5876288659793814 2.0 1.7731958762886597 1.5051546391752577 1.3195876288659794 1.2989690721649485 1.6494845360824741 1.5051546391752577 1.9175257731958764 1.8144329896907216 0.9072164948453608 0.9690721649484536 0.845360824742268 1.443298969072165 1.7938144329896908 1.6082474226804124 1.5463917525773196
23 86.92609193058958 1.7628865979381443 2.2577319587628866 1.2989690721649485 2.4742268041237114 1.5154639175257731 1.7010309278350515 1.3298969072164948 2.7216494845360826 1.9175257731958764 1.3298969072164948 1.8556701030927836 1.5463917525773196 2.783505154639175 2.5670103092783507 2.1649484536082473 2.134020618556701 2.783505154639175 1.2371134020618557 1.4845360824742269 2.752577319587629 1.2371134020618557 1.7010309278350515 3.0 2.381443298969072 3.0 2.6597938144329896 2.2577319587628866 1.9793814432989691 1.9484536082474226 2.4742268041237114 2.2577319587628866 2.8762886597938144 2.7216494845360826 1.3608247422680413 1.4536082474226804 1.268041237113402 2.1649484536082473 2.6907216494845363 2.4123711340206184 2.3195876288659796
24 94.65762462562024 1.7628865979381443 2.2577319587628866 1.2989690721649485 2.4742268041237114 1.5154639175257731 1.7010309278350515 1.3298969072164948 2.7216494845360826 1.9175257731958764 1.3298969072164948 1.8556701030927836 1.5463917525773196 2.783505154639175 2.5670103092783507 2.1649484536082473 2.134020618556701 2.783505154639175 1.2371134020618557 1.4845360824742269 2.752577319587629 1.2371134020618557 1.7010309278350515 3.0 2.381443298969072 3.0 2.6597938144329896 2.2577319587628866 1.9793814432989691 1.9484536082474226 2.4742268041237114 2.2577319587628866 2.8762886597938144 2.7216494845360826 1.3608247422680413 1.4536082474226804 1.268041237113402 2.1649484536082473 2.6907216494845363 2.4123711340206184 2.3195876288659796
25 20.32522961574507 1.7628865979381443 2.2577319587628866 1.2989690721649485 2.4742268041237114 1.5154639175257731 1.7010309278350515 1.3298969072164948 2.7216494845360826 1.9175257731958764 1.3298969072164948 1.8556701030927836 1.5463917525773196 2.783505154639175 2.5670103092783507 2.1649484536082473 2.134020618556701 2.783505154639175 1.2371134020618557 1.4845360824742269 2.752577319587629 1.2371134020618557 1.7010309278350515 3.0 2.381443298969072 3.0 2.6597938144329896 2.2577319587628866 1.9793814432989691 1.9484536082474226 2.4742268041237114 2.2577319587628866 2.8762886597938144 2.7216494845360826 1.3608247422680413 1.4536082474226804 1.268041237113402 2.1649484536082473 2.6907216494845363 2.4123711340206184 2.3195876288659796
26 142.59124845049004 1.175257731958763 1.5051546391752577 0.865979381443299 1.6494845360824741 1.0103092783505154 1.134020618556701 0.8865979381443299 1.8144329896907216 1.2783505154639174 0.8865979381443299 1.2371134020618557 1.0309278350515463 1.8556701030927836 1.711340206185567 1.443298969072165 1.422680412371134 1.8556701030927836 0.8247422680412371 0.9896907216494846 1.8350515463917525 0.8247422680412371 1.134020618556701 2.0 1.5876288659793814 2.0 1.7731958762886597 1.5051546391752577 1.3195876288659794 1.2989690721649485 1.6494845360824741 1.5051546391752577 1.9175257731958764 1.8144329896907216 0.9072164948453608 0.9690721649484536 0.845360824742268 1.443298969072165 1.7938144329896908 1.6082474226804124 1.5463917525773196
27 108.53044247814711 1.175257731958763 1.5051546391752577 0.865979381443299 1.6494845360824741 1.0103092783505154 1.134020618556701 0.8865979381443299 1.8144329896907216 1.2783505154639174 0.8865979381443299 1.2371134020618557 1.0309278350515463 1.8556701030927836 1.711340206185567 1.443298969072165 1.422680412371134 1.8556701030927836 0.8247422680412371 0.9896907216494846 1.8350515463917525 0.8247422680412371 1.134020618556701 2.0 1.5876288659793814 2.0 1.7731958762886597 1.5051546391752577 1.3195876288659794 1.2989690721649485 1.6494845360824741 1.5051546391752577 1.9175257731958764 1.8144329896907216 0.9072164948453608 0.9690721649484536 0.845360824742268 1.443298969072165 1.7938144329896908 1.6082474226804124 1.5463917525773196
28 249.14926448124612 1.7628865979381443 2.2577319587628866 1.2989690721649485 2.4742268041237114 1.5154639175257731 1.7010309278350515 1.3298969072164948 2.7216494845360826 1.9175257731958764 1.3298969072164948 1.8556701030927836 1.5463917525773196 2.783505154639175 2.5670103092783507 2.1649484536082473 2.134020618556701 2.783505154639175 1.2371134020618557 1.4845360824742269 2.752577319587629 1.2371134020618557 1.7010309278350515 3.0 2.381443298969072 3.0 2.6597938144329896 2.2577319587628866 1.9793814432989691 1.9484536082474226 2.4742268041237114 2.2577319587628866 2.8762886597938144 2.7216494845360826 1.3608247422680413 1.4536082474226804 1.268041237113402 2.1649484536082473 2.6907216494845363 2.4123711340206184 2.3195876288659796
29 134.43162323632376 1.7628865979381443 2.2577319587628866 1.2989690721649485 2.4742268041237114 1.5154639175257731 1.7010309278350515 1.3298969072164948 2.7216494845360826 1.9175257731958764 1.3298969072164948 1.8556701030927836 1.5463917525773196 2.783505154639175 2.5670103092783507 2.1649484536082473 2.134020618556701 2.783505154639175 1.2371134020618557 1.4845360824742269 2.752577319587629 1.2371134020618557 1.7010309278350515 3.0 2.381443298969072 3.0 2.6597938144329896 2.2577319587628866 1.9793814432989691 1.9484536082474226 2.4742268041237114 2.2577319587628866 2.8762886597938144 2.7216494845360826 1.3608247422680413 1.4536082474226804 1.268041237113402 2.1649484536082473 2.6907216494845363 2.4123711340206184 2.3195876288659796
30 17.99095854354025 1.7628865979381443 2.2577319587628866 1.2989690721649485 2.4742268041237114 1.5154639175257731 1.7010309278350515 1.3298969072164948 2.7216494845360826 1.9175257731958764 1.3298969072164948 1.8556701030927836 1.5463917525773196 2.783505154639175 2.5670103092783507 2.1649484536082473 2.134020618556701 2.783505154639175 1.2371134020618557 1.4845360824742269 2.752577319587629 1.2371134020618557 1.7010309278350515 3.0 2.381443298969072 3.0 2.6597938144329896 2.2577319587628866 1.9793814432989691 1.9484536082474226 2.4742268041237114 2.2577319587628866 2.8762886597938144 2.7216494845360826 1.3608247422680413 1.4536082474226804 1.268041237113402 2.1649484536082473 2.6907216494845363 2.4123711340206184 2.3195876288659796
31 1.0601338012722088 1.175257731958763 1.5051546391752577 0.865979381443299 1.6494845360824741 1.0103092783505154 1.134020618556701 0.8865979381443299 1.8144329896907216 1.2783505154639174 0.8865979381443299 1.2371134020618557 1.0309278350515463 1.8556701030927836 1.711340206185567 1.443298969072165 1.422680412371134 1.8556701030927836 0.8247422680412371 0.9896907216494846 1.8350515463917525 0.8247422680412371 1.134020618556701 2.0 1.5876288659793814 2.0 1.7731958762886597 1.5051546391752577 1.3195876288659794 1.2989690721649485 1.6494845360824741 1.5051546391752577 1.9175257731958764 1.8144329896907216 0.9072164948453608 0.9690721649484536 0.845360824742268 1.443298969072165 1.7938144329896908 1.6082474226804124 1.5463917525773196
32 67.0 1.7628865979381443 2.2577319587628866 1.2989690721649485 2.4742268041237114 1.5154639175257731 1.7010309278350515 1.3298969072164948 2.7216494845360826 1.9175257731958764 1.3298969072164948 1.8556701030927836 1.5463917525773196 2.783505154639175 2.5670103092783507 2.1649484536082473 2.134020618556701 2.783505154639175 1.2371134020618557 1.4845360824742269 2.752577319587629 1.2371134020618557 1.7010309278350515 3.0 2.381443298969072 3.0 2.6597938144329896 2.2577319587628866 1.9793814432989691 1.9484536082474226 2.4742268041237114 2.2577319587628866 2.8762886597938144 2.7216494845360826 1.3608247422680413 1.4536082474226804 1.268041237113402 2.1649484536082473 2.6907216494845363 2.4123711340206184 2.3195876288659796
33 114.60926105650474 1.175257731958763 1.5051546391752577 0.865979381443299 1.6494845360824741 1.0103092783505154 1.134020618556701 0.8865979381443299 1.8144329896907216 1.2783505154639174 0.8865979381443299 1.2371134020618557 1.0309278350515463 1.8556701030927836 1.711340206185567 1.443298969072165 1.422680412371134 1.8556701030927836 0.8247422680412371 0.9896907216494846 1.8350515463917525 0.8247422680412371 1.134020618556701 2.0 1.5876288659793814 2.0 1.7731958762886597 1.5051546391752577 1.3195876288659794 1.2989690721649485 1.6494845360824741 1.5051546391752577 1.9175257731958764 1.8144329896907216 0.9072164948453608 0.9690721649484536 0.845360824742268 1.443298969072165 1.7938144329896908 1.6082474226804124 1.5463917525773196
34 22.172389377013385 1.7628865979381443 2.2577319587628866 1.2989690721649485 2.4742268041237114 1.5154639175257731 1.7010309278350515 1.3298969072164948 2.7216494845360826 1.9175257731958764 1.3298969072164948 1.8556701030927836 1.5463917525773196 2.783505154639175 2.5670103092783507 2.1649484536082473 2.134020618556701 2.783505154639175 1.2371134020618557 1.4845360824742269 2.752577319587629 1.2371134020618557 1.7010309278350515 3.0 2.381443298969072 3.0 2.6597938144329896 2.2577319587628866 1.9793814432989691 1.9484536082474226 2.4742268041237114 2.2577319587628866 2.8762886597938144 2.7216494845360826 1.3608247422680413 1.4536082474226804 1.268041237113402 2.1649484536082473 2.6907216494845363 2.4123711340206184 2.3195876288659796
35 71.90872784482549 1.7628865979381443 2.2577319587628866 1.2989690721649485 2.4742268041237114 1.5154639175257731 1.7010309278350515 1.3298969072164948 2.7216494845360826 1.9175257731958764 1.3298969072164948 1.8556701030927836 1.5463917525773196 2.783505154639175 2.5670103092783507 2.1649484536082473 2.134020618556701 2.783505154639175 1.2371134020618557 1.4845360824742269 2.752577319587629 1.2371134020618557 1.7010309278350515 3.0 2.381443298969072 3.0 2.6597938144329896 2.2577319587628866 1.9793814432989691 1.9484536082474226 2.4742268041237114 2.2577319587628866 2.8762886597938144 2.7216494845360826 1.3608247422680413 1.4536082474226804 1.268041237113402 2.1649484536082473 2.6907216494845363 2.4123711340206184 2.3195876288659796
36 255.5553336354367 1.175257731958763 1.5051546391752577 0.865979381443299 1.6494845360824741 1.0103092783505154 1.134020618556701 0.8865979381443299 1.8144329896907216 1.2783505154639174 0.8865979381443299 1.2371134020618557 1.0309278350515463 1.8556701030927836 1.711340206185567 1.443298969072165 1.422680412371134 1.8556701030927836 0.8247422680412371 0.9896907216494846 1.8350515463917525 0.8247422680412371 1.134020618556701 2.0 1.5876288659793814 2.0 1.7731958762886597 1.5051546391752577 1.3195876288659794 1.2989690721649485 1.6494845360824741 1.5051546391752577 1.9175257731958764 1.8144329896907216 0.9072164948453608 0.9690721649484536 0.845360824742268 1.443298969072165 1.7938144329896908 1.6082474226804124 1.5463917525773196
37 57.23792954160513 1.7628865979381443 2.2577319587628866 1.2989690721649485 2.4742268041237114 1.5154639175257731 1.7010309278350515 1.3298969072164948 2.7216494845360826 1.9175257731958764 1.3298969072164948 1.8556701030927836 1.5463917525773196 2.783505154639175 2.5670103092783507 2.1649484536082473 2.134020618556701 2.783505154639175 1.2371134020618557 1.4845360824742269 2.752577319587629 1.2371134020618557 1.7010309278350515 3.0 2.381443298969072 3.0 2.6597938144329896 2.2577319587628866 1.9793814432989691 1.9484536082474226 2.4742268041237114 2.2577319587628866 2.8762886597938144 2.7216494845360826 1.3608247422680413 1.4536082474226804 1.268041237113402 2.1649484536082473 2.6907216494845363 2.4123711340206184 2.3195876288659796
38 106.0 1.7628865979381443 2.2577319587628866 1.2989690721649485 2.4742268041237114 1.5154639175257731 1.7010309278350515 1.3298969072164948 2.7216494845360826 1.9175257731958764 1.3298969072164948 1.8556701030927836 1.5463917525773196 2.783505154639175 2.5670103092783507 2.1649484536082473 2.134020618556701 2.783505154639175 1.2371134020618557 1.4845360824742269 2.752577319587629 1.2371134020618557 1.7010309278350515 3.0 2.381443298969072 3.0 2.6597938144329896 2.2577319587628866 1.9793814432989691 1.9484536082474226 2.4742268041237114 2.2577319587628866 2.8762886597938144 2.7216494845360826 1.3608247422680413 1.4536082474226804 1.268041237113402 2.1649484536082473 2.6907216494845363 2.4123711340206184 2.3195876288659796
39 36.50702366827502 1.7628865979381443 2.2577319587628866 1.2989690721649485 2.4742268041237114 1.5154639175257731 1.7010309278350515 1.3298969072164948 2.7216494845360826 1.9175257731958764 1.3298969072164948 1.8556701030927836 1.5463917525773196 2.783505154639175 2.5670103092783507 2.1649484536082473 2.134020618556701 2.783505154639175 1.2371134020618557 1.4845360824742269 2.752577319587629 1.2371134020618557 1.7010309278350515 3.0 2.381443298969072 3.0 2.6597938144329896 2.2577319587628866 1.9793814432989691 1.9484536082474226 2.4742268041237114 2.2577319587628866 2.8762886597938144 2.7216494845360826 1.3608247422680413 1.4536082474226804 1.268041237113402 2.1649484536082473 2.6907216494845363 2.4123711340206184 2.3195876288659796
40 30.300013990841116 1.7628865979381443 2.2577319587628866 1.2989690721649485 2.4742268041237114 1.5154639175257731 1.7010309278350515 1.3298969072164948 2.7216494845360826 1.9175257731958764 1.3298969072164948 1.8556701030927836 1.5463917525773196 2.783505154639175 2.5670103092783507 2.1649484536082473 2.134020618556701 2.783505154639175 1.2371134020618557 1.4845360824742269 2.752577319587629 1.2371134020618557 1.7010309278350515 3.0 2.381443298969072 3.0 2.6597938144329896 2.2577319587628866 1.9793814432989691 1.9484536082474226 2.4742268041237114 2.2577319587628866 2.8762886597938144 2.7216494845360826 1.3608247422680413 1.4536082474226804 1.268041237113402 2.1649484536082473 2.6907216494845363 2.4123711340206184 2.3195876288659796
41 167.92866031583145 1.7628865979381443 2.2577319587628866 1.2989690721649485 2.4742268041237114 1.5154639175257731 1.7010309278350515 1.3298969072164948 2.7216494845360826 1.9175257731958764 1.3298969072164948 1.8556701030927836 1.5463917525773196 2.783505154639175 2.5670103092783507 2.1649484536082473 2.134020618556701 2.783505154639175 1.2371134020618557 1.4845360824742269 2.752577319587629 1.2371134020618557 1.7010309278350515 3.0 2.381443298969072 3.0 2.6597938144329896 2.2577319587628866 1.9793814432989691 1.9484536082474226 2.4742268041237114 2.2577319587628866 2.8762886597938144 2.7216494845360826 1.3608247422680413 1.4536082474226804 1.268041237113402 2.1649484536082473 2.6907216494845363 2.4123711340206184 2.3195876288659796
42 272.802155465192 1.7628865979381443 2.2577319587628866 1.2989690721649485 2.4742268041237114 1.5154639175257731 1.7010309278350515 1.3298969072164948 2.7216494845360826 1.9175257731958764 1.3298969072164948 1.8556701030927836 1.5463917525773196 2.783505154639175 2.5670103092783507 2.1649484536082473 2.134020618556701 2.783505154639175 1.2371134020618557 1.4845360824742269 2.752577319587629 1.2371134020618557 1.7010309278350515 3.0 2.381443298969072 3.0 2.6597938144329896 2.2577319587628866 1.9793814432989691 1.9484536082474226 2.4742268041237114 2.2577319587628866 2.8762886597938144 2.7216494845360826 1.3608247422680413 1.4536082474226804 1.268041237113402 2.1649484536082473 2.6907216494845363 2.4123711340206184 2.3195876288659796
43 65.38973346743775 1.175257731958763 1.5051546391752577 0.865979381443299 1.6494845360824741 1.0103092783505154 1.134020618556701 0.8865979381443299 1.8144329896907216 1.2783505154639174 0.8865979381443299 1.2371134020618557 1.0309278350515463 1.8556701030927836 1.711340206185567 1.443298969072165 1.422680412371134 1.8556701030927836 0.8247422680412371 0.9896907216494846 1.8350515463917525 0.8247422680412371 1.134020618556701 2.0 1.5876288659793814 2.0 1.7731958762886597 1.5051546391752577 1.3195876288659794 1.2989690721649485 1.6494845360824741 1.5051546391752577 1.9175257731958764 1.8144329896907216 0.9072164948453608 0.9690721649484536 0.845360824742268 1.443298969072165 1.7938144329896908 1.6082474226804124 1.5463917525773196
44 130.99484536082474 1.7628865979381443 2.2577319587628866 1.2989690721649485 2.4742268041237114 1.5154639175257731 1.7010309278350515 1.3298969072164948 2.7216494845360826 1.9175257731958764 1.3298969072164948 1.8556701030927836 1.5463917525773196 2.783505154639175 2.5670103092783507 2.1649484536082473 2.134020618556701 2.783505154639175 1.2371134020618557 1.4845360824742269 2.752577319587629 1.2371134020618557 1.7010309278350515 3.0 2.381443298969072 3.0 2.6597938144329896 2.2577319587628866 1.9793814432989691 1.9484536082474226 2.4742268041237114 2.2577319587628866 2.8762886597938144 2.7216494845360826 1.3608247422680413 1.4536082474226804 1.268041237113402 2.1649484536082473 2.6907216494845363 2.4123711340206184 2.3195876288659796
45 12.506220769424175 1.175257731958763 1.5051546391752577 0.865979381443299 1.6494845360824741 1.0103092783505154 1.134020618556701 0.8865979381443299 1.8144329896907216 1.2783505154639174 0.8865979381443299 1.2371134020618557 1.0309278350515463 1.8556701030927836 1.711340206185567 1.443298969072165 1.422680412371134 1.8556701030927836 0.8247422680412371 0.9896907216494846 1.8350515463917525 0.8247422680412371 1.134020618556701 2.0 1.5876288659793814 2.0 1.7731958762886597 1.5051546391752577 1.3195876288659794 1.2989690721649485 1.6494845360824741 1.5051546391752577 1.9175257731958764 1.8144329896907216 0.9072164948453608 0.9690721649484536 0.845360824742268 1.443298969072165 1.7938144329896908 1.6082474226804124 1.5463917525773196
46 98.69963006240131 1.175257731958763 1.5051546391752577 0.865979381443299 1.6494845360824741 1.0103092783505154 1.134020618556701 0.8865979381443299 1.8144329896907216 1.2783505154639174 0.8865979381443299 1.2371134020618557 1.0309278350515463 1.8556701030927836 1.711340206185567 1.443298969072165 1.422680412371134 1.8556701030927836 0.8247422680412371 0.9896907216494846 1.8350515463917525 0.8247422680412371 1.134020618556701 2.0 1.5876288659793814 2.0 1.7731958762886597 1.5051546391752577 1.3195876288659794 1.2989690721649485 1.6494845360824741 1.5051546391752577 1.9175257731958764 1.8144329896907216 0.9072164948453608 0.9690721649484536 0.845360824742268 1.443298969072165 1.7938144329896908 1.6082474226804124 1.5463917525773196
47 37.03200178442253 1.7628865979381443 2.2577319587628866 1.2989690721649485 2.4742268041237114 1.5154639175257731 1.7010309278350515 1.3298969072164948 2.7216494845360826 1.9175257731958764 1.3298969072164948 1.8556701030927836 1.5463917525773196 2.783505154639175 2.5670103092783507 2.1649484536082473 2.134020618556701 2.783505154639175 1.2371134020618557 1.4845360824742269 2.752577319587629 1.2371134020618557 1.7010309278350515 3.0 2.381443298969072 3.0 2.6597938144329896 2.2577319587628866 1.9793814432989691 1.9484536082474226 2.4742268041237114 2.2577319587628866 2.8762886597938144 2.7216494845360826 1.3608247422680413 1.4536082474226804 1.268041237113402 2.1649484536082473 2.6907216494845363 2.4123711340206184 2.3195876288659796
48 40.49365790797081 1.175257731958763 1.5051546391752577 0.865979381443299 1.6494845360824741 1.0103092783505154 1.134020618556701 0.8865979381443299 1.8144329896907216 1.2783505154639174 0.8865979381443299 1.2371134020618557 1.0309278350515463 1.8556701030927836 1.711340206185567 1.443298969072165 1.422680412371134 1.8556701030927836 0.8247422680412371 0.9896907216494846 1.8350515463917525 0.8247422680412371 1.134020618556701 2.0 1.5876288659793814 2.0 1.7731958762886597 1.5051546391752577 1.3195876288659794 1.2989690721649485 1.6494845360824741 1.5051546391752577 1.9175257731958764 1.8144329896907216 0.9072164948453608 0.9690721649484536 0.845360824742268 1.443298969072165 1.7938144329896908 1.6082474226804124 1.5463917525773196
49 2.0525861766301747 1.175257731958763 1.5051546391752577 0.865979381443299 1.6494845360824741 1.0103092783505154 1.134020618556701 0.8865979381443299 1.8144329896907216 1.2783505154639174 0.8865979381443299 1.2371134020618557 1.0309278350515463 1.8556701030927836 1.711340206185567 1.443298969072165 1.422680412371134 1.8556701030927836 0.8247422680412371 0.9896907216494846 1.8350515463917525 0.8247422680412371 1.134020618556701 2.0 1.5876288659793814 2.0 1.7731958762886597 1.5051546391752577 1.3195876288659794 1.2989690721649485 1.6494845360824741 1.5051546391752577 1.9175257731958764 1.8144329896907216 0.9072164948453608 0.9690721649484536 0.845360824742268 1.443298969072165 1.7938144329896908 1.6082474226804124 1.5463917525773196
50 33.859547096660485 1.7628865979381443 2.2577319587628866 1.2989690721649485 2.4742268041237114 1.5154639175257731 1.7010309278350515 1.3298969072164948 2.7216494845360826 1.9175257731958764 1.3298969072164948 1.8556701030927836 1.5463917525773196 2.783505154639175 2.5670103092783507 2.1649484536082473 2.134020618556701 2.783505154639175 1.2371134020618557 1.4845360824742269 2.752577319587629 1.2371134020618557 1.7010309278350515 3.0 2.381443298969072 3.0 2.6597938144329896 2.2577319587628866 1.9793814432989691 1.9484536082474226 2.4742268041237114 2.2577319587628866 2.8762886597938144 2.7216494845360826 1.3608247422680413 1.4536082474226804 1.268041237113402 2.1649484536082473 2.6907216494845363 2.4123711340206184 2.3195876288659796
51 19.854529792994075 1.7628865979381443 2.2577319587628866 1.2989690721649485 2.4742268041237114 1.5154639175257731 1.7010309278350515 1.3298969072164948 2.7216494845360826 1.9175257731958764 1.3298969072164948 1.8556701030927836 1.5463917525773196 2.783505154639175 2.5670103092783507 2.1649484536082473 2.134020618556701 2.783505154639175 1.2371134020618557 1.4845360824742269 2.752577319587629 1.2371134020618557 1.7010309278350515 3.0 2.381443298969072 3.0 2.6597938144329896 2.2577319587628866 1.9793814432989691 1.9484536082474226 2.4742268041237114 2.2577319587628866 2.8762886597938144 2.7216494845360826 1.3608247422680413 1.4536082474226804 1.268041237113402 2.1649484536082473 2.6907216494845363 2.4123711340206184 2.3195876288659796
52 65.00564225916666 1.7628865979381443 2.2577319587628866 1.2989690721649485 2.4742268041237114 1.5154639175257731 1.7010309278350515 1.3298969072164948 2.7216494845360826 1.9175257731958764 1.3298969072164948 1.8556701030927836 1.5463917525773196 2.783505154639175 2.5670103092783507 2.1649484536082473 2.134020618556701 2.783505154639175 1.2371134020618557 1.4845360824742269 2.752577319587629 1.2371134020618557 1.7010309278350515 3.0 2.381443298969072 3.0 2.6597938144329896 2.2577319587628866 1.9793814432989691 1.9484536082474226 2.4742268041237114 2.2577319587628866 2.8762886597938144 2.7216494845360826 1.3608247422680413 1.4536082474226804 1.268041237113402 2.1649484536082473 2.6907216494845363 2.4123711340206184 2.3195876288659796
53 32.41313606925719 1.175257731958763 1.5051546391752577 0.865979381443299 1.6494845360824741 1.0103092783505154 1.134020618556701 0.8865979381443299 1.8144329896907216 1.2783505154639174 0.8865979381443299 1.2371134020618557 1.0309278350515463 1.8556701030927836 1.711340206185567 1.443298969072165 1.422680412371134 1.8556701030927836 0.8247422680412371 0.9896907216494846 1.8350515463917525 0.8247422680412371 1.134020618556701 2.0 1.5876288659793814 2.0 1.7731958762886597 1.5051546391752577 1.3195876288659794 1.2989690721649485 1.6494845360824741 1.5051546391752577 1.9175257731958764 1.8144329896907216 0.9072164948453608 0.9690721649484536 0.845360824742268 1.443298969072165 1.7938144329896908 1.6082474226804124 1.5463917525773196
54 3.5363721656454987 1.175257731958763 1.5051546391752577 0.865979381443299 1.6494845360824741 1.0103092783505154 1.134020618556701 0.8865979381443299 1.8144329896907216 1.2783505154639174 0.8865979381443299 1.2371134020618557 1.0309278350515463 1.8556701030927836 1.711340206185567 1.443298969072165 1.422680412371134 1.8556701030927836 0.8247422680412371 0.9896907216494846 1.8350515463917525 0.8247422680412371 1.134020618556701 2.0 1.5876288659793814 2.0 1.7731958762886597 1.5051546391752577 1.3195876288659794 1.2989690721649485 1.6494845360824741 1.5051546391752577 1.9175257731958764 1.8144329896907216 0.9072164948453608 0.9690721649484536 0.845360824742268 1.443298969072165 1.7938144329896908 1.6082474226804124 1.5463917525773196
55 43.35560910590169 1.7628865979381443 2.2577319587628866 1.2989690721649485 2.4742268041237114 1.5154639175257731 1.7010309278350515 1.3298969072164948 2.7216494845360826 1.9175257731958764 1.3298969072164948 1.8556701030927836 1.5463917525773196 2.783505154639175 2.5670103092783507 2.1649484536082473 2.134020618556701 2.783505154639175 1.2371134020618557 1.4845360824742269 2.752577319587629 1.2371134020618557 1.7010309278350515 3.0 2.381443298969072 3.0 2.6597938144329896 2.2577319587628866 1.9793814432989691 1.9484536082474226 2.4742268041237114 2.2577319587628866 2.8762886597938144 2.7216494845360826 1.3608247422680413 1.4536082474226804 1.268041237113402 2.1649484536082473 2.6907216494845363 2.4123711340206184 2.3195876288659796
56 108.08050022955878 1.7628865979381443 2.2577319587628866 1.2989690721649485 2.4742268041237114 1.5154639175257731 1.7010309278350515 1.3298969072164948 2.7216494845360826 1.9175257731958764 1.3298969072164948 1.8556701030927836 1.5463917525773196 2.783505154639175 2.5670103092783507 2.1649484536082473 2.134020618556701 2.783505154639175 1.2371134020618557 1.4845360824742269 2.752577319587629 1.2371134020618557 1.7010309278350515 3.0 2.381443298969072 3.0 2.6597938144329896 2.2577319587628866 1.9793814432989691 1.9484536082474226 2.4742268041237114 2.2577319587628866 2.8762886597938144 2.7216494845360826 1.3608247422680413 1.4536082474226804 1.268041237113402 2.1649484536082473 2.6907216494845363 2.4123711340206184 2.3195876288659796
57 116.36671575846827 1.7628865979381443 2.2577319587628866 1.2989690721649485 2.4742268041237114 1.5154639175257731 1.7010309278350515 1.3298969072164948 2.7216494845360826 1.9175257731958764 1.3298969072164948 1.8556701030927836 1.5463917525773196 2.783505154639175 2.5670103092783507 2.1649484536082473 2.134020618556701 2.783505154639175 1.2371134020618557 1.4845360824742269 2.752577319587629 1.2371134020618557 1.7010309278350515 3.0 2.381443298969072 3.0 2.6597938144329896 2.2577319587628866 1.9793814432989691 1.9484536082474226 2.4742268041237114 2.2577319587628866 2.8762886597938144 2.7216494845360826 1.3608247422680413 1.4536082474226804 1.268041237113402 2.1649484536082473 2.6907216494845363 2.4123711340206184 2.3195876288659796
58 35.28633662274657 1.7628865979381443 2.2577319587628866 1.2989690721649485 2.4742268041237114 1.5154639175257731 1.7010309278350515 1.3298969072164948 2.7216494845360826 1.9175257731958764 1.3298969072164948 1.8556701030927836 1.5463917525773196 2.783505154639175 2.5670103092783507 2.1649484536082473 2.134020618556701 2.783505154639175 1.2371134020618557 1.4845360824742269 2.752577319587629 1.2371134020618557 1.7010309278350515 3.0 2.381443298969072 3.0 2.6597938144329896 2.2577319587628866 1.9793814432989691 1.9484536082474226 2.4742268041237114 2.2577319587628866 2.8762886597938144 2.7216494845360826 1.3608247422680413 1.4536082474226804 1.268041237113402 2.1649484536082473 2.6907216494845363 2.4123711340206184 2.3195876288659796
59 271.05774587808475 1.175257731958763 1.5051546391752577 0.865979381443299 1.6494845360824741 1.0103092783505154 1.134020618556701 0.8865979381443299 1.8144329896907216 1.2783505154639174 0.8865979381443299 1.2371134020618557 1.0309278350515463 1.8556701030927836 1.711340206185567 1.443298969072165 1.422680412371134 1.8556701030927836 0.8247422680412371 0.9896907216494846 1.8350515463917525 0.8247422680412371 1.134020618556701 2.0 1.5876288659793814 2.0 1.7731958762886597 1.5051546391752577 1.3195876288659794 1.2989690721649485 1.6494845360824741 1.5051546391752577 1.9175257731958764 1.8144329896907216 0.9072164948453608 0.9690721649484536 0.845360824742268 1.443298969072165 1.7938144329896908 1.6082474226804124 1.5463917525773196
60 0.9701975945017193 1.175257731958763 1.5051546391752577 0.865979381443299 1.6494845360824741 1.0103092783505154 1.134020618556701 0.8865979381443299 1.8144329896907216 1.2783505154639174 0.8865979381443299 1.2371134020618557 1.0309278350515463 1.8556701030927836 1.711340206185567 1.443298969072165 1.422680412371134 1.8556701030927836 0.8247422680412371 0.9896907216494846 1.8350515463917525 0.8247422680412371 1.134020618556701 2.0 1.5876288659793814 2.0 1.7731958762886597 1.5051546391752577 1.3195876288659794 1.2989690721649485 1.6494845360824741 1.5051546391752577 1.9175257731958764 1.8144329896907216 0.9072164948453608 0.9690721649484536 0.845360824742268 1.443298969072165 1.7938144329896908 1.6082474226804124 1.5463917525773196
61 15.203516869728208 1.7628865979381443 2.2577319587628866 1.2989690721649485 2.4742268041237114 1.5154639175257731 1.7010309278350515 1.3298969072164948 2.7216494845360826 1.9175257731958764 1.3298969072164948 1.8556701030927836 1.5463917525773196 2.783505154639175 2.5670103092783507 2.1649484536082473 2.134020618556701 2.783505154639175 1.2371134020618557 1.4845360824742269 2.752577319587629 1.2371134020618557 1.7010309278350515 3.0 2.381443298969072 3.0 2.6597938144329896 2.2577319587628866 1.9793814432989691 1.9484536082474226 2.4742268041237114 2.2577319587628866 2.8762886597938144 2.7216494845360826 1.3608247422680413 1.4536082474226804 1.268041237113402 2.1649484536082473 2.6907216494845363 2.4123711340206184 2.3195876288659796
62 64.38824280227556 1.175257731958763 1.5051546391752577 0.865979381443299 1.6494845360824741 1.0103092783505154 1.134020618556701 0.8865979381443299 1.8144329896907216 1.2783505154639174 0.8865979381443299 1.2371134020618557 1.0309278350515463 1.8556701030927836 1.711340206185567 1.443298969072165 1.422680412371134 1.8556701030927836 0.8247422680412371 0.9896907216494846 1.8350515463917525 0.8247422680412371 1.134020618556701 2.0 1.5876288659793814 2.0 1.7731958762886597 1.5051546391752577 1.3195876288659794 1.2989690721649485 1.6494845360824741 1.5051546391752577 1.9175257731958764 1.8144329896907216 0.9072164948453608 0.9690721649484536 0.845360824742268 1.443298969072165 1.7938144329896908 1.6082474226804124 1.5463917525773196
63 12.414721801091572 1.7628865979381443 2.2577319587628866 1.2989690721649485 2.4742268041237114 1.5154639175257731 1.7010309278350515 1.3298969072164948 2.7216494845360826 1.9175257731958764 1.3298969072164948 1.8556701030927836 1.5463917525773196 2.783505154639175 2.5670103092783507 2.1649484536082473 2.134020618556701 2.783505154639175 1.2371134020618557 1.4845360824742269 2.752577319587629 1.2371134020618557 1.7010309278350515 3.0 2.381443298969072 3.0 2.6597938144329896 2.2577319587628866 1.9793814432989691 1.9484536082474226 2.4742268041237114 2.2577319587628866 2.8762886597938144 2.7216494845360826 1.3608247422680413 1.4536082474226804 1.268041237113402 2.1649484536082473 2.6907216494845363 2.4123711340206184 2.3195876288659796
64 93.21082003505282 1.175257731958763 1.5051546391752577 0.865979381443299 1.6494845360824741 1.0103092783505154 1.134020618556701 0.8865979381443299 1.8144329896907216 1.2783505154639174 0.8865979381443299 1.2371134020618557 1.0309278350515463 1.8556701030927836 1.711340206185567 1.443298969072165 1.422680412371134 1.8556701030927836 0.8247422680412371 0.9896907216494846 1.8350515463917525 0.8247422680412371 1.134020618556701 2.0 1.5876288659793814 2.0 1.7731958762886597 1.5051546391752577 1.3195876288659794 1.2989690721649485 1.6494845360824741 1.5051546391752577 1.9175257731958764 1.8144329896907216 0.9072164948453608 0.9690721649484536 0.845360824742268 1.443298969072165 1.7938144329896908 1.6082474226804124 1.5463917525773196
65 23.34253197970049 1.175257731958763 1.5051546391752577 0.865979381443299 1.6494845360824741 1.0103092783505154 1.134020618556701 0.8865979381443299 1.8144329896907216 1.2783505154639174 0.8865979381443299 1.2371134020618557 1.0309278350515463 1.8556701030927836 1.711340206185567 1.443298969072165 1.422680412371134 1.8556701030927836 0.8247422680412371 0.9896907216494846 1.8350515463917525 0.8247422680412371 1.134020618556701 2.0 1.5876288659793814 2.0 1.7731958762886597 1.5051546391752577 1.3195876288659794 1.2989690721649485 1.6494845360824741 1.5051546391752577 1.9175257731958764 1.8144329896907216 0.9072164948453608 0.9690721649484536 0.845360824742268 1.443298969072165 1.7938144329896908 1.6082474226804124 1.5463917525773196
66 205.01691325736203 1.7628865979381443 2.2577319587628866 1.2989690721649485 2.4742268041237114 1.5154639175257731 1.7010309278350515 1.3298969072164948 2.7216494845360826 1.9175257731958764 1.3298969072164948 1.8556701030927836 1.5463917525773196 2.783505154639175 2.5670103092783507 2.1649484536082473 2.134020618556701 2.783505154639175 1.2371134020618557 1.4845360824742269 2.752577319587629 1.2371134020618557 1.7010309278350515 3.0 2.381443298969072 3.0 2.6597938144329896 2.2577319587628866 1.9793814432989691 1.9484536082474226 2.4742268041237114 2.2577319587628866 2.8762886597938144 2.7216494845360826 1.3608247422680413 1.4536082474226804 1.268041237113402 2.1649484536082473 2.6907216494845363 2.4123711340206184 2.3195876288659796
67 47.62216101250176 1.7628865979381443 2.2577319587628866 1.2989690721649485 2.4742268041237114 1.5154639175257731 1.7010309278350515 1.3298969072164948 2.7216494845360826 1.9175257731958764 1.3298969072164948 1.8556701030927836 1.5463917525773196 2.783505154639175 2.5670103092783507 2.1649484536082473 2.134020618556701 2.783505154639175 1.2371134020618557 1.4845360824742269 2.752577319587629 1.2371134020618557 1.7010309278350515 3.0 2.381443298969072 3.0 2.6597938144329896 2.2577319587628866 1.9793814432989691 1.9484536082474226 2.4742268041237114 2.2577319587628866 2.8762886597938144 2.7216494845360826 1.3608247422680413 1.4536082474226804 1.268041237113402 2.1649484536082473 2.6907216494845363 2.4123711340206184 2.3195876288659796
68 31.38462182695567 1.7628865979381443 2.2577319587628866 1.2989690721649485 2.4742268041237114 1.5154639175257731 1.7010309278350515 1.3298969072164948 2.7216494845360826 1.9175257731958764 1.3298969072164948 1.8556701030927836 1.5463917525773196 2.783505154639175 2.5670103092783507 2.1649484536082473 2.134020618556701 2.783505154639175 1.2371134020618557 1.4845360824742269 2.752577319587629 1.2371134020618557 1.7010309278350515 3.0 2.381443298969072 3.0 2.6597938144329896 2.2577319587628866 1.9793814432989691 1.9484536082474226 2.4742268041237114 2.2577319587628866 2.8762886597938144 2.7216494845360826 1.3608247422680413 1.4536082474226804 1.268041237113402 2.1649484536082473 2.6907216494845363 2.4123711340206184 2.3195876288659796
69 41.22384504306561 1.7628865979381443 2.2577319587628866 1.2989690721649485 2.4742268041237114 1.5154639175257731 1.7010309278350515 1.3298969072164948 2.7216494845360826 1.9175257731958764 1.3298969072164948 1.8556701030927836 1.5463917525773196 2.783505154639175 2.5670103092783507 2.1649484536082473 2.134020618556701 2.783505154639175 1.2371134020618557 1.4845360824742269 2.752577319587629 1.2371134020618557 1.7010309278350515 3.0 2.381443298969072 3.0 2.6597938144329896 2.2577319587628866 1.9793814432989691 1.9484536082474226 2.4742268041237114 2.2577319587628866 2.8762886597938144 2.7216494845360826 1.3608247422680413 1.4536082474226804 1.268041237113402 2.1649484536082473 2.6907216494845363 2.4123711340206184 2.3195876288659796
70 36.60815075559044 1.175257731958763 1.5051546391752577 0.865979381443299 1.6494845360824741 1.0103092783505154 1.134020618556701 0.8865979381443299 1.8144329896907216 1.2783505154639174 0.8865979381443299 1.2371134020618557 1.0309278350515463 1.8556701030927836 1.711340206185567 1.443298969072165 1.422680412371134 1.8556701030927836 0.8247422680412371 0.9896907216494846 1.8350515463917525 0.8247422680412371 1.134020618556701 2.0 1.5876288659793814 2.0 1.7731958762886597 1.5051546391752577 1.3195876288659794 1.2989690721649485 1.6494845360824741 1.5051546391752577 1.9175257731958764 1.8144329896907216 0.9072164948453608 0.9690721649484536 0.845360824742268 1.443298969072165 1.7938144329896908 1.6082474226804124 1.5463917525773196
71 6.032722983689477 1.7628865979381443 2.2577319587628866 1.2989690721649485 2.4742268041237114 1.5154639175257731 1.7010309278350515 1.3298969072164948 2.7216494845360826 1.9175257731958764 1.3298969072164948 1.8556701030927836 1.5463917525773196 2.783505154639175 2.5670103092783507 2.1649484536082473 2.134020618556701 2.783505154639175 1.2371134020618557 1.4845360824742269 2.752577319587629 1.2371134020618557 1.7010309278350515 3.0 2.381443298969072 3.0 2.6597938144329896 2.2577319587628866 1.9793814432989691 1.9484536082474226 2.4742268041237114 2.2577319587628866 2.8762886597938144 2.7216494845360826 1.3608247422680413 1.4536082474226804 1.268041237113402 2.1649484536082473 2.6907216494845363 2.4123711340206184 2.3195876288659796
72 9.722945150675002 1.175257731958763 1.5051546391752577 0.865979381443299 1.6494845360824741 1.0103092783505154 1.134020618556701 0.8865979381443299 1.8144329896907216 1.2783505154639174 0.8865979381443299 1.2371134020618557 1.0309278350515463 1.8556701030927836 1.711340206185567 1.443298969072165 1.422680412371134 1.8556701030927836 0.8247422680412371 0.9896907216494846 1.8350515463917525 0.8247422680412371 1.134020618556701 2.0 1.5876288659793814 2.0 1.7731958762886597 1.5051546391752577 1.3195876288659794 1.2989690721649485 1.6494845360824741 1.5051546391752577 1.9175257731958764 1.8144329896907216 0.9072164948453608 0.9690721649484536 0.845360824742268 1.443298969072165 1.7938144329896908 1.6082474226804124 1.5463917525773196
73 60.53820467689213 1.175257731958763 1.5051546391752577 0.865979381443299 1.6494845360824741 1.0103092783505154 1.134020618556701 0.8865979381443299 1.8144329896907216 1.2783505154639174 0.8865979381443299 1.2371134020618557 1.0309278350515463 1.8556701030927836 1.711340206185567 1.443298969072165 1.422680412371134 1.8556701030927836 0.8247422680412371 0.9896907216494846 1.8350515463917525 0.8247422680412371 1.134020618556701 2.0 1.5876288659793814 2.0 1.7731958762886597 1.5051546391752577 1.3195876288659794 1.2989690721649485 1.6494845360824741 1.5051546391752577 1.9175257731958764 1.8144329896907216 0.9072164948453608 0.9690721649484536 0.845360824742268 1.443298969072165 1.7938144329896908 1.6082474226804124 1.5463917525773196
74 13.279339293211336 1.7628865979381443 2.2577319587628866 1.2989690721649485 2.4742268041237114 1.5154639175257731 1.7010309278350515 1.3298969072164948 2.7216494845360826 1.9175257731958764 1.3298969072164948 1.8556701030927836 1.5463917525773196 2.783505154639175 2.5670103092783507 2.1649484536082473 2.134020618556701 2.783505154639175 1.2371134020618557 1.4845360824742269 2.752577319587629 1.2371134020618557 1.7010309278350515 3.0 2.381443298969072 3.0 2.6597938144329896 2.2577319587628866 1.9793814432989691 1.9484536082474226 2.4742268041237114 2.2577319587628866 2.8762886597938144 2.7216494845360826 1.3608247422680413 1.4536082474226804 1.268041237113402 2.1649484536082473 2.6907216494845363 2.4123711340206184 2.3195876288659796
75 13.117599033870661 1.7628865979381443 2.2577319587628866 1.2989690721649485 2.4742268041237114 1.5154639175257731 1.7010309278350515 1.3298969072164948 2.7216494845360826 1.9175257731958764 1.3298969072164948 1.8556701030927836 1.5463917525773196 2.783505154639175 2.5670103092783507 2.1649484536082473 2.134020618556701 2.783505154639175 1.2371134020618557 1.4845360824742269 2.752577319587629 1.2371134020618557 1.7010309278350515 3.0 2.381443298969072 3.0 2.6597938144329896 2.2577319587628866 1.9793814432989691 1.9484536082474226 2.4742268041237114 2.2577319587628866 2.8762886597938144 2.7216494845360826 1.3608247422680413 1.4536082474226804 1.268041237113402 2.1649484536082473 2.6907216494845363 2.4123711340206184 2.3195876288659796
76 74.9471056519571 1.7628865979381443 2.2577319587628866 1.2989690721649485 2.4742268041237114 1.5154639175257731 1.7010309278350515 1.3298969072164948 2.7216494845360826 1.9175257731958764 1.3298969072164948 1.8556701030927836 1.5463917525773196 2.783505154639175 2.5670103092783507 2.1649484536082473 2.134020618556701 2.783505154639175 1.2371134020618557 1.4845360824742269 2.752577319587629 1.2371134020618557 1.7010309278350515 3.0 2.381443298969072 3.0 2.6597938144329896 2.2577319587628866 1.9793814432989691 1.9484536082474226 2.4742268041237114 2.2577319587628866 2.8762886597938144 2.7216494845360826 1.3608247422680413 1.4536082474226804 1.268041237113402 2.1649484536082473 2.6907216494845363 2.4123711340206184 2.3195876288659796
77 46.53574895275927 1.175257731958763 1.5051546391752577 0.865979381443299 1.6494845360824741 1.0103092783505154 1.134020618556701 0.8865979381443299 1.8144329896907216 1.2783505154639174 0.8865979381443299 1.2371134020618557 1.0309278350515463 1.8556701030927836 1.711340206185567 1.443298969072165 1.422680412371134 1.8556701030927836 0.8247422680412371 0.9896907216494846 1.8350515463917525 0.8247422680412371 1.134020618556701 2.0 1.5876288659793814 2.0 1.7731958762886597 1.5051546391752577 1.3195876288659794 1.2989690721649485 1.6494845360824741 1.5051546391752577 1.9175257731958764 1.8144329896907216 0.9072164948453608 0.9690721649484536 0.845360824742268 1.443298969072165 1.7938144329896908 1.6082474226804124 1.5463917525773196
78 8.203173233324842 1.175257731958763 1.5051546391752577 0.865979381443299 1.6494845360824741 1.0103092783505154 1.134020618556701 0.8865979381443299 1.8144329896907216 1.2783505154639174 0.8865979381443299 1.2371134020618557 1.0309278350515463 1.8556701030927836 1.711340206185567 1.443298969072165 1.422680412371134 1.8556701030927836 0.8247422680412371 0.9896907216494846 1.8350515463917525 0.8247422680412371 1.134020618556701 2.0 1.5876288659793814 2.0 1.7731958762886597 1.5051546391752577 1.3195876288659794 1.2989690721649485 1.6494845360824741 1.5051546391752577 1.9175257731958764 1.8144329896907216 0.9072164948453608 0.9690721649484536 0.845360824742268 1.443298969072165 1.7938144329896908 1.6082474226804124 1.5463917525773196
79 77.91763903960936 1.7628865979381443 2.2577319587628866 1.2989690721649485 2.4742268041237114 1.5154639175257731 1.7010309278350515 1.3298969072164948 2.7216494845360826 1.9175257731958764 1.3298969072164948 1.8556701030927836 1.5463917525773196 2.783505154639175 2.5670103092783507 2.1649484536082473 2.134020618556701 2.783505154639175 1.2371134020618557 1.4845360824742269 2.752577319587629 1.2371134020618557 1.7010309278350515 3.0 2.381443298969072 3.0 2.6597938144329896 2.2577319587628866 1.9793814432989691 1.9484536082474226 2.4742268041237114 2.2577319587628866 2.8762886597938144 2.7216494845360826 1.3608247422680413 1.4536082474226804 1.268041237113402 2.1649484536082473 2.6907216494845363 2.4123711340206184 2.3195876288659796
