40 10
TREE NETWORK (nID nID Weight):
9 0 42
32 9 56
14 32 42
25 0 41
18 0 49
31 14 31
4 14 41
37 32 34
17 32 41
12 17 39
39 32 35
11 0 42
29 17 58
34 39 56
3 34 35
35 0 56
6 25 48
36 0 30
10 0 30
2 39 32
30 9 41
38 6 36
8 30 56
15 10 44
1 9 47
5 18 40
24 14 49
7 30 45
20 31 49
16 4 43
21 29 49
19 0 32
23 6 34
22 8 38
27 2 35
33 11 48
13 4 40
26 3 55
28 9 56
PROGRAMS ASSIGNED TO NODES (nID pID1 pID2 ...):
0 1 2 3 4 5 6 7 8 9 10
1 1 2 3 10
2 1 2 5
3 1 2 3 4 5 6 7 10
4 5
6 6
7 1 2 8 9
9 1 2 3 4 5 6 7 8 10
11 6 7
12 4 5 6 8 9 10
13 1 2 3 4 5 6 7 8 10
14 1 4 5 6 7 8
15 1 2 3 4 5 6 8 9 10
16 1 2 3 4 5 7 8
17 2 5 6 7 8 9 10
19 8
20 3
21 1 2 3
22 1 2 4 5 6 7 8 9
23 1 7 10
24 1 2 4 6 7 9
25 1 2 4 5 7 9
26 2
27 1 10
28 1 2 3 4 6 7 8 9 10
29 1 4 7
30 1 2 3 4 5 8 9
31 1 2 3 4 5 6 8 10
32 2 10
33 4 7 8 9
34 1 2 3 5 7 8 9 10
35 1 5 6 7 8 10
36 1 2 3 4 5 7 8 9 10
38 4 6 9 10
39 5 8
SIZE OF PROGRAMS (pID SIZE):
1 97.0
2 97.0
3 71.0
4 45.0
5 56.0
6 85.0
7 42.0
8 72.0
9 50.0
10 83.0
COST TO INSTALL SERVERS AND PROGRAMS ON NODES (COST_TO_INSTALL_SERVER COST_TO_INSTALL_pID1 ...):
0 3158.762886597938 3.0 3.0 2.195876288659794 1.3917525773195876 1.731958762886598 2.6288659793814433 1.2989690721649485 2.2268041237113403 1.5463917525773196 2.5670103092783507
1 3.4058847491617827 2.0 2.0 1.4639175257731958 0.9278350515463918 1.1546391752577319 1.7525773195876289 0.865979381443299 1.4845360824742269 1.0309278350515463 1.711340206185567
2 18.797253313696615 3.0 3.0 2.195876288659794 1.3917525773195876 1.731958762886598 2.6288659793814433 1.2989690721649485 2.2268041237113403 1.5463917525773196 2.5670103092783507
3 41.800137457044684 2.0 2.0 1.4639175257731958 0.9278350515463918 1.1546391752577319 1.7525773195876289 0.865979381443299 1.4845360824742269 1.0309278350515463 1.711340206185567
4 22.915327418369916 3.0 3.0 2.195876288659794 1.3917525773195876 1.731958762886598 2.6288659793814433 1.2989690721649485 2.2268041237113403 1.5463917525773196 2.5670103092783507
5 63.0 2.0 2.0 1.4639175257731958 0.9278350515463918 1.1546391752577319 1.7525773195876289 0.865979381443299 1.4845360824742269 1.0309278350515463 1.711340206185567
6 2.791345773914291 3.0 3.0 2.195876288659794 1.3917525773195876 1.731958762886598 2.6288659793814433 1.2989690721649485 2.2268041237113403 1.5463917525773196 2.5670103092783507
7 12.590307921341363 2.0 2.0 1.4639175257731958 0.9278350515463918 1.1546391752577319 1.7525773195876289 0.865979381443299 1.4845360824742269 1.0309278350515463 1.711340206185567
8 3.822043416310452 3.0 3.0 2.195876288659794 1.3917525773195876 1.731958762886598 2.6288659793814433 1.2989690721649485 2.2268041237113403 1.5463917525773196 2.5670103092783507
9 1.2553844780648902 2.0 2.0 1.4639175257731958 0.9278350515463918 1.1546391752577319 1.7525773195876289 0.865979381443299 1.4845360824742269 1.0309278350515463 1.711340206185567
10 1.668178694158076 2.0 2.0 1.4639175257731958 0.9278350515463918 1.1546391752577319 1.7525773195876289 0.865979381443299 1.4845360824742269 1.0309278350515463 1.711340206185567
11 4.248109965635739 3.0 3.0 2.195876288659794 1.3917525773195876 1.731958762886598 2.6288659793814433 1.2989690721649485 2.2268041237113403 1.5463917525773196 2.5670103092783507
12 21.439571699359224 2.0 2.0 1.4639175257731958 0.9278350515463918 1.1546391752577319 1.7525773195876289 0.865979381443299 1.4845360824742269 1.0309278350515463 1.711340206185567
13 48.95299112755486 3.0 3.0 2.195876288659794 1.3917525773195876 1.731958762886598 2.6288659793814433 1.2989690721649485 2.2268041237113403 1.5463917525773196 2.5670103092783507
14 29.03349176596599 2.0 2.0 1.4639175257731958 0.9278350515463918 1.1546391752577319 1.7525773195876289 0.865979381443299 1.4845360824742269 1.0309278350515463 1.711340206185567
15 18.135807560137454 3.0 3.0 2.195876288659794 1.3917525773195876 1.731958762886598 2.6288659793814433 1.2989690721649485 2.2268041237113403 1.5463917525773196 2.5670103092783507
16 32.5489876591063 3.0 3.0 2.195876288659794 1.3917525773195876 1.731958762886598 2.6288659793814433 1.2989690721649485 2.2268041237113403 1.5463917525773196 2.5670103092783507
17 12.10973438178618 2.0 2.0 1.4639175257731958 0.9278350515463918 1.1546391752577319 1.7525773195876289 0.865979381443299 1.4845360824742269 1.0309278350515463 1.711340206185567
18 109.0 3.0 3.0 2.195876288659794 1.3917525773195876 1.731958762886598 2.6288659793814433 1.2989690721649485 2.2268041237113403 1.5463917525773196 2.5670103092783507
19 0.004639175257731942 3.0 3.0 2.195876288659794 1.3917525773195876 1.731958762886598 2.6288659793814433 1.2989690721649485 2.2268041237113403 1.5463917525773196 2.5670103092783507
20 4.846935919362756 2.0 2.0 1.4639175257731958 0.9278350515463918 1.1546391752577319 1.7525773195876289 0.865979381443299 1.4845360824742269 1.0309278350515463 1.711340206185567
21 18.32201710496568 3.0 3.0 2.195876288659794 1.3917525773195876 1.731958762886598 2.6288659793814433 1.2989690721649485 2.2268041237113403 1.5463917525773196 2.5670103092783507
22 14.11320276776651 3.0 3.0 2.195876288659794 1.3917525773195876 1.731958762886598 2.6288659793814433 1.2989690721649485 2.2268041237113403 1.5463917525773196 2.5670103092783507
23 1.9406133059208088 3.0 3.0 2.195876288659794 1.3917525773195876 1.731958762886598 2.6288659793814433 1.2989690721649485 2.2268041237113403 1.5463917525773196 2.5670103092783507
24 9.308767395028704 2.0 2.0 1.4639175257731958 0.9278350515463918 1.1546391752577319 1.7525773195876289 0.865979381443299 1.4845360824742269 1.0309278350515463 1.711340206185567
25 52.0 3.0 3.0 2.195876288659794 1.3917525773195876 1.731958762886598 2.6288659793814433 1.2989690721649485 2.2268041237113403 1.5463917525773196 2.5670103092783507
26 2.0160606060606066 3.0 3.0 2.195876288659794 1.3917525773195876 1.731958762886598 2.6288659793814433 1.2989690721649485 2.2268041237113403 1.5463917525773196 2.5670103092783507
27 3.568740795287187 3.0 3.0 2.195876288659794 1.3917525773195876 1.731958762886598 2.6288659793814433 1.2989690721649485 2.2268041237113403 1.5463917525773196 2.5670103092783507
28 6.204896907216491 3.0 3.0 2.195876288659794 1.3917525773195876 1.731958762886598 2.6288659793814433 1.2989690721649485 2.2268041237113403 1.5463917525773196 2.5670103092783507
29 15.976480086165953 3.0 3.0 2.195876288659794 1.3917525773195876 1.731958762886598 2.6288659793814433 1.2989690721649485 2.2268041237113403 1.5463917525773196 2.5670103092783507
30 11.68446244477172 3.0 3.0 2.195876288659794 1.3917525773195876 1.731958762886598 2.6288659793814433 1.2989690721649485 2.2268041237113403 1.5463917525773196 2.5670103092783507
31 50.88607877914496 2.0 2.0 1.4639175257731958 0.9278350515463918 1.1546391752577319 1.7525773195876289 0.865979381443299 1.4845360824742269 1.0309278350515463 1.711340206185567
32 10.951905654482976 2.0 2.0 1.4639175257731958 0.9278350515463918 1.1546391752577319 1.7525773195876289 0.865979381443299 1.4845360824742269 1.0309278350515463 1.711340206185567
33 3.0126472754050075 2.0 2.0 1.4639175257731958 0.9278350515463918 1.1546391752577319 1.7525773195876289 0.865979381443299 1.4845360824742269 1.0309278350515463 1.711340206185567
34 7.980569464899363 3.0 3.0 2.195876288659794 1.3917525773195876 1.731958762886598 2.6288659793814433 1.2989690721649485 2.2268041237113403 1.5463917525773196 2.5670103092783507
35 13.0 3.0 3.0 2.195876288659794 1.3917525773195876 1.731958762886598 2.6288659793814433 1.2989690721649485 2.2268041237113403 1.5463917525773196 2.5670103092783507
36 8.573573883161513 2.0 2.0 1.4639175257731958 0.9278350515463918 1.1546391752577319 1.7525773195876289 0.865979381443299 1.4845360824742269 1.0309278350515463 1.711340206185567
37 55.0 3.0 3.0 2.195876288659794 1.3917525773195876 1.731958762886598 2.6288659793814433 1.2989690721649485 2.2268041237113403 1.5463917525773196 2.5670103092783507
38 13.77667595619255 2.0 2.0 1.4639175257731958 0.9278350515463918 1.1546391752577319 1.7525773195876289 0.865979381443299 1.4845360824742269 1.0309278350515463 1.711340206185567
39 12.970956397554332 3.0 3.0 2.195876288659794 1.3917525773195876 1.731958762886598 2.6288659793814433 1.2989690721649485 2.2268041237113403 1.5463917525773196 2.5670103092783507
