100 30
TREE NETWORK (nID nID Weight):
56 0 35
75 0 53
63 0 57
74 0 48
96 0 36
6 63 40
80 75 33
48 56 33
61 96 40
2 80 42
21 2 41
83 56 44
46 2 50
77 61 35
3 61 59
35 80 54
28 61 54
45 35 34
69 96 56
99 63 59
89 80 39
37 2 56
26 74 57
70 21 59
44 2 31
67 99 32
8 6 40
86 8 55
47 28 45
19 70 58
22 80 35
20 63 42
50 96 34
25 99 39
43 56 37
55 50 31
10 22 30
31 28 53
87 8 59
32 50 54
95 70 40
33 35 32
59 22 45
91 21 43
14 8 43
53 95 41
42 63 32
72 14 50
13 28 43
36 63 33
49 50 32
23 74 50
41 48 37
12 49 39
78 32 56
68 89 33
84 13 31
54 49 46
38 8 34
1 75 51
88 45 51
11 87 52
18 63 46
76 56 47
51 69 50
64 53 56
66 68 44
29 14 52
92 69 49
30 91 49
40 8 33
58 89 53
62 83 52
98 92 54
71 41 36
60 67 37
73 50 47
27 49 42
57 66 42
79 29 47
93 58 41
82 28 30
85 75 33
90 61 50
52 20 53
34 44 32
94 38 57
7 94 54
9 8 38
65 80 54
39 49 33
5 23 40
81 23 52
24 11 50
97 26 59
4 5 40
16 77 55
15 72 39
17 72 32
PROGRAMS ASSIGNED TO NODES (nID pID1 pID2 ...):
0 1 2 3 4 5 6 7 8 9 10 11 12 13 14 15 16 17 18 19 20 21 22 23 24 25 26 27 28 29 30
1 1 2 3 4 5 6 7 8 9 10 11 13 14 17 18 19 20 22 23 24 25 27 28 30
2 1 3 5 6 7 8 9 11 12 13 15 17 19 21 22 24 25 26 27 29 30
3 1 2 3 5 6 7 9 10 11 12 15 16 18 19 22 23 24 25 26 27 28 29
4 2 21 28 12
5 1 2 4 5 6 9 10 12 13 16 18 19 20 21 22 23 29
6 1 2 3 4 6 7 8 9 10 11 12 14 16 17 20 21 23 24 26 29
7 3 9 10 11 14 16 17 18 20 21 22 25 26 29 30
8 1 2 3 4 5 6 7 8 9 10 12 13 15 16 17 18 19 20 22 23 24 25 26 29 30
9 3 5 6 13
10 4 6
11 22
12 2 3 4 5 6 7 8 9 11 12 13 14 15 16 17 18 19 21 22 24 26 28 30
13 1 3 4 5 6 7 9 10 11 12 13 14 15 16 17 18 19 22 23 24 25 26 27 29 30
14 1 6 7 8 9 10 12 13 14 16 17 18 19 20 23 24 25 26 27 29 30
15 2 4 8 9 10 11 12 14 16 17 19 20 21 22 23 24 26
16 1 2 3 4 5 6 7 8 10 11 12 13 14 15 16 17 19 20 21 22 23 24 25 26 27 28 29 30
17 2 3 5 6 8 9 10 11 14 15 18 19 20 21 24 26 27 30
18 1 22 23 24 9 10 11 12
19 16 21 23
20 2 5 6 8 9 10 11 12 15 16 17 18 19 22 28 29
21 2 4 7 8 9 10 14 15 16 17 18 20 22 27 28 29 30
22 2 3 4 5 6 7 8 9 10 11 12 13 14 15 16 17 18 19 20 21 24 25 26 27 28 30
23 17 10 11
24 1 6 7 8 9 10 11 12 13 15 16 19 22 24 26 27 28 29
25 23
26 18 19 4 22 24 26 11 27 12
28 5 7 8 9 10 11 13 14 17 19 21 22 24 25 28 29 30
29 1 2 3 4 6 7 8 9 10 12 14 15 17 18 19 20 21 22 23 25 26 27 28 29 30
30 1 6 8 11 12 13 14 16 17 19 20 24 26 29
31 17 2 19 20 9 26 12
32 18 8
33 11
34 19 8 26
35 6
37 1 2 3 4 5 6 7 8 9 10 11 12 13 14 15 16 17 18 19 20 21 22 23 24 25 26 27 28 29
38 19 7 28 15
39 3 5 6 8 10 11 13 16 17 18 20 21 22 23 26 28 29
40 18 12
41 2 3 4 5 6 7 10 12 13 15 16 17 18 19 20 21 22 23 25 26 27 28 29 30
42 17 2 18 20 5 7 24 9 27
43 18 2 3 5 21 22 28 30 14 15
44 25
45 27 30
46 2 3 5 7 8 9 11 12 15 17 23 24 26
47 18 19 3 20 21 22 8 27 28 12 29
48 2 5 6 7 11 13 14 15 19 20 21 22 23 27 30
49 1 2 3 5 6 7 9 10 11 12 15 17 19 21 22 23 26 27 28 30
50 1 3 4 5 6 7 8 9 11 12 13 14 16 17 18 19 21 22 23 24 25 26 27 28 29 30
51 3 4 6 9 11 12 13 14 17 18 19 20 21 22 23 25 26 28 29 30
52 18 8 10 27 28 13 29
53 1 2 3 4 5 6 7 8 9 10 11 12 13 15 16 18 19 20 21 22 23 24 25 26 27 28 29 30
54 2 3 12 13 16 17 19 20 23 24 26 27 28 29 30
56 1 2 3 4 5 6 7 9 11 12 14 15 16 18 20 21 22 23 24 25 26 29
57 18 4 22 6 7 23 9 26 29 14
58 2 4 9 11 29 30 15
59 21
60 19 20 22 12
61 1 2 3 4 5 6 7 8 9 11 12 13 14 15 16 18 19 20 21 22 23 24 25 26 27 29
62 1 4 8 9 10 11 12 13 15 17 18 19 20 24 26
63 17 23 11 28
64 1 2 5 6 7 10 11 12 14 16 19 21 23 25 26 27 28
65 1 2 4 5 6 9 10 11 12 13 14 15 16 17 20 21 22 23 24 25 26 27 29 30
66 5 24 26 13 15
67 1 2 4 5 6 10 12 14 16 17 18 20 21 23 25 27
69 1 2 3 6 7 8 10 12 13 14 16 19 22 26 28
70 1 2 3 4 5 6 7 9 10 11 12 13 14 15 16 17 18 19 20 21 22 23 24 25 26 27 28 29 30
71 4 5 6 7 9 10 11 13 15 16 17 18 20 21 22 23 24 26 27 28 29 30
72 1 3 4 5 6 7 8 9 10 11 12 13 14 15 16 18 20 21 22 23 24 25 26 27 28 30
73 2 3 4 6 7 8 9 10 11 12 15 16 17 18 19 20 22 23 24 25 27 29 30
74 1 2 4 5 6 7 8 10 11 12 13 14 15 16 17 18 19 20 21 22 23 24 25 26 27 28 30
75 6 27
76 1 2 3 4 5 6 7 8 10 11 12 14 15 16 17 18 19 21 22 23 24 25 26 27 28 29 30
77 1 2 3 5 6 7 9 13 16 18 19 21 29 30
78 1 2 7 8 10 11 13 16 17 19 20 22 24 25 27 29 30
79 2 3 5 6 8 9 10 11 12 13 14 16 17 18 19 21 22 23 25 26 27 28 29 30
80 3 21 10 12
81 1 2 3 4 5 6 7 8 9 10 11 12 13 14 16 19 20 21 22 23 24 25 26 27 28 30
82 2 3 4 5 6 8 9 11 13 15 16 17 19 20 22 23 24 26 28 30
83 2 19 20 6 7 25 10 26 11
84 1 3 5 6 7 9 10 11 12 13 14 15 16 17 18 19 20 21 23 24 25 26 27 28 29
85 21 22 25 12 13
86 3 20 21 22 23 8 27 30 14
87 2 3 7 9 11 12 15 17 18 19 20 22 23 26 27 29
88 1 3 7 8 10 11 12 13 16 18 24 25 28 29
89 16 1 2 4 21 22 8 9 25 13 14
90 2 4 5 6 7 8 9 10 11 13 14 15 16 17 18 19 20 21 22 23 25 27 28 29 30
91 1 2 3 4 5 6 8 9 10 11 12 13 14 15 16 17 18 19 20 21 22 23 24 25 26 27 28
92 1 3 5 6 7 8 9 10 13 15 16 18 19 21 22 23 24 25 27 28 29 30
93 2 21 27 28 30
94 1 2 3 4 7 8 9 10 11 12 13 14 16 17 18 19 20 21 23 24 25 26 28 29 30
95 1 2 4 6 7 9 14 15 16 18 19 20 21 22 24 26 27
96 1 4 5 12 13 14 16 20 22 25 27 29 30
97 25 27 12 28 14
98 2 5 11 28 29
99 4 5 7 8 12 13 18 19 20 22 23 24 25 26 27
SIZE OF PROGRAMS (pID SIZE):
1 97.0
2 92.0
3 98.0
4 90.0
5 55.0
6 91.0
7 49.0
8 45.0
9 93.0
10 52.0
11 57.0
12 47.0
13 63.0
14 92.0
15 97.0
16 93.0
17 92.0
18 74.0
19 97.0
20 66.0
21 78.0
22 71.0
23 87.0
24 98.0
25 88.0
26 77.0
27 99.0
28 99.0
29 42.0
30 58.0
COST TO INSTALL SERVERS AND PROGRAMS ON NODES (COST_TO_INSTALL_SERVER COST_TO_INSTALL_pID1 ...):
0 5721.212121212121 1.9595959595959596 1.8585858585858586 1.97979797979798 1.8181818181818181 1.1111111111111112 1.8383838383838385 0.98989898989899 0.9090909090909091 1.878787878787879 1.0505050505050506 1.1515151515151516 0.9494949494949495 1.2727272727272727 1.8585858585858586 1.9595959595959596 1.878787878787879 1.8585858585858586 1.494949494949495 1.9595959595959596 1.3333333333333333 1.5757575757575757 1.4343434343434343 1.7575757575757576 1.97979797979798 1.7777777777777777 1.5555555555555556 2.0 2.0 0.8484848484848485 1.1717171717171717
1 22.255962510790486 1.9595959595959596 1.8585858585858586 1.97979797979798 1.8181818181818181 1.1111111111111112 1.8383838383838385 0.98989898989899 0.9090909090909091 1.878787878787879 1.0505050505050506 1.1515151515151516 0.9494949494949495 1.2727272727272727 1.8585858585858586 1.9595959595959596 1.878787878787879 1.8585858585858586 1.494949494949495 1.9595959595959596 1.3333333333333333 1.5757575757575757 1.4343434343434343 1.7575757575757576 1.97979797979798 1.7777777777777777 1.5555555555555556 2.0 2.0 0.8484848484848485 1.1717171717171717
2 23.16476828101904 2.9393939393939394 2.787878787878788 2.9696969696969697 2.727272727272727 1.6666666666666667 2.757575757575758 1.4848484848484849 1.3636363636363635 2.8181818181818183 1.5757575757575757 1.7272727272727273 1.4242424242424243 1.9090909090909092 2.787878787878788 2.9393939393939394 2.8181818181818183 2.787878787878788 2.242424242424242 2.9393939393939394 2.0 2.3636363636363638 2.1515151515151514 2.6363636363636362 2.9696969696969697 2.6666666666666665 2.3333333333333335 3.0 3.0 1.2727272727272727 1.7575757575757576
3 66.43400638663715 1.9595959595959596 1.8585858585858586 1.97979797979798 1.8181818181818181 1.1111111111111112 1.8383838383838385 0.98989898989899 0.9090909090909091 1.878787878787879 1.0505050505050506 1.1515151515151516 0.9494949494949495 1.2727272727272727 1.8585858585858586 1.9595959595959596 1.878787878787879 1.8585858585858586 1.494949494949495 1.9595959595959596 1.3333333333333333 1.5757575757575757 1.4343434343434343 1.7575757575757576 1.97979797979798 1.7777777777777777 1.5555555555555556 2.0 2.0 0.8484848484848485 1.1717171717171717
4 13.391696969696973 1.9595959595959596 1.8585858585858586 1.97979797979798 1.8181818181818181 1.1111111111111112 1.8383838383838385 0.98989898989899 0.9090909090909091 1.878787878787879 1.0505050505050506 1.1515151515151516 0.9494949494949495 1.2727272727272727 1.8585858585858586 1.9595959595959596 1.878787878787879 1.8585858585858586 1.494949494949495 1.9595959595959596 1.3333333333333333 1.5757575757575757 1.4343434343434343 1.7575757575757576 1.97979797979798 1.7777777777777777 1.5555555555555556 2.0 2.0 0.8484848484848485 1.1717171717171717
5 35.97572727272726 1.9595959595959596 1.8585858585858586 1.97979797979798 1.8181818181818181 1.1111111111111112 1.8383838383838385 0.98989898989899 0.9090909090909091 1.878787878787879 1.0505050505050506 1.1515151515151516 0.9494949494949495 1.2727272727272727 1.8585858585858586 1.9595959595959596 1.878787878787879 1.8585858585858586 1.494949494949495 1.9595959595959596 1.3333333333333333 1.5757575757575757 1.4343434343434343 1.7575757575757576 1.97979797979798 1.7777777777777777 1.5555555555555556 2.0 2.0 0.8484848484848485 1.1717171717171717
6 23.2545747800587 2.9393939393939394 2.787878787878788 2.9696969696969697 2.727272727272727 1.6666666666666667 2.757575757575758 1.4848484848484849 1.3636363636363635 2.8181818181818183 1.5757575757575757 1.7272727272727273 1.4242424242424243 1.9090909090909092 2.787878787878788 2.9393939393939394 2.8181818181818183 2.787878787878788 2.242424242424242 2.9393939393939394 2.0 2.3636363636363638 2.1515151515151514 2.6363636363636362 2.9696969696969697 2.6666666666666665 2.3333333333333335 3.0 3.0 1.2727272727272727 1.7575757575757576
7 95.84077270381836 2.9393939393939394 2.787878787878788 2.9696969696969697 2.727272727272727 1.6666666666666667 2.757575757575758 1.4848484848484849 1.3636363636363635 2.8181818181818183 1.5757575757575757 1.7272727272727273 1.4242424242424243 1.9090909090909092 2.787878787878788 2.9393939393939394 2.8181818181818183 2.787878787878788 2.242424242424242 2.9393939393939394 2.0 2.3636363636363638 2.1515151515151514 2.6363636363636362 2.9696969696969697 2.6666666666666665 2.3333333333333335 3.0 3.0 1.2727272727272727 1.7575757575757576
8 23.021319648093822 2.9393939393939394 2.787878787878788 2.9696969696969697 2.727272727272727 1.6666666666666667 2.757575757575758 1.4848484848484849 1.3636363636363635 2.8181818181818183 1.5757575757575757 1.7272727272727273 1.4242424242424243 1.9090909090909092 2.787878787878788 2.9393939393939394 2.8181818181818183 2.787878787878788 2.242424242424242 2.9393939393939394 2.0 2.3636363636363638 2.1515151515151514 2.6363636363636362 2.9696969696969697 2.6666666666666665 2.3333333333333335 3.0 3.0 1.2727272727272727 1.7575757575757576
9 19.511881977671443 2.9393939393939394 2.787878787878788 2.9696969696969697 2.727272727272727 1.6666666666666667 2.757575757575758 1.4848484848484849 1.3636363636363635 2.8181818181818183 1.5757575757575757 1.7272727272727273 1.4242424242424243 1.9090909090909092 2.787878787878788 2.9393939393939394 2.8181818181818183 2.787878787878788 2.242424242424242 2.9393939393939394 2.0 2.3636363636363638 2.1515151515151514 2.6363636363636362 2.9696969696969697 2.6666666666666665 2.3333333333333335 3.0 3.0 1.2727272727272727 1.7575757575757576
10 12.670542078466605 2.9393939393939394 2.787878787878788 2.9696969696969697 2.727272727272727 1.6666666666666667 2.757575757575758 1.4848484848484849 1.3636363636363635 2.8181818181818183 1.5757575757575757 1.7272727272727273 1.4242424242424243 1.9090909090909092 2.787878787878788 2.9393939393939394 2.8181818181818183 2.787878787878788 2.242424242424242 2.9393939393939394 2.0 2.3636363636363638 2.1515151515151514 2.6363636363636362 2.9696969696969697 2.6666666666666665 2.3333333333333335 3.0 3.0 1.2727272727272727 1.7575757575757576
11 82.92655877449617 1.9595959595959596 1.8585858585858586 1.97979797979798 1.8181818181818181 1.1111111111111112 1.8383838383838385 0.98989898989899 0.9090909090909091 1.878787878787879 1.0505050505050506 1.1515151515151516 0.9494949494949495 1.2727272727272727 1.8585858585858586 1.9595959595959596 1.878787878787879 1.8585858585858586 1.494949494949495 1.9595959595959596 1.3333333333333333 1.5757575757575757 1.4343434343434343 1.7575757575757576 1.97979797979798 1.7777777777777777 1.5555555555555556 2.0 2.0 0.8484848484848485 1.1717171717171717
12 111.61689955265321 1.9595959595959596 1.8585858585858586 1.97979797979798 1.8181818181818181 1.1111111111111112 1.8383838383838385 0.98989898989899 0.9090909090909091 1.878787878787879 1.0505050505050506 1.1515151515151516 0.9494949494949495 1.2727272727272727 1.8585858585858586 1.9595959595959596 1.878787878787879 1.8585858585858586 1.494949494949495 1.9595959595959596 1.3333333333333333 1.5757575757575757 1.4343434343434343 1.7575757575757576 1.97979797979798 1.7777777777777777 1.5555555555555556 2.0 2.0 0.8484848484848485 1.1717171717171717
13 117.31931450295527 1.9595959595959596 1.8585858585858586 1.97979797979798 1.8181818181818181 1.1111111111111112 1.8383838383838385 0.98989898989899 0.9090909090909091 1.878787878787879 1.0505050505050506 1.1515151515151516 0.9494949494949495 1.2727272727272727 1.8585858585858586 1.9595959595959596 1.878787878787879 1.8585858585858586 1.494949494949495 1.9595959595959596 1.3333333333333333 1.5757575757575757 1.4343434343434343 1.7575757575757576 1.97979797979798 1.7777777777777777 1.5555555555555556 2.0 2.0 0.8484848484848485 1.1717171717171717
14 134.11823364932133 1.9595959595959596 1.8585858585858586 1.97979797979798 1.8181818181818181 1.1111111111111112 1.8383838383838385 0.98989898989899 0.9090909090909091 1.878787878787879 1.0505050505050506 1.1515151515151516 0.9494949494949495 1.2727272727272727 1.8585858585858586 1.9595959595959596 1.878787878787879 1.8585858585858586 1.494949494949495 1.9595959595959596 1.3333333333333333 1.5757575757575757 1.4343434343434343 1.7575757575757576 1.97979797979798 1.7777777777777777 1.5555555555555556 2.0 2.0 0.8484848484848485 1.1717171717171717
15 90.83536150751041 1.9595959595959596 1.8585858585858586 1.97979797979798 1.8181818181818181 1.1111111111111112 1.8383838383838385 0.98989898989899 0.9090909090909091 1.878787878787879 1.0505050505050506 1.1515151515151516 0.9494949494949495 1.2727272727272727 1.8585858585858586 1.9595959595959596 1.878787878787879 1.8585858585858586 1.494949494949495 1.9595959595959596 1.3333333333333333 1.5757575757575757 1.4343434343434343 1.7575757575757576 1.97979797979798 1.7777777777777777 1.5555555555555556 2.0 2.0 0.8484848484848485 1.1717171717171717
16 40.36478578892372 1.9595959595959596 1.8585858585858586 1.97979797979798 1.8181818181818181 1.1111111111111112 1.8383838383838385 0.98989898989899 0.9090909090909091 1.878787878787879 1.0505050505050506 1.1515151515151516 0.9494949494949495 1.2727272727272727 1.8585858585858586 1.9595959595959596 1.878787878787879 1.8585858585858586 1.494949494949495 1.9595959595959596 1.3333333333333333 1.5757575757575757 1.4343434343434343 1.7575757575757576 1.97979797979798 1.7777777777777777 1.5555555555555556 2.0 2.0 0.8484848484848485 1.1717171717171717
17 31.713697368421037 2.9393939393939394 2.787878787878788 2.9696969696969697 2.727272727272727 1.6666666666666667 2.757575757575758 1.4848484848484849 1.3636363636363635 2.8181818181818183 1.5757575757575757 1.7272727272727273 1.4242424242424243 1.9090909090909092 2.787878787878788 2.9393939393939394 2.8181818181818183 2.787878787878788 2.242424242424242 2.9393939393939394 2.0 2.3636363636363638 2.1515151515151514 2.6363636363636362 2.9696969696969697 2.6666666666666665 2.3333333333333335 3.0 3.0 1.2727272727272727 1.7575757575757576
18 2.883165753646305 2.9393939393939394 2.787878787878788 2.9696969696969697 2.727272727272727 1.6666666666666667 2.757575757575758 1.4848484848484849 1.3636363636363635 2.8181818181818183 1.5757575757575757 1.7272727272727273 1.4242424242424243 1.9090909090909092 2.787878787878788 2.9393939393939394 2.8181818181818183 2.787878787878788 2.242424242424242 2.9393939393939394 2.0 2.3636363636363638 2.1515151515151514 2.6363636363636362 2.9696969696969697 2.6666666666666665 2.3333333333333335 3.0 3.0 1.2727272727272727 1.7575757575757576
19 27.29414830094757 1.9595959595959596 1.8585858585858586 1.97979797979798 1.8181818181818181 1.1111111111111112 1.8383838383838385 0.98989898989899 0.9090909090909091 1.878787878787879 1.0505050505050506 1.1515151515151516 0.9494949494949495 1.2727272727272727 1.8585858585858586 1.9595959595959596 1.878787878787879 1.8585858585858586 1.494949494949495 1.9595959595959596 1.3333333333333333 1.5757575757575757 1.4343434343434343 1.7575757575757576 1.97979797979798 1.7777777777777777 1.5555555555555556 2.0 2.0 0.8484848484848485 1.1717171717171717
20 20.877731409864378 1.9595959595959596 1.8585858585858586 1.97979797979798 1.8181818181818181 1.1111111111111112 1.8383838383838385 0.98989898989899 0.9090909090909091 1.878787878787879 1.0505050505050506 1.1515151515151516 0.9494949494949495 1.2727272727272727 1.8585858585858586 1.9595959595959596 1.878787878787879 1.8585858585858586 1.494949494949495 1.9595959595959596 1.3333333333333333 1.5757575757575757 1.4343434343434343 1.7575757575757576 1.97979797979798 1.7777777777777777 1.5555555555555556 2.0 2.0 0.8484848484848485 1.1717171717171717
21 94.24389578771807 1.9595959595959596 1.8585858585858586 1.97979797979798 1.8181818181818181 1.1111111111111112 1.8383838383838385 0.98989898989899 0.9090909090909091 1.878787878787879 1.0505050505050506 1.1515151515151516 0.9494949494949495 1.2727272727272727 1.8585858585858586 1.9595959595959596 1.878787878787879 1.8585858585858586 1.494949494949495 1.9595959595959596 1.3333333333333333 1.5757575757575757 1.4343434343434343 1.7575757575757576 1.97979797979798 1.7777777777777777 1.5555555555555556 2.0 2.0 0.8484848484848485 1.1717171717171717
22 71.29890337940651 1.9595959595959596 1.8585858585858586 1.97979797979798 1.8181818181818181 1.1111111111111112 1.8383838383838385 0.98989898989899 0.9090909090909091 1.878787878787879 1.0505050505050506 1.1515151515151516 0.9494949494949495 1.2727272727272727 1.8585858585858586 1.9595959595959596 1.878787878787879 1.8585858585858586 1.494949494949495 1.9595959595959596 1.3333333333333333 1.5757575757575757 1.4343434343434343 1.7575757575757576 1.97979797979798 1.7777777777777777 1.5555555555555556 2.0 2.0 0.8484848484848485 1.1717171717171717
23 7.862626262626275 2.9393939393939394 2.787878787878788 2.9696969696969697 2.727272727272727 1.6666666666666667 2.757575757575758 1.4848484848484849 1.3636363636363635 2.8181818181818183 1.5757575757575757 1.7272727272727273 1.4242424242424243 1.9090909090909092 2.787878787878788 2.9393939393939394 2.8181818181818183 2.787878787878788 2.242424242424242 2.9393939393939394 2.0 2.3636363636363638 2.1515151515151514 2.6363636363636362 2.9696969696969697 2.6666666666666665 2.3333333333333335 3.0 3.0 1.2727272727272727 1.7575757575757576
24 125.12838734103427 1.9595959595959596 1.8585858585858586 1.97979797979798 1.8181818181818181 1.1111111111111112 1.8383838383838385 0.98989898989899 0.9090909090909091 1.878787878787879 1.0505050505050506 1.1515151515151516 0.9494949494949495 1.2727272727272727 1.8585858585858586 1.9595959595959596 1.878787878787879 1.8585858585858586 1.494949494949495 1.9595959595959596 1.3333333333333333 1.5757575757575757 1.4343434343434343 1.7575757575757576 1.97979797979798 1.7777777777777777 1.5555555555555556 2.0 2.0 0.8484848484848485 1.1717171717171717
25 2.4318598736975185 1.9595959595959596 1.8585858585858586 1.97979797979798 1.8181818181818181 1.1111111111111112 1.8383838383838385 0.98989898989899 0.9090909090909091 1.878787878787879 1.0505050505050506 1.1515151515151516 0.9494949494949495 1.2727272727272727 1.8585858585858586 1.9595959595959596 1.878787878787879 1.8585858585858586 1.494949494949495 1.9595959595959596 1.3333333333333333 1.5757575757575757 1.4343434343434343 1.7575757575757576 1.97979797979798 1.7777777777777777 1.5555555555555556 2.0 2.0 0.8484848484848485 1.1717171717171717
26 2.8255842841369163 2.9393939393939394 2.787878787878788 2.9696969696969697 2.727272727272727 1.6666666666666667 2.757575757575758 1.4848484848484849 1.3636363636363635 2.8181818181818183 1.5757575757575757 1.7272727272727273 1.4242424242424243 1.9090909090909092 2.787878787878788 2.9393939393939394 2.8181818181818183 2.787878787878788 2.242424242424242 2.9393939393939394 2.0 2.3636363636363638 2.1515151515151514 2.6363636363636362 2.9696969696969697 2.6666666666666665 2.3333333333333335 3.0 3.0 1.2727272727272727 1.7575757575757576
27 23.0 2.9393939393939394 2.787878787878788 2.9696969696969697 2.727272727272727 1.6666666666666667 2.757575757575758 1.4848484848484849 1.3636363636363635 2.8181818181818183 1.5757575757575757 1.7272727272727273 1.4242424242424243 1.9090909090909092 2.787878787878788 2.9393939393939394 2.8181818181818183 2.787878787878788 2.242424242424242 2.9393939393939394 2.0 2.3636363636363638 2.1515151515151514 2.6363636363636362 2.9696969696969697 2.6666666666666665 2.3333333333333335 3.0 3.0 1.2727272727272727 1.7575757575757576
28 93.21474910394265 1.9595959595959596 1.8585858585858586 1.97979797979798 1.8181818181818181 1.1111111111111112 1.8383838383838385 0.98989898989899 0.9090909090909091 1.878787878787879 1.0505050505050506 1.1515151515151516 0.9494949494949495 1.2727272727272727 1.8585858585858586 1.9595959595959596 1.878787878787879 1.8585858585858586 1.494949494949495 1.9595959595959596 1.3333333333333333 1.5757575757575757 1.4343434343434343 1.7575757575757576 1.97979797979798 1.7777777777777777 1.5555555555555556 2.0 2.0 0.8484848484848485 1.1717171717171717
29 119.00645110363592 2.9393939393939394 2.787878787878788 2.9696969696969697 2.727272727272727 1.6666666666666667 2.757575757575758 1.4848484848484849 1.3636363636363635 2.8181818181818183 1.5757575757575757 1.7272727272727273 1.4242424242424243 1.9090909090909092 2.787878787878788 2.9393939393939394 2.8181818181818183 2.787878787878788 2.242424242424242 2.9393939393939394 2.0 2.3636363636363638 2.1515151515151514 2.6363636363636362 2.9696969696969697 2.6666666666666665 2.3333333333333335 3.0 3.0 1.2727272727272727 1.7575757575757576
30 117.04337461822553 2.9393939393939394 2.787878787878788 2.9696969696969697 2.727272727272727 1.6666666666666667 2.757575757575758 1.4848484848484849 1.3636363636363635 2.8181818181818183 1.5757575757575757 1.7272727272727273 1.4242424242424243 1.9090909090909092 2.787878787878788 2.9393939393939394 2.8181818181818183 2.787878787878788 2.242424242424242 2.9393939393939394 2.0 2.3636363636363638 2.1515151515151514 2.6363636363636362 2.9696969696969697 2.6666666666666665 2.3333333333333335 3.0 3.0 1.2727272727272727 1.7575757575757576
31 32.07362588145607 2.9393939393939394 2.787878787878788 2.9696969696969697 2.727272727272727 1.6666666666666667 2.757575757575758 1.4848484848484849 1.3636363636363635 2.8181818181818183 1.5757575757575757 1.7272727272727273 1.4242424242424243 1.9090909090909092 2.787878787878788 2.9393939393939394 2.8181818181818183 2.787878787878788 2.242424242424242 2.9393939393939394 2.0 2.3636363636363638 2.1515151515151514 2.6363636363636362 2.9696969696969697 2.6666666666666665 2.3333333333333335 3.0 3.0 1.2727272727272727 1.7575757575757576
32 80.99908892850071 1.9595959595959596 1.8585858585858586 1.97979797979798 1.8181818181818181 1.1111111111111112 1.8383838383838385 0.98989898989899 0.9090909090909091 1.878787878787879 1.0505050505050506 1.1515151515151516 0.9494949494949495 1.2727272727272727 1.8585858585858586 1.9595959595959596 1.878787878787879 1.8585858585858586 1.494949494949495 1.9595959595959596 1.3333333333333333 1.5757575757575757 1.4343434343434343 1.7575757575757576 1.97979797979798 1.7777777777777777 1.5555555555555556 2.0 2.0 0.8484848484848485 1.1717171717171717
33 2.7385940775681337 2.9393939393939394 2.787878787878788 2.9696969696969697 2.727272727272727 1.6666666666666667 2.757575757575758 1.4848484848484849 1.3636363636363635 2.8181818181818183 1.5757575757575757 1.7272727272727273 1.4242424242424243 1.9090909090909092 2.787878787878788 2.9393939393939394 2.8181818181818183 2.787878787878788 2.242424242424242 2.9393939393939394 2.0 2.3636363636363638 2.1515151515151514 2.6363636363636362 2.9696969696969697 2.6666666666666665 2.3333333333333335 3.0 3.0 1.2727272727272727 1.7575757575757576
34 5.093349705427459 1.9595959595959596 1.8585858585858586 1.97979797979798 1.8181818181818181 1.1111111111111112 1.8383838383838385 0.98989898989899 0.9090909090909091 1.878787878787879 1.0505050505050506 1.1515151515151516 0.9494949494949495 1.2727272727272727 1.8585858585858586 1.9595959595959596 1.878787878787879 1.8585858585858586 1.494949494949495 1.9595959595959596 1.3333333333333333 1.5757575757575757 1.4343434343434343 1.7575757575757576 1.97979797979798 1.7777777777777777 1.5555555555555556 2.0 2.0 0.8484848484848485 1.1717171717171717
35 64.63570011788039 1.9595959595959596 1.8585858585858586 1.97979797979798 1.8181818181818181 1.1111111111111112 1.8383838383838385 0.98989898989899 0.9090909090909091 1.878787878787879 1.0505050505050506 1.1515151515151516 0.9494949494949495 1.2727272727272727 1.8585858585858586 1.9595959595959596 1.878787878787879 1.8585858585858586 1.494949494949495 1.9595959595959596 1.3333333333333333 1.5757575757575757 1.4343434343434343 1.7575757575757576 1.97979797979798 1.7777777777777777 1.5555555555555556 2.0 2.0 0.8484848484848485 1.1717171717171717
36 87.0 2.9393939393939394 2.787878787878788 2.9696969696969697 2.727272727272727 1.6666666666666667 2.757575757575758 1.4848484848484849 1.3636363636363635 2.8181818181818183 1.5757575757575757 1.7272727272727273 1.4242424242424243 1.9090909090909092 2.787878787878788 2.9393939393939394 2.8181818181818183 2.787878787878788 2.242424242424242 2.9393939393939394 2.0 2.3636363636363638 2.1515151515151514 2.6363636363636362 2.9696969696969697 2.6666666666666665 2.3333333333333335 3.0 3.0 1.2727272727272727 1.7575757575757576
37 96.58712121212123 1.9595959595959596 1.8585858585858586 1.97979797979798 1.8181818181818181 1.1111111111111112 1.8383838383838385 0.98989898989899 0.9090909090909091 1.878787878787879 1.0505050505050506 1.1515151515151516 0.9494949494949495 1.2727272727272727 1.8585858585858586 1.9595959595959596 1.878787878787879 1.8585858585858586 1.494949494949495 1.9595959595959596 1.3333333333333333 1.5757575757575757 1.4343434343434343 1.7575757575757576 1.97979797979798 1.7777777777777777 1.5555555555555556 2.0 2.0 0.8484848484848485 1.1717171717171717
38 152.38496924128495 2.9393939393939394 2.787878787878788 2.9696969696969697 2.727272727272727 1.6666666666666667 2.757575757575758 1.4848484848484849 1.3636363636363635 2.8181818181818183 1.5757575757575757 1.7272727272727273 1.4242424242424243 1.9090909090909092 2.787878787878788 2.9393939393939394 2.8181818181818183 2.787878787878788 2.242424242424242 2.9393939393939394 2.0 2.3636363636363638 2.1515151515151514 2.6363636363636362 2.9696969696969697 2.6666666666666665 2.3333333333333335 3.0 3.0 1.2727272727272727 1.7575757575757576
39 24.438057040998206 1.9595959595959596 1.8585858585858586 1.97979797979798 1.8181818181818181 1.1111111111111112 1.8383838383838385 0.98989898989899 0.9090909090909091 1.878787878787879 1.0505050505050506 1.1515151515151516 0.9494949494949495 1.2727272727272727 1.8585858585858586 1.9595959595959596 1.878787878787879 1.8585858585858586 1.494949494949495 1.9595959595959596 1.3333333333333333 1.5757575757575757 1.4343434343434343 1.7575757575757576 1.97979797979798 1.7777777777777777 1.5555555555555556 2.0 2.0 0.8484848484848485 1.1717171717171717
40 7.083099415204679 2.9393939393939394 2.787878787878788 2.9696969696969697 2.727272727272727 1.6666666666666667 2.757575757575758 1.4848484848484849 1.3636363636363635 2.8181818181818183 1.5757575757575757 1.7272727272727273 1.4242424242424243 1.9090909090909092 2.787878787878788 2.9393939393939394 2.8181818181818183 2.787878787878788 2.242424242424242 2.9393939393939394 2.0 2.3636363636363638 2.1515151515151514 2.6363636363636362 2.9696969696969697 2.6666666666666665 2.3333333333333335 3.0 3.0 1.2727272727272727 1.7575757575757576
41 73.49480419194705 2.9393939393939394 2.787878787878788 2.9696969696969697 2.727272727272727 1.6666666666666667 2.757575757575758 1.4848484848484849 1.3636363636363635 2.8181818181818183 1.5757575757575757 1.7272727272727273 1.4242424242424243 1.9090909090909092 2.787878787878788 2.9393939393939394 2.8181818181818183 2.787878787878788 2.242424242424242 2.9393939393939394 2.0 2.3636363636363638 2.1515151515151514 2.6363636363636362 2.9696969696969697 2.6666666666666665 2.3333333333333335 3.0 3.0 1.2727272727272727 1.7575757575757576
42 11.948773923444971 2.9393939393939394 2.787878787878788 2.9696969696969697 2.727272727272727 1.6666666666666667 2.757575757575758 1.4848484848484849 1.3636363636363635 2.8181818181818183 1.5757575757575757 1.7272727272727273 1.4242424242424243 1.9090909090909092 2.787878787878788 2.9393939393939394 2.8181818181818183 2.787878787878788 2.242424242424242 2.9393939393939394 2.0 2.3636363636363638 2.1515151515151514 2.6363636363636362 2.9696969696969697 2.6666666666666665 2.3333333333333335 3.0 3.0 1.2727272727272727 1.7575757575757576
43 7.861818181818187 2.9393939393939394 2.787878787878788 2.9696969696969697 2.727272727272727 1.6666666666666667 2.757575757575758 1.4848484848484849 1.3636363636363635 2.8181818181818183 1.5757575757575757 1.7272727272727273 1.4242424242424243 1.9090909090909092 2.787878787878788 2.9393939393939394 2.8181818181818183 2.787878787878788 2.242424242424242 2.9393939393939394 2.0 2.3636363636363638 2.1515151515151514 2.6363636363636362 2.9696969696969697 2.6666666666666665 2.3333333333333335 3.0 3.0 1.2727272727272727 1.7575757575757576
44 13.803121467698466 2.9393939393939394 2.787878787878788 2.9696969696969697 2.727272727272727 1.6666666666666667 2.757575757575758 1.4848484848484849 1.3636363636363635 2.8181818181818183 1.5757575757575757 1.7272727272727273 1.4242424242424243 1.9090909090909092 2.787878787878788 2.9393939393939394 2.8181818181818183 2.787878787878788 2.242424242424242 2.9393939393939394 2.0 2.3636363636363638 2.1515151515151514 2.6363636363636362 2.9696969696969697 2.6666666666666665 2.3333333333333335 3.0 3.0 1.2727272727272727 1.7575757575757576
45 42.80822083427032 2.9393939393939394 2.787878787878788 2.9696969696969697 2.727272727272727 1.6666666666666667 2.757575757575758 1.4848484848484849 1.3636363636363635 2.8181818181818183 1.5757575757575757 1.7272727272727273 1.4242424242424243 1.9090909090909092 2.787878787878788 2.9393939393939394 2.8181818181818183 2.787878787878788 2.242424242424242 2.9393939393939394 2.0 2.3636363636363638 2.1515151515151514 2.6363636363636362 2.9696969696969697 2.6666666666666665 2.3333333333333335 3.0 3.0 1.2727272727272727 1.7575757575757576
46 60.54439957526751 1.9595959595959596 1.8585858585858586 1.97979797979798 1.8181818181818181 1.1111111111111112 1.8383838383838385 0.98989898989899 0.9090909090909091 1.878787878787879 1.0505050505050506 1.1515151515151516 0.9494949494949495 1.2727272727272727 1.8585858585858586 1.9595959595959596 1.878787878787879 1.8585858585858586 1.494949494949495 1.9595959595959596 1.3333333333333333 1.5757575757575757 1.4343434343434343 1.7575757575757576 1.97979797979798 1.7777777777777777 1.5555555555555556 2.0 2.0 0.8484848484848485 1.1717171717171717
47 36.10868686868687 2.9393939393939394 2.787878787878788 2.9696969696969697 2.727272727272727 1.6666666666666667 2.757575757575758 1.4848484848484849 1.3636363636363635 2.8181818181818183 1.5757575757575757 1.7272727272727273 1.4242424242424243 1.9090909090909092 2.787878787878788 2.9393939393939394 2.8181818181818183 2.787878787878788 2.242424242424242 2.9393939393939394 2.0 2.3636363636363638 2.1515151515151514 2.6363636363636362 2.9696969696969697 2.6666666666666665 2.3333333333333335 3.0 3.0 1.2727272727272727 1.7575757575757576
48 66.737960889685 1.9595959595959596 1.8585858585858586 1.97979797979798 1.8181818181818181 1.1111111111111112 1.8383838383838385 0.98989898989899 0.9090909090909091 1.878787878787879 1.0505050505050506 1.1515151515151516 0.9494949494949495 1.2727272727272727 1.8585858585858586 1.9595959595959596 1.878787878787879 1.8585858585858586 1.494949494949495 1.9595959595959596 1.3333333333333333 1.5757575757575757 1.4343434343434343 1.7575757575757576 1.97979797979798 1.7777777777777777 1.5555555555555556 2.0 2.0 0.8484848484848485 1.1717171717171717
49 104.5992127153892 2.9393939393939394 2.787878787878788 2.9696969696969697 2.727272727272727 1.6666666666666667 2.757575757575758 1.4848484848484849 1.3636363636363635 2.8181818181818183 1.5757575757575757 1.7272727272727273 1.4242424242424243 1.9090909090909092 2.787878787878788 2.9393939393939394 2.8181818181818183 2.787878787878788 2.242424242424242 2.9393939393939394 2.0 2.3636363636363638 2.1515151515151514 2.6363636363636362 2.9696969696969697 2.6666666666666665 2.3333333333333335 3.0 3.0 1.2727272727272727 1.7575757575757576
50 12.566755793226381 2.9393939393939394 2.787878787878788 2.9696969696969697 2.727272727272727 1.6666666666666667 2.757575757575758 1.4848484848484849 1.3636363636363635 2.8181818181818183 1.5757575757575757 1.7272727272727273 1.4242424242424243 1.9090909090909092 2.787878787878788 2.9393939393939394 2.8181818181818183 2.787878787878788 2.242424242424242 2.9393939393939394 2.0 2.3636363636363638 2.1515151515151514 2.6363636363636362 2.9696969696969697 2.6666666666666665 2.3333333333333335 3.0 3.0 1.2727272727272727 1.7575757575757576
51 27.675126777983927 1.9595959595959596 1.8585858585858586 1.97979797979798 1.8181818181818181 1.1111111111111112 1.8383838383838385 0.98989898989899 0.9090909090909091 1.878787878787879 1.0505050505050506 1.1515151515151516 0.9494949494949495 1.2727272727272727 1.8585858585858586 1.9595959595959596 1.878787878787879 1.8585858585858586 1.494949494949495 1.9595959595959596 1.3333333333333333 1.5757575757575757 1.4343434343434343 1.7575757575757576 1.97979797979798 1.7777777777777777 1.5555555555555556 2.0 2.0 0.8484848484848485 1.1717171717171717
52 15.244858393840522 2.9393939393939394 2.787878787878788 2.9696969696969697 2.727272727272727 1.6666666666666667 2.757575757575758 1.4848484848484849 1.3636363636363635 2.8181818181818183 1.5757575757575757 1.7272727272727273 1.4242424242424243 1.9090909090909092 2.787878787878788 2.9393939393939394 2.8181818181818183 2.787878787878788 2.242424242424242 2.9393939393939394 2.0 2.3636363636363638 2.1515151515151514 2.6363636363636362 2.9696969696969697 2.6666666666666665 2.3333333333333335 3.0 3.0 1.2727272727272727 1.7575757575757576
53 139.6094621023982 1.9595959595959596 1.8585858585858586 1.97979797979798 1.8181818181818181 1.1111111111111112 1.8383838383838385 0.98989898989899 0.9090909090909091 1.878787878787879 1.0505050505050506 1.1515151515151516 0.9494949494949495 1.2727272727272727 1.8585858585858586 1.9595959595959596 1.878787878787879 1.8585858585858586 1.494949494949495 1.9595959595959596 1.3333333333333333 1.5757575757575757 1.4343434343434343 1.7575757575757576 1.97979797979798 1.7777777777777777 1.5555555555555556 2.0 2.0 0.8484848484848485 1.1717171717171717
54 37.389788308274554 2.9393939393939394 2.787878787878788 2.9696969696969697 2.727272727272727 1.6666666666666667 2.757575757575758 1.4848484848484849 1.3636363636363635 2.8181818181818183 1.5757575757575757 1.7272727272727273 1.4242424242424243 1.9090909090909092 2.787878787878788 2.9393939393939394 2.8181818181818183 2.787878787878788 2.242424242424242 2.9393939393939394 2.0 2.3636363636363638 2.1515151515151514 2.6363636363636362 2.9696969696969697 2.6666666666666665 2.3333333333333335 3.0 3.0 1.2727272727272727 1.7575757575757576
55 89.0 1.9595959595959596 1.8585858585858586 1.97979797979798 1.8181818181818181 1.1111111111111112 1.8383838383838385 0.98989898989899 0.9090909090909091 1.878787878787879 1.0505050505050506 1.1515151515151516 0.9494949494949495 1.2727272727272727 1.8585858585858586 1.9595959595959596 1.878787878787879 1.8585858585858586 1.494949494949495 1.9595959595959596 1.3333333333333333 1.5757575757575757 1.4343434343434343 1.7575757575757576 1.97979797979798 1.7777777777777777 1.5555555555555556 2.0 2.0 0.8484848484848485 1.1717171717171717
56 27.0 2.9393939393939394 2.787878787878788 2.9696969696969697 2.727272727272727 1.6666666666666667 2.757575757575758 1.4848484848484849 1.3636363636363635 2.8181818181818183 1.5757575757575757 1.7272727272727273 1.4242424242424243 1.9090909090909092 2.787878787878788 2.9393939393939394 2.8181818181818183 2.787878787878788 2.242424242424242 2.9393939393939394 2.0 2.3636363636363638 2.1515151515151514 2.6363636363636362 2.9696969696969697 2.6666666666666665 2.3333333333333335 3.0 3.0 1.2727272727272727 1.7575757575757576
57 65.9065332609072 1.9595959595959596 1.8585858585858586 1.97979797979798 1.8181818181818181 1.1111111111111112 1.8383838383838385 0.98989898989899 0.9090909090909091 1.878787878787879 1.0505050505050506 1.1515151515151516 0.9494949494949495 1.2727272727272727 1.8585858585858586 1.9595959595959596 1.878787878787879 1.8585858585858586 1.494949494949495 1.9595959595959596 1.3333333333333333 1.5757575757575757 1.4343434343434343 1.7575757575757576 1.97979797979798 1.7777777777777777 1.5555555555555556 2.0 2.0 0.8484848484848485 1.1717171717171717
58 27.96167506973682 1.9595959595959596 1.8585858585858586 1.97979797979798 1.8181818181818181 1.1111111111111112 1.8383838383838385 0.98989898989899 0.9090909090909091 1.878787878787879 1.0505050505050506 1.1515151515151516 0.9494949494949495 1.2727272727272727 1.8585858585858586 1.9595959595959596 1.878787878787879 1.8585858585858586 1.494949494949495 1.9595959595959596 1.3333333333333333 1.5757575757575757 1.4343434343434343 1.7575757575757576 1.97979797979798 1.7777777777777777 1.5555555555555556 2.0 2.0 0.8484848484848485 1.1717171717171717
59 1.2442963325982195 1.9595959595959596 1.8585858585858586 1.97979797979798 1.8181818181818181 1.1111111111111112 1.8383838383838385 0.98989898989899 0.9090909090909091 1.878787878787879 1.0505050505050506 1.1515151515151516 0.9494949494949495 1.2727272727272727 1.8585858585858586 1.9595959595959596 1.878787878787879 1.8585858585858586 1.494949494949495 1.9595959595959596 1.3333333333333333 1.5757575757575757 1.4343434343434343 1.7575757575757576 1.97979797979798 1.7777777777777777 1.5555555555555556 2.0 2.0 0.8484848484848485 1.1717171717171717
60 4.0783226687274405 1.9595959595959596 1.8585858585858586 1.97979797979798 1.8181818181818181 1.1111111111111112 1.8383838383838385 0.98989898989899 0.9090909090909091 1.878787878787879 1.0505050505050506 1.1515151515151516 0.9494949494949495 1.2727272727272727 1.8585858585858586 1.9595959595959596 1.878787878787879 1.8585858585858586 1.494949494949495 1.9595959595959596 1.3333333333333333 1.5757575757575757 1.4343434343434343 1.7575757575757576 1.97979797979798 1.7777777777777777 1.5555555555555556 2.0 2.0 0.8484848484848485 1.1717171717171717
61 46.08512218963834 2.9393939393939394 2.787878787878788 2.9696969696969697 2.727272727272727 1.6666666666666667 2.757575757575758 1.4848484848484849 1.3636363636363635 2.8181818181818183 1.5757575757575757 1.7272727272727273 1.4242424242424243 1.9090909090909092 2.787878787878788 2.9393939393939394 2.8181818181818183 2.787878787878788 2.242424242424242 2.9393939393939394 2.0 2.3636363636363638 2.1515151515151514 2.6363636363636362 2.9696969696969697 2.6666666666666665 2.3333333333333335 3.0 3.0 1.2727272727272727 1.7575757575757576
62 47.54056776556775 1.9595959595959596 1.8585858585858586 1.97979797979798 1.8181818181818181 1.1111111111111112 1.8383838383838385 0.98989898989899 0.9090909090909091 1.878787878787879 1.0505050505050506 1.1515151515151516 0.9494949494949495 1.2727272727272727 1.8585858585858586 1.9595959595959596 1.878787878787879 1.8585858585858586 1.494949494949495 1.9595959595959596 1.3333333333333333 1.5757575757575757 1.4343434343434343 1.7575757575757576 1.97979797979798 1.7777777777777777 1.5555555555555556 2.0 2.0 0.8484848484848485 1.1717171717171717
63 79.0 2.9393939393939394 2.787878787878788 2.9696969696969697 2.727272727272727 1.6666666666666667 2.757575757575758 1.4848484848484849 1.3636363636363635 2.8181818181818183 1.5757575757575757 1.7272727272727273 1.4242424242424243 1.9090909090909092 2.787878787878788 2.9393939393939394 2.8181818181818183 2.787878787878788 2.242424242424242 2.9393939393939394 2.0 2.3636363636363638 2.1515151515151514 2.6363636363636362 2.9696969696969697 2.6666666666666665 2.3333333333333335 3.0 3.0 1.2727272727272727 1.7575757575757576
64 176.9791509043968 2.9393939393939394 2.787878787878788 2.9696969696969697 2.727272727272727 1.6666666666666667 2.757575757575758 1.4848484848484849 1.3636363636363635 2.8181818181818183 1.5757575757575757 1.7272727272727273 1.4242424242424243 1.9090909090909092 2.787878787878788 2.9393939393939394 2.8181818181818183 2.787878787878788 2.242424242424242 2.9393939393939394 2.0 2.3636363636363638 2.1515151515151514 2.6363636363636362 2.9696969696969697 2.6666666666666665 2.3333333333333335 3.0 3.0 1.2727272727272727 1.7575757575757576
65 19.627882599580705 2.9393939393939394 2.787878787878788 2.9696969696969697 2.727272727272727 1.6666666666666667 2.757575757575758 1.4848484848484849 1.3636363636363635 2.8181818181818183 1.5757575757575757 1.7272727272727273 1.4242424242424243 1.9090909090909092 2.787878787878788 2.9393939393939394 2.8181818181818183 2.787878787878788 2.242424242424242 2.9393939393939394 2.0 2.3636363636363638 2.1515151515151514 2.6363636363636362 2.9696969696969697 2.6666666666666665 2.3333333333333335 3.0 3.0 1.2727272727272727 1.7575757575757576
66 123.88676704148402 1.9595959595959596 1.8585858585858586 1.97979797979798 1.8181818181818181 1.1111111111111112 1.8383838383838385 0.98989898989899 0.9090909090909091 1.878787878787879 1.0505050505050506 1.1515151515151516 0.9494949494949495 1.2727272727272727 1.8585858585858586 1.9595959595959596 1.878787878787879 1.8585858585858586 1.494949494949495 1.9595959595959596 1.3333333333333333 1.5757575757575757 1.4343434343434343 1.7575757575757576 1.97979797979798 1.7777777777777777 1.5555555555555556 2.0 2.0 0.8484848484848485 1.1717171717171717
67 37.60704351783483 2.9393939393939394 2.787878787878788 2.9696969696969697 2.727272727272727 1.6666666666666667 2.757575757575758 1.4848484848484849 1.3636363636363635 2.8181818181818183 1.5757575757575757 1.7272727272727273 1.4242424242424243 1.9090909090909092 2.787878787878788 2.9393939393939394 2.8181818181818183 2.787878787878788 2.242424242424242 2.9393939393939394 2.0 2.3636363636363638 2.1515151515151514 2.6363636363636362 2.9696969696969697 2.6666666666666665 2.3333333333333335 3.0 3.0 1.2727272727272727 1.7575757575757576
68 53.81475128644938 2.9393939393939394 2.787878787878788 2.9696969696969697 2.727272727272727 1.6666666666666667 2.757575757575758 1.4848484848484849 1.3636363636363635 2.8181818181818183 1.5757575757575757 1.7272727272727273 1.4242424242424243 1.9090909090909092 2.787878787878788 2.9393939393939394 2.8181818181818183 2.787878787878788 2.242424242424242 2.9393939393939394 2.0 2.3636363636363638 2.1515151515151514 2.6363636363636362 2.9696969696969697 2.6666666666666665 2.3333333333333335 3.0 3.0 1.2727272727272727 1.7575757575757576
69 36.8124005027231 1.9595959595959596 1.8585858585858586 1.97979797979798 1.8181818181818181 1.1111111111111112 1.8383838383838385 0.98989898989899 0.9090909090909091 1.878787878787879 1.0505050505050506 1.1515151515151516 0.9494949494949495 1.2727272727272727 1.8585858585858586 1.9595959595959596 1.878787878787879 1.8585858585858586 1.494949494949495 1.9595959595959596 1.3333333333333333 1.5757575757575757 1.4343434343434343 1.7575757575757576 1.97979797979798 1.7777777777777777 1.5555555555555556 2.0 2.0 0.8484848484848485 1.1717171717171717
70 86.56231637837526 1.9595959595959596 1.8585858585858586 1.97979797979798 1.8181818181818181 1.1111111111111112 1.8383838383838385 0.98989898989899 0.9090909090909091 1.878787878787879 1.0505050505050506 1.1515151515151516 0.9494949494949495 1.2727272727272727 1.8585858585858586 1.9595959595959596 1.878787878787879 1.8585858585858586 1.494949494949495 1.9595959595959596 1.3333333333333333 1.5757575757575757 1.4343434343434343 1.7575757575757576 1.97979797979798 1.7777777777777777 1.5555555555555556 2.0 2.0 0.8484848484848485 1.1717171717171717
71 149.90539253539256 2.9393939393939394 2.787878787878788 2.9696969696969697 2.727272727272727 1.6666666666666667 2.757575757575758 1.4848484848484849 1.3636363636363635 2.8181818181818183 1.5757575757575757 1.7272727272727273 1.4242424242424243 1.9090909090909092 2.787878787878788 2.9393939393939394 2.8181818181818183 2.787878787878788 2.242424242424242 2.9393939393939394 2.0 2.3636363636363638 2.1515151515151514 2.6363636363636362 2.9696969696969697 2.6666666666666665 2.3333333333333335 3.0 3.0 1.2727272727272727 1.7575757575757576
72 69.30720485145206 1.9595959595959596 1.8585858585858586 1.97979797979798 1.8181818181818181 1.1111111111111112 1.8383838383838385 0.98989898989899 0.9090909090909091 1.878787878787879 1.0505050505050506 1.1515151515151516 0.9494949494949495 1.2727272727272727 1.8585858585858586 1.9595959595959596 1.878787878787879 1.8585858585858586 1.494949494949495 1.9595959595959596 1.3333333333333333 1.5757575757575757 1.4343434343434343 1.7575757575757576 1.97979797979798 1.7777777777777777 1.5555555555555556 2.0 2.0 0.8484848484848485 1.1717171717171717
73 59.876375772746236 2.9393939393939394 2.787878787878788 2.9696969696969697 2.727272727272727 1.6666666666666667 2.757575757575758 1.4848484848484849 1.3636363636363635 2.8181818181818183 1.5757575757575757 1.7272727272727273 1.4242424242424243 1.9090909090909092 2.787878787878788 2.9393939393939394 2.8181818181818183 2.787878787878788 2.242424242424242 2.9393939393939394 2.0 2.3636363636363638 2.1515151515151514 2.6363636363636362 2.9696969696969697 2.6666666666666665 2.3333333333333335 3.0 3.0 1.2727272727272727 1.7575757575757576
74 0.9613758553274689 1.9595959595959596 1.8585858585858586 1.97979797979798 1.8181818181818181 1.1111111111111112 1.8383838383838385 0.98989898989899 0.9090909090909091 1.878787878787879 1.0505050505050506 1.1515151515151516 0.9494949494949495 1.2727272727272727 1.8585858585858586 1.9595959595959596 1.878787878787879 1.8585858585858586 1.494949494949495 1.9595959595959596 1.3333333333333333 1.5757575757575757 1.4343434343434343 1.7575757575757576 1.97979797979798 1.7777777777777777 1.5555555555555556 2.0 2.0 0.8484848484848485 1.1717171717171717
75 12.0 2.9393939393939394 2.787878787878788 2.9696969696969697 2.727272727272727 1.6666666666666667 2.757575757575758 1.4848484848484849 1.3636363636363635 2.8181818181818183 1.5757575757575757 1.7272727272727273 1.4242424242424243 1.9090909090909092 2.787878787878788 2.9393939393939394 2.8181818181818183 2.787878787878788 2.242424242424242 2.9393939393939394 2.0 2.3636363636363638 2.1515151515151514 2.6363636363636362 2.9696969696969697 2.6666666666666665 2.3333333333333335 3.0 3.0 1.2727272727272727 1.7575757575757576
76 21.497588126159553 1.9595959595959596 1.8585858585858586 1.97979797979798 1.8181818181818181 1.1111111111111112 1.8383838383838385 0.98989898989899 0.9090909090909091 1.878787878787879 1.0505050505050506 1.1515151515151516 0.9494949494949495 1.2727272727272727 1.8585858585858586 1.9595959595959596 1.878787878787879 1.8585858585858586 1.494949494949495 1.9595959595959596 1.3333333333333333 1.5757575757575757 1.4343434343434343 1.7575757575757576 1.97979797979798 1.7777777777777777 1.5555555555555556 2.0 2.0 0.8484848484848485 1.1717171717171717
77 143.8229157938835 1.9595959595959596 1.8585858585858586 1.97979797979798 1.8181818181818181 1.1111111111111112 1.8383838383838385 0.98989898989899 0.9090909090909091 1.878787878787879 1.0505050505050506 1.1515151515151516 0.9494949494949495 1.2727272727272727 1.8585858585858586 1.9595959595959596 1.878787878787879 1.8585858585858586 1.494949494949495 1.9595959595959596 1.3333333333333333 1.5757575757575757 1.4343434343434343 1.7575757575757576 1.97979797979798 1.7777777777777777 1.5555555555555556 2.0 2.0 0.8484848484848485 1.1717171717171717
78 55.752953555159436 2.9393939393939394 2.787878787878788 2.9696969696969697 2.727272727272727 1.6666666666666667 2.757575757575758 1.4848484848484849 1.3636363636363635 2.8181818181818183 1.5757575757575757 1.7272727272727273 1.4242424242424243 1.9090909090909092 2.787878787878788 2.9393939393939394 2.8181818181818183 2.787878787878788 2.242424242424242 2.9393939393939394 2.0 2.3636363636363638 2.1515151515151514 2.6363636363636362 2.9696969696969697 2.6666666666666665 2.3333333333333335 3.0 3.0 1.2727272727272727 1.7575757575757576
79 163.54658704953238 1.9595959595959596 1.8585858585858586 1.97979797979798 1.8181818181818181 1.1111111111111112 1.8383838383838385 0.98989898989899 0.9090909090909091 1.878787878787879 1.0505050505050506 1.1515151515151516 0.9494949494949495 1.2727272727272727 1.8585858585858586 1.9595959595959596 1.878787878787879 1.8585858585858586 1.494949494949495 1.9595959595959596 1.3333333333333333 1.5757575757575757 1.4343434343434343 1.7575757575757576 1.97979797979798 1.7777777777777777 1.5555555555555556 2.0 2.0 0.8484848484848485 1.1717171717171717
80 45.80121728545343 2.9393939393939394 2.787878787878788 2.9696969696969697 2.727272727272727 1.6666666666666667 2.757575757575758 1.4848484848484849 1.3636363636363635 2.8181818181818183 1.5757575757575757 1.7272727272727273 1.4242424242424243 1.9090909090909092 2.787878787878788 2.9393939393939394 2.8181818181818183 2.787878787878788 2.242424242424242 2.9393939393939394 2.0 2.3636363636363638 2.1515151515151514 2.6363636363636362 2.9696969696969697 2.6666666666666665 2.3333333333333335 3.0 3.0 1.2727272727272727 1.7575757575757576
81 61.37041733575067 2.9393939393939394 2.787878787878788 2.9696969696969697 2.727272727272727 1.6666666666666667 2.757575757575758 1.4848484848484849 1.3636363636363635 2.8181818181818183 1.5757575757575757 1.7272727272727273 1.4242424242424243 1.9090909090909092 2.787878787878788 2.9393939393939394 2.8181818181818183 2.787878787878788 2.242424242424242 2.9393939393939394 2.0 2.3636363636363638 2.1515151515151514 2.6363636363636362 2.9696969696969697 2.6666666666666665 2.3333333333333335 3.0 3.0 1.2727272727272727 1.7575757575757576
82 118.46319304152642 1.9595959595959596 1.8585858585858586 1.97979797979798 1.8181818181818181 1.1111111111111112 1.8383838383838385 0.98989898989899 0.9090909090909091 1.878787878787879 1.0505050505050506 1.1515151515151516 0.9494949494949495 1.2727272727272727 1.8585858585858586 1.9595959595959596 1.878787878787879 1.8585858585858586 1.494949494949495 1.9595959595959596 1.3333333333333333 1.5757575757575757 1.4343434343434343 1.7575757575757576 1.97979797979798 1.7777777777777777 1.5555555555555556 2.0 2.0 0.8484848484848485 1.1717171717171717
83 26.144859307359305 2.9393939393939394 2.787878787878788 2.9696969696969697 2.727272727272727 1.6666666666666667 2.757575757575758 1.4848484848484849 1.3636363636363635 2.8181818181818183 1.5757575757575757 1.7272727272727273 1.4242424242424243 1.9090909090909092 2.787878787878788 2.9393939393939394 2.8181818181818183 2.787878787878788 2.242424242424242 2.9393939393939394 2.0 2.3636363636363638 2.1515151515151514 2.6363636363636362 2.9696969696969697 2.6666666666666665 2.3333333333333335 3.0 3.0 1.2727272727272727 1.7575757575757576
84 170.59196745379046 2.9393939393939394 2.787878787878788 2.9696969696969697 2.727272727272727 1.6666666666666667 2.757575757575758 1.4848484848484849 1.3636363636363635 2.8181818181818183 1.5757575757575757 1.7272727272727273 1.4242424242424243 1.9090909090909092 2.787878787878788 2.9393939393939394 2.8181818181818183 2.787878787878788 2.242424242424242 2.9393939393939394 2.0 2.3636363636363638 2.1515151515151514 2.6363636363636362 2.9696969696969697 2.6666666666666665 2.3333333333333335 3.0 3.0 1.2727272727272727 1.7575757575757576
85 3.4918238993710684 2.9393939393939394 2.787878787878788 2.9696969696969697 2.727272727272727 1.6666666666666667 2.757575757575758 1.4848484848484849 1.3636363636363635 2.8181818181818183 1.5757575757575757 1.7272727272727273 1.4242424242424243 1.9090909090909092 2.787878787878788 2.9393939393939394 2.8181818181818183 2.787878787878788 2.242424242424242 2.9393939393939394 2.0 2.3636363636363638 2.1515151515151514 2.6363636363636362 2.9696969696969697 2.6666666666666665 2.3333333333333335 3.0 3.0 1.2727272727272727 1.7575757575757576
86 42.309649122807016 2.9393939393939394 2.787878787878788 2.9696969696969697 2.727272727272727 1.6666666666666667 2.757575757575758 1.4848484848484849 1.3636363636363635 2.8181818181818183 1.5757575757575757 1.7272727272727273 1.4242424242424243 1.9090909090909092 2.787878787878788 2.9393939393939394 2.8181818181818183 2.787878787878788 2.242424242424242 2.9393939393939394 2.0 2.3636363636363638 2.1515151515151514 2.6363636363636362 2.9696969696969697 2.6666666666666665 2.3333333333333335 3.0 3.0 1.2727272727272727 1.7575757575757576
87 36.59774616819393 2.9393939393939394 2.787878787878788 2.9696969696969697 2.727272727272727 1.6666666666666667 2.757575757575758 1.4848484848484849 1.3636363636363635 2.8181818181818183 1.5757575757575757 1.7272727272727273 1.4242424242424243 1.9090909090909092 2.787878787878788 2.9393939393939394 2.8181818181818183 2.787878787878788 2.242424242424242 2.9393939393939394 2.0 2.3636363636363638 2.1515151515151514 2.6363636363636362 2.9696969696969697 2.6666666666666665 2.3333333333333335 3.0 3.0 1.2727272727272727 1.7575757575757576
88 98.12271139063589 2.9393939393939394 2.787878787878788 2.9696969696969697 2.727272727272727 1.6666666666666667 2.757575757575758 1.4848484848484849 1.3636363636363635 2.8181818181818183 1.5757575757575757 1.7272727272727273 1.4242424242424243 1.9090909090909092 2.787878787878788 2.9393939393939394 2.8181818181818183 2.787878787878788 2.242424242424242 2.9393939393939394 2.0 2.3636363636363638 2.1515151515151514 2.6363636363636362 2.9696969696969697 2.6666666666666665 2.3333333333333335 3.0 3.0 1.2727272727272727 1.7575757575757576
89 60.4075471698113 2.9393939393939394 2.787878787878788 2.9696969696969697 2.727272727272727 1.6666666666666667 2.757575757575758 1.4848484848484849 1.3636363636363635 2.8181818181818183 1.5757575757575757 1.7272727272727273 1.4242424242424243 1.9090909090909092 2.787878787878788 2.9393939393939394 2.8181818181818183 2.787878787878788 2.242424242424242 2.9393939393939394 2.0 2.3636363636363638 2.1515151515151514 2.6363636363636362 2.9696969696969697 2.6666666666666665 2.3333333333333335 3.0 3.0 1.2727272727272727 1.7575757575757576
90 63.359254079254036 2.9393939393939394 2.787878787878788 2.9696969696969697 2.727272727272727 1.6666666666666667 2.757575757575758 1.4848484848484849 1.3636363636363635 2.8181818181818183 1.5757575757575757 1.7272727272727273 1.4242424242424243 1.9090909090909092 2.787878787878788 2.9393939393939394 2.8181818181818183 2.787878787878788 2.242424242424242 2.9393939393939394 2.0 2.3636363636363638 2.1515151515151514 2.6363636363636362 2.9696969696969697 2.6666666666666665 2.3333333333333335 3.0 3.0 1.2727272727272727 1.7575757575757576
91 165.30447474921561 2.9393939393939394 2.787878787878788 2.9696969696969697 2.727272727272727 1.6666666666666667 2.757575757575758 1.4848484848484849 1.3636363636363635 2.8181818181818183 1.5757575757575757 1.7272727272727273 1.4242424242424243 1.9090909090909092 2.787878787878788 2.9393939393939394 2.8181818181818183 2.787878787878788 2.242424242424242 2.9393939393939394 2.0 2.3636363636363638 2.1515151515151514 2.6363636363636362 2.9696969696969697 2.6666666666666665 2.3333333333333335 3.0 3.0 1.2727272727272727 1.7575757575757576
92 27.475299938157093 1.9595959595959596 1.8585858585858586 1.97979797979798 1.8181818181818181 1.1111111111111112 1.8383838383838385 0.98989898989899 0.9090909090909091 1.878787878787879 1.0505050505050506 1.1515151515151516 0.9494949494949495 1.2727272727272727 1.8585858585858586 1.9595959595959596 1.878787878787879 1.8585858585858586 1.494949494949495 1.9595959595959596 1.3333333333333333 1.5757575757575757 1.4343434343434343 1.7575757575757576 1.97979797979798 1.7777777777777777 1.5555555555555556 2.0 2.0 0.8484848484848485 1.1717171717171717
93 15.287001703108471 1.9595959595959596 1.8585858585858586 1.97979797979798 1.8181818181818181 1.1111111111111112 1.8383838383838385 0.98989898989899 0.9090909090909091 1.878787878787879 1.0505050505050506 1.1515151515151516 0.9494949494949495 1.2727272727272727 1.8585858585858586 1.9595959595959596 1.878787878787879 1.8585858585858586 1.494949494949495 1.9595959595959596 1.3333333333333333 1.5757575757575757 1.4343434343434343 1.7575757575757576 1.97979797979798 1.7777777777777777 1.5555555555555556 2.0 2.0 0.8484848484848485 1.1717171717171717
94 70.92147950089122 2.9393939393939394 2.787878787878788 2.9696969696969697 2.727272727272727 1.6666666666666667 2.757575757575758 1.4848484848484849 1.3636363636363635 2.8181818181818183 1.5757575757575757 1.7272727272727273 1.4242424242424243 1.9090909090909092 2.787878787878788 2.9393939393939394 2.8181818181818183 2.787878787878788 2.242424242424242 2.9393939393939394 2.0 2.3636363636363638 2.1515151515151514 2.6363636363636362 2.9696969696969697 2.6666666666666665 2.3333333333333335 3.0 3.0 1.2727272727272727 1.7575757575757576
95 115.88181982597531 1.9595959595959596 1.8585858585858586 1.97979797979798 1.8181818181818181 1.1111111111111112 1.8383838383838385 0.98989898989899 0.9090909090909091 1.878787878787879 1.0505050505050506 1.1515151515151516 0.9494949494949495 1.2727272727272727 1.8585858585858586 1.9595959595959596 1.878787878787879 1.8585858585858586 1.494949494949495 1.9595959595959596 1.3333333333333333 1.5757575757575757 1.4343434343434343 1.7575757575757576 1.97979797979798 1.7777777777777777 1.5555555555555556 2.0 2.0 0.8484848484848485 1.1717171717171717
96 14.96319648093841 1.9595959595959596 1.8585858585858586 1.97979797979798 1.8181818181818181 1.1111111111111112 1.8383838383838385 0.98989898989899 0.9090909090909091 1.878787878787879 1.0505050505050506 1.1515151515151516 0.9494949494949495 1.2727272727272727 1.8585858585858586 1.9595959595959596 1.878787878787879 1.8585858585858586 1.494949494949495 1.9595959595959596 1.3333333333333333 1.5757575757575757 1.4343434343434343 1.7575757575757576 1.97979797979798 1.7777777777777777 1.5555555555555556 2.0 2.0 0.8484848484848485 1.1717171717171717
97 3.899466622063635 2.9393939393939394 2.787878787878788 2.9696969696969697 2.727272727272727 1.6666666666666667 2.757575757575758 1.4848484848484849 1.3636363636363635 2.8181818181818183 1.5757575757575757 1.7272727272727273 1.4242424242424243 1.9090909090909092 2.787878787878788 2.9393939393939394 2.8181818181818183 2.787878787878788 2.242424242424242 2.9393939393939394 2.0 2.3636363636363638 2.1515151515151514 2.6363636363636362 2.9696969696969697 2.6666666666666665 2.3333333333333335 3.0 3.0 1.2727272727272727 1.7575757575757576
98 16.223313062598777 2.9393939393939394 2.787878787878788 2.9696969696969697 2.727272727272727 1.6666666666666667 2.757575757575758 1.4848484848484849 1.3636363636363635 2.8181818181818183 1.5757575757575757 1.7272727272727273 1.4242424242424243 1.9090909090909092 2.787878787878788 2.9393939393939394 2.8181818181818183 2.787878787878788 2.242424242424242 2.9393939393939394 2.0 2.3636363636363638 2.1515151515151514 2.6363636363636362 2.9696969696969697 2.6666666666666665 2.3333333333333335 3.0 3.0 1.2727272727272727 1.7575757575757576
99 29.68084217134175 1.9595959595959596 1.8585858585858586 1.97979797979798 1.8181818181818181 1.1111111111111112 1.8383838383838385 0.98989898989899 0.9090909090909091 1.878787878787879 1.0505050505050506 1.1515151515151516 0.9494949494949495 1.2727272727272727 1.8585858585858586 1.9595959595959596 1.878787878787879 1.8585858585858586 1.494949494949495 1.9595959595959596 1.3333333333333333 1.5757575757575757 1.4343434343434343 1.7575757575757576 1.97979797979798 1.7777777777777777 1.5555555555555556 2.0 2.0 0.8484848484848485 1.1717171717171717
