60 40
TREE NETWORK (nID nID Weight):
6 0 48
56 6 52
43 0 44
14 0 46
32 6 56
31 14 43
5 43 59
51 5 52
42 5 46
46 43 30
29 32 31
18 32 42
4 43 39
35 32 37
19 42 31
28 19 49
2 29 54
30 51 39
12 18 46
15 19 35
26 42 48
33 0 49
38 28 58
9 14 31
24 42 45
22 42 46
36 33 32
52 14 45
39 2 49
47 18 30
16 42 30
13 31 49
54 0 43
59 32 45
48 26 31
1 42 44
27 43 38
10 36 31
34 52 39
44 33 51
49 38 38
45 0 41
41 22 44
7 24 44
25 42 44
58 52 59
37 38 50
55 1 59
20 6 35
57 58 56
40 59 53
53 44 30
17 32 59
50 32 51
21 25 59
11 25 55
23 50 52
8 4 44
3 42 58
PROGRAMS ASSIGNED TO NODES (nID pID1 pID2 ...):
0 1 2 3 4 5 6 7 8 9 10 11 12 13 14 15 16 17 18 19 20 21 22 23 24 25 26 27 28 29 30 31 32 33 34 35 36 37 38 39 40
1 1 2 3 5 6 7 8 11 12 13 15 16 17 18 20 21 22 23 24 25 26 27 30 31 32 33 34 35 36 37 38 39 40
2 32 33 1 2 3 36 4 5 38 6 7 8 11 14 15 17 21 22 24 25 28
3 1 2 3 4 5 6 7 8 9 10 11 12 13 14 15 16 17 18 19 20 21 22 23 25 26 27 28 29 31 32 33 34 35 36 37 38 39 40
4 1 2 4 5 7 8 9 11 12 14 15 18 19 20 21 22 23 27 29 30 31 32 33 35 36 37 38 39
5 1 3 4 5 7 8 9 10 11 12 13 14 16 17 18 19 20 21 22 23 24 25 26 27 28 30 31 33 34 35 36 38 40
7 22 39 24 25 27 30 15
8 1 2 3 4 5 6 7 8 9 10 11 12 13 14 15 16 17 19 20 21 22 23 24 25 26 27 28 29 30 31 32 33 34 36 38 39
9 1 3 4 6 7 8 9 10 11 12 14 15 16 17 18 19 20 21 22 24 25 26 27 31 32 33 36 37 38 40
10 32 33 17 19 35 20 4 37 39 8 30 14
11 1 2 3 4 5 6 7 8 9 10 11 12 13 14 15 17 18 19 20 21 22 23 24 25 26 27 28 29 30 31 32 33 34 35 36 37 38 39 40
12 3 39 30
13 1 2 3 4 6 7 8 10 11 12 15 18 19 21 22 23 24 27 28 30 31 32 34 38 39 40
15 1 3 4 5 37 38 6 8 9 10 11 13 16 18 19 24 25 27 29 30 31
16 17 40 15
17 25 15
18 1 35 3 36 5 7 8 12 15 18 22 25 26 27 28 29 30
19 1 2 3 4 5 6 7 8 9 10 11 12 13 14 16 18 20 21 22 23 25 26 29 30 31 32 34 35 36 37 38 39 40
20 1 2 3 4 6 7 8 9 10 11 12 13 14 15 16 17 18 19 20 22 23 24 25 26 27 28 29 30 31 32 33 34 35 36 37 38 39 40
21 1 3 7 8 9 10 11 12 13 14 15 16 17 18 19 20 21 22 23 25 26 28 29 30 31 32 36 37 38 39 40
22 33 1 34 2 3 35 4 36 5 37 38 11 16 19 21 22 23 24 26 27 28 29 30 31
23 1 4 37 38 39 8 40 11 16 19 21 24 28 29
24 2 37 38 9 10 11 27
25 1 2 3 4 5 6 8 10 11 12 13 15 16 17 18 19 20 21 22 23 24 25 26 27 28 29 30 31 32 33 34 35 36 37 38 39 40
26 21 38 39 23 7 30
27 1 4 6 7 8 9 13 14 15 16 18 20 22 23 24 25 26 27 29 30 31 32 33 34 35 36 37 39 40
28 1 18 20 4 9 26 15
29 32 33 34 35 36 5 37 38 9 11 12 15 16 17 20 23 24 25 26 27 28 29
30 16 18 20 5 37 40 9 10 27 15
31 32 1 33 34 37 38 9 11 12 16 20 26 30 31
32 32 1 2 35 36 5 6 9 12 13 14 15 16 18 19 20 22 24 26 27 29
33 16 14 15
34 1 3 4 5 6 7 8 9 10 11 12 14 15 16 17 18 20 21 23 25 26 27 30 31 32 33 34 35 36 37 38 39 40
35 1 2 3 4 5 6 7 8 9 10 11 12 13 14 15 18 19 20 21 23 24 26 27 29 31 32 33 34 35 37 38 39 40
36 33 1 34 3 35 37 38 8 11 12 13 17 19 21 23 24 31
37 1 2 3 4 6 7 10 11 13 14 15 16 18 19 20 22 23 25 26 28 29 30 31 34 35
38 2 34 4 37 5 25 28 13 14 31
39 33 37 7 24 8 9 26 12 29 14
40 2
41 4 37 38 8 25 12
42 2 4 5 6 7 8 10 11 12 14 15 16 17 18 20 21 22 23 24 25 26 27 29 30 31 34 36 37 39 40
43 2 3 4 5 6 7 8 9 10 11 12 13 14 15 16 18 21 22 23 24 25 27 29 30 31 33 34 35 36 37 38 39 40
44 18 34 21 37 38 23 27 12 13
45 1 2 3 5 6 9 10 11 12 15 16 17 20 23 24 25 26 27 28 31 33 36 37 38 39
46 1 2 4 5 6 7 8 9 10 11 13 15 16 17 18 19 20 21 22 23 24 25 26 27 28 29 32 34 35 36 38 40
47 1 4 5 6 38 7 39 40 8 9 12 13 17 18 19 20 21 23 24 25 28 30 31
48 2 3 4 37 39 8 9 14 17 18 21 24 28 29 31
49 34 3 36 37 38 6 8 40 9 10 11 12 14 16 20 23 24 25 26 27 28 29 30
51 1 2 3 4 5 7 8 9 10 12 13 14 15 16 17 18 19 21 22 23 26 27 28 29 30 31 32 33 34 35 36 37 38 39 40
52 1 2 4 7 8 9 10 12 13 14 15 16 17 18 19 20 21 22 23 25 26 27 28 29 30 31 32 34 35 36 37 38 39 40
53 1 2 4 5 6 7 8 9 11 12 13 14 18 20 21 22 25 26 27 30 31 32 33 34 35 37 38 39 40
54 34 5 26 28 31
55 32 1 33 2 35 36 4 5 37 38 7 11 13 17 18 23 24 25 26 27 28 30 31
56 35 37 5 38 39 7 40 12 15 23 24 26 27 29 30 31
57 1 2 4 5 7 8 9 10 11 12 13 14 17 18 20 21 22 23 26 28 29 30 32 34 36 37 39 40
59 7
SIZE OF PROGRAMS (pID SIZE):
1 71.0
2 70.0
3 49.0
4 42.0
5 93.0
6 40.0
7 92.0
8 60.0
9 51.0
10 45.0
11 92.0
12 57.0
13 67.0
14 99.0
15 73.0
16 49.0
17 95.0
18 72.0
19 85.0
20 67.0
21 69.0
22 46.0
23 54.0
24 55.0
25 76.0
26 58.0
27 75.0
28 80.0
29 49.0
30 42.0
31 60.0
32 45.0
33 44.0
34 99.0
35 70.0
36 70.0
37 49.0
38 53.0
39 51.0
40 92.0
COST TO INSTALL SERVERS AND PROGRAMS ON NODES (COST_TO_INSTALL_SERVER COST_TO_INSTALL_pID1 ...):
0 6264.646464646465 1.4343434343434343 1.4141414141414141 0.98989898989899 0.8484848484848485 1.878787878787879 0.8080808080808081 1.8585858585858586 1.2121212121212122 1.0303030303030303 0.9090909090909091 1.8585858585858586 1.1515151515151516 1.3535353535353536 2.0 1.4747474747474747 0.98989898989899 1.9191919191919191 1.4545454545454546 1.7171717171717171 1.3535353535353536 1.393939393939394 0.9292929292929293 1.0909090909090908 1.1111111111111112 1.5353535353535352 1.1717171717171717 1.5151515151515151 1.6161616161616161 0.98989898989899 0.8484848484848485 1.2121212121212122 0.9090909090909091 0.8888888888888888 2.0 1.4141414141414141 1.4141414141414141 0.98989898989899 1.0707070707070707 1.0303030303030303 1.8585858585858586
1 96.0313559322035 2.1515151515151514 2.121212121212121 1.4848484848484849 1.2727272727272727 2.8181818181818183 1.2121212121212122 2.787878787878788 1.8181818181818181 1.5454545454545454 1.3636363636363635 2.787878787878788 1.7272727272727273 2.0303030303030303 3.0 2.212121212121212 1.4848484848484849 2.878787878787879 2.1818181818181817 2.5757575757575757 2.0303030303030303 2.090909090909091 1.393939393939394 1.6363636363636365 1.6666666666666667 2.303030303030303 1.7575757575757576 2.272727272727273 2.4242424242424243 1.4848484848484849 1.2727272727272727 1.8181818181818181 1.3636363636363635 1.3333333333333333 3.0 2.121212121212121 2.121212121212121 1.4848484848484849 1.606060606060606 1.5454545454545454 2.787878787878788
2 36.159428816238865 1.4343434343434343 1.4141414141414141 0.98989898989899 0.8484848484848485 1.878787878787879 0.8080808080808081 1.8585858585858586 1.2121212121212122 1.0303030303030303 0.9090909090909091 1.8585858585858586 1.1515151515151516 1.3535353535353536 2.0 1.4747474747474747 0.98989898989899 1.9191919191919191 1.4545454545454546 1.7171717171717171 1.3535353535353536 1.393939393939394 0.9292929292929293 1.0909090909090908 1.1111111111111112 1.5353535353535352 1.1717171717171717 1.5151515151515151 1.6161616161616161 0.98989898989899 0.8484848484848485 1.2121212121212122 0.9090909090909091 0.8888888888888888 2.0 1.4141414141414141 1.4141414141414141 0.98989898989899 1.0707070707070707 1.0303030303030303 1.8585858585858586
3 30.485525123930096 2.1515151515151514 2.121212121212121 1.4848484848484849 1.2727272727272727 2.8181818181818183 1.2121212121212122 2.787878787878788 1.8181818181818181 1.5454545454545454 1.3636363636363635 2.787878787878788 1.7272727272727273 2.0303030303030303 3.0 2.212121212121212 1.4848484848484849 2.878787878787879 2.1818181818181817 2.5757575757575757 2.0303030303030303 2.090909090909091 1.393939393939394 1.6363636363636365 1.6666666666666667 2.303030303030303 1.7575757575757576 2.272727272727273 2.4242424242424243 1.4848484848484849 1.2727272727272727 1.8181818181818181 1.3636363636363635 1.3333333333333333 3.0 2.121212121212121 2.121212121212121 1.4848484848484849 1.606060606060606 1.5454545454545454 2.787878787878788
4 31.7912587412587 2.1515151515151514 2.121212121212121 1.4848484848484849 1.2727272727272727 2.8181818181818183 1.2121212121212122 2.787878787878788 1.8181818181818181 1.5454545454545454 1.3636363636363635 2.787878787878788 1.7272727272727273 2.0303030303030303 3.0 2.212121212121212 1.4848484848484849 2.878787878787879 2.1818181818181817 2.5757575757575757 2.0303030303030303 2.090909090909091 1.393939393939394 1.6363636363636365 1.6666666666666667 2.303030303030303 1.7575757575757576 2.272727272727273 2.4242424242424243 1.4848484848484849 1.2727272727272727 1.8181818181818181 1.3636363636363635 1.3333333333333333 3.0 2.121212121212121 2.121212121212121 1.4848484848484849 1.606060606060606 1.5454545454545454 2.787878787878788
5 53.47348641437108 1.4343434343434343 1.4141414141414141 0.98989898989899 0.8484848484848485 1.878787878787879 0.8080808080808081 1.8585858585858586 1.2121212121212122 1.0303030303030303 0.9090909090909091 1.8585858585858586 1.1515151515151516 1.3535353535353536 2.0 1.4747474747474747 0.98989898989899 1.9191919191919191 1.4545454545454546 1.7171717171717171 1.3535353535353536 1.393939393939394 0.9292929292929293 1.0909090909090908 1.1111111111111112 1.5353535353535352 1.1717171717171717 1.5151515151515151 1.6161616161616161 0.98989898989899 0.8484848484848485 1.2121212121212122 0.9090909090909091 0.8888888888888888 2.0 1.4141414141414141 1.4141414141414141 0.98989898989899 1.0707070707070707 1.0303030303030303 1.8585858585858586
6 105.0 2.1515151515151514 2.121212121212121 1.4848484848484849 1.2727272727272727 2.8181818181818183 1.2121212121212122 2.787878787878788 1.8181818181818181 1.5454545454545454 1.3636363636363635 2.787878787878788 1.7272727272727273 2.0303030303030303 3.0 2.212121212121212 1.4848484848484849 2.878787878787879 2.1818181818181817 2.5757575757575757 2.0303030303030303 2.090909090909091 1.393939393939394 1.6363636363636365 1.6666666666666667 2.303030303030303 1.7575757575757576 2.272727272727273 2.4242424242424243 1.4848484848484849 1.2727272727272727 1.8181818181818181 1.3636363636363635 1.3333333333333333 3.0 2.121212121212121 2.121212121212121 1.4848484848484849 1.606060606060606 1.5454545454545454 2.787878787878788
7 26.22998771800539 2.1515151515151514 2.121212121212121 1.4848484848484849 1.2727272727272727 2.8181818181818183 1.2121212121212122 2.787878787878788 1.8181818181818181 1.5454545454545454 1.3636363636363635 2.787878787878788 1.7272727272727273 2.0303030303030303 3.0 2.212121212121212 1.4848484848484849 2.878787878787879 2.1818181818181817 2.5757575757575757 2.0303030303030303 2.090909090909091 1.393939393939394 1.6363636363636365 1.6666666666666667 2.303030303030303 1.7575757575757576 2.272727272727273 2.4242424242424243 1.4848484848484849 1.2727272727272727 1.8181818181818181 1.3636363636363635 1.3333333333333333 3.0 2.121212121212121 2.121212121212121 1.4848484848484849 1.606060606060606 1.5454545454545454 2.787878787878788
8 23.645143745143756 1.4343434343434343 1.4141414141414141 0.98989898989899 0.8484848484848485 1.878787878787879 0.8080808080808081 1.8585858585858586 1.2121212121212122 1.0303030303030303 0.9090909090909091 1.8585858585858586 1.1515151515151516 1.3535353535353536 2.0 1.4747474747474747 0.98989898989899 1.9191919191919191 1.4545454545454546 1.7171717171717171 1.3535353535353536 1.393939393939394 0.9292929292929293 1.0909090909090908 1.1111111111111112 1.5353535353535352 1.1717171717171717 1.5151515151515151 1.6161616161616161 0.98989898989899 0.8484848484848485 1.2121212121212122 0.9090909090909091 0.8888888888888888 2.0 1.4141414141414141 1.4141414141414141 0.98989898989899 1.0707070707070707 1.0303030303030303 1.8585858585858586
9 36.20793219257681 1.4343434343434343 1.4141414141414141 0.98989898989899 0.8484848484848485 1.878787878787879 0.8080808080808081 1.8585858585858586 1.2121212121212122 1.0303030303030303 0.9090909090909091 1.8585858585858586 1.1515151515151516 1.3535353535353536 2.0 1.4747474747474747 0.98989898989899 1.9191919191919191 1.4545454545454546 1.7171717171717171 1.3535353535353536 1.393939393939394 0.9292929292929293 1.0909090909090908 1.1111111111111112 1.5353535353535352 1.1717171717171717 1.5151515151515151 1.6161616161616161 0.98989898989899 0.8484848484848485 1.2121212121212122 0.9090909090909091 0.8888888888888888 2.0 1.4141414141414141 1.4141414141414141 0.98989898989899 1.0707070707070707 1.0303030303030303 1.8585858585858586
10 20.5571440208537 1.4343434343434343 1.4141414141414141 0.98989898989899 0.8484848484848485 1.878787878787879 0.8080808080808081 1.8585858585858586 1.2121212121212122 1.0303030303030303 0.9090909090909091 1.8585858585858586 1.1515151515151516 1.3535353535353536 2.0 1.4747474747474747 0.98989898989899 1.9191919191919191 1.4545454545454546 1.7171717171717171 1.3535353535353536 1.393939393939394 0.9292929292929293 1.0909090909090908 1.1111111111111112 1.5353535353535352 1.1717171717171717 1.5151515151515151 1.6161616161616161 0.98989898989899 0.8484848484848485 1.2121212121212122 0.9090909090909091 0.8888888888888888 2.0 1.4141414141414141 1.4141414141414141 0.98989898989899 1.0707070707070707 1.0303030303030303 1.8585858585858586
11 124.30750921149595 2.1515151515151514 2.121212121212121 1.4848484848484849 1.2727272727272727 2.8181818181818183 1.2121212121212122 2.787878787878788 1.8181818181818181 1.5454545454545454 1.3636363636363635 2.787878787878788 1.7272727272727273 2.0303030303030303 3.0 2.212121212121212 1.4848484848484849 2.878787878787879 2.1818181818181817 2.5757575757575757 2.0303030303030303 2.090909090909091 1.393939393939394 1.6363636363636365 1.6666666666666667 2.303030303030303 1.7575757575757576 2.272727272727273 2.4242424242424243 1.4848484848484849 1.2727272727272727 1.8181818181818181 1.3636363636363635 1.3333333333333333 3.0 2.121212121212121 2.121212121212121 1.4848484848484849 1.606060606060606 1.5454545454545454 2.787878787878788
12 1.8186539306104526 1.4343434343434343 1.4141414141414141 0.98989898989899 0.8484848484848485 1.878787878787879 0.8080808080808081 1.8585858585858586 1.2121212121212122 1.0303030303030303 0.9090909090909091 1.8585858585858586 1.1515151515151516 1.3535353535353536 2.0 1.4747474747474747 0.98989898989899 1.9191919191919191 1.4545454545454546 1.7171717171717171 1.3535353535353536 1.393939393939394 0.9292929292929293 1.0909090909090908 1.1111111111111112 1.5353535353535352 1.1717171717171717 1.5151515151515151 1.6161616161616161 0.98989898989899 0.8484848484848485 1.2121212121212122 0.9090909090909091 0.8888888888888888 2.0 1.4141414141414141 1.4141414141414141 0.98989898989899 1.0707070707070707 1.0303030303030303 1.8585858585858586
13 68.17596314600823 1.4343434343434343 1.4141414141414141 0.98989898989899 0.8484848484848485 1.878787878787879 0.8080808080808081 1.8585858585858586 1.2121212121212122 1.0303030303030303 0.9090909090909091 1.8585858585858586 1.1515151515151516 1.3535353535353536 2.0 1.4747474747474747 0.98989898989899 1.9191919191919191 1.4545454545454546 1.7171717171717171 1.3535353535353536 1.393939393939394 0.9292929292929293 1.0909090909090908 1.1111111111111112 1.5353535353535352 1.1717171717171717 1.5151515151515151 1.6161616161616161 0.98989898989899 0.8484848484848485 1.2121212121212122 0.9090909090909091 0.8888888888888888 2.0 1.4141414141414141 1.4141414141414141 0.98989898989899 1.0707070707070707 1.0303030303030303 1.8585858585858586
14 103.0 2.1515151515151514 2.121212121212121 1.4848484848484849 1.2727272727272727 2.8181818181818183 1.2121212121212122 2.787878787878788 1.8181818181818181 1.5454545454545454 1.3636363636363635 2.787878787878788 1.7272727272727273 2.0303030303030303 3.0 2.212121212121212 1.4848484848484849 2.878787878787879 2.1818181818181817 2.5757575757575757 2.0303030303030303 2.090909090909091 1.393939393939394 1.6363636363636365 1.6666666666666667 2.303030303030303 1.7575757575757576 2.272727272727273 2.4242424242424243 1.4848484848484849 1.2727272727272727 1.8181818181818181 1.3636363636363635 1.3333333333333333 3.0 2.121212121212121 2.121212121212121 1.4848484848484849 1.606060606060606 1.5454545454545454 2.787878787878788
15 124.6859146189996 2.1515151515151514 2.121212121212121 1.4848484848484849 1.2727272727272727 2.8181818181818183 1.2121212121212122 2.787878787878788 1.8181818181818181 1.5454545454545454 1.3636363636363635 2.787878787878788 1.7272727272727273 2.0303030303030303 3.0 2.212121212121212 1.4848484848484849 2.878787878787879 2.1818181818181817 2.5757575757575757 2.0303030303030303 2.090909090909091 1.393939393939394 1.6363636363636365 1.6666666666666667 2.303030303030303 1.7575757575757576 2.272727272727273 2.4242424242424243 1.4848484848484849 1.2727272727272727 1.8181818181818181 1.3636363636363635 1.3333333333333333 3.0 2.121212121212121 2.121212121212121 1.4848484848484849 1.606060606060606 1.5454545454545454 2.787878787878788
16 3.3511846542060257 2.1515151515151514 2.121212121212121 1.4848484848484849 1.2727272727272727 2.8181818181818183 1.2121212121212122 2.787878787878788 1.8181818181818181 1.5454545454545454 1.3636363636363635 2.787878787878788 1.7272727272727273 2.0303030303030303 3.0 2.212121212121212 1.4848484848484849 2.878787878787879 2.1818181818181817 2.5757575757575757 2.0303030303030303 2.090909090909091 1.393939393939394 1.6363636363636365 1.6666666666666667 2.303030303030303 1.7575757575757576 2.272727272727273 2.4242424242424243 1.4848484848484849 1.2727272727272727 1.8181818181818181 1.3636363636363635 1.3333333333333333 3.0 2.121212121212121 2.121212121212121 1.4848484848484849 1.606060606060606 1.5454545454545454 2.787878787878788
17 0.7550306332085992 2.1515151515151514 2.121212121212121 1.4848484848484849 1.2727272727272727 2.8181818181818183 1.2121212121212122 2.787878787878788 1.8181818181818181 1.5454545454545454 1.3636363636363635 2.787878787878788 1.7272727272727273 2.0303030303030303 3.0 2.212121212121212 1.4848484848484849 2.878787878787879 2.1818181818181817 2.5757575757575757 2.0303030303030303 2.090909090909091 1.393939393939394 1.6363636363636365 1.6666666666666667 2.303030303030303 1.7575757575757576 2.272727272727273 2.4242424242424243 1.4848484848484849 1.2727272727272727 1.8181818181818181 1.3636363636363635 1.3333333333333333 3.0 2.121212121212121 2.121212121212121 1.4848484848484849 1.606060606060606 1.5454545454545454 2.787878787878788
18 72.94233743686866 1.4343434343434343 1.4141414141414141 0.98989898989899 0.8484848484848485 1.878787878787879 0.8080808080808081 1.8585858585858586 1.2121212121212122 1.0303030303030303 0.9090909090909091 1.8585858585858586 1.1515151515151516 1.3535353535353536 2.0 1.4747474747474747 0.98989898989899 1.9191919191919191 1.4545454545454546 1.7171717171717171 1.3535353535353536 1.393939393939394 0.9292929292929293 1.0909090909090908 1.1111111111111112 1.5353535353535352 1.1717171717171717 1.5151515151515151 1.6161616161616161 0.98989898989899 0.8484848484848485 1.2121212121212122 0.9090909090909091 0.8888888888888888 2.0 1.4141414141414141 1.4141414141414141 0.98989898989899 1.0707070707070707 1.0303030303030303 1.8585858585858586
19 119.45616181361189 2.1515151515151514 2.121212121212121 1.4848484848484849 1.2727272727272727 2.8181818181818183 1.2121212121212122 2.787878787878788 1.8181818181818181 1.5454545454545454 1.3636363636363635 2.787878787878788 1.7272727272727273 2.0303030303030303 3.0 2.212121212121212 1.4848484848484849 2.878787878787879 2.1818181818181817 2.5757575757575757 2.0303030303030303 2.090909090909091 1.393939393939394 1.6363636363636365 1.6666666666666667 2.303030303030303 1.7575757575757576 2.272727272727273 2.4242424242424243 1.4848484848484849 1.2727272727272727 1.8181818181818181 1.3636363636363635 1.3333333333333333 3.0 2.121212121212121 2.121212121212121 1.4848484848484849 1.606060606060606 1.5454545454545454 2.787878787878788
20 23.42449254449254 1.4343434343434343 1.4141414141414141 0.98989898989899 0.8484848484848485 1.878787878787879 0.8080808080808081 1.8585858585858586 1.2121212121212122 1.0303030303030303 0.9090909090909091 1.8585858585858586 1.1515151515151516 1.3535353535353536 2.0 1.4747474747474747 0.98989898989899 1.9191919191919191 1.4545454545454546 1.7171717171717171 1.3535353535353536 1.393939393939394 0.9292929292929293 1.0909090909090908 1.1111111111111112 1.5353535353535352 1.1717171717171717 1.5151515151515151 1.6161616161616161 0.98989898989899 0.8484848484848485 1.2121212121212122 0.9090909090909091 0.8888888888888888 2.0 1.4141414141414141 1.4141414141414141 0.98989898989899 1.0707070707070707 1.0303030303030303 1.8585858585858586
21 41.962805095911236 2.1515151515151514 2.121212121212121 1.4848484848484849 1.2727272727272727 2.8181818181818183 1.2121212121212122 2.787878787878788 1.8181818181818181 1.5454545454545454 1.3636363636363635 2.787878787878788 1.7272727272727273 2.0303030303030303 3.0 2.212121212121212 1.4848484848484849 2.878787878787879 2.1818181818181817 2.5757575757575757 2.0303030303030303 2.090909090909091 1.393939393939394 1.6363636363636365 1.6666666666666667 2.303030303030303 1.7575757575757576 2.272727272727273 2.4242424242424243 1.4848484848484849 1.2727272727272727 1.8181818181818181 1.3636363636363635 1.3333333333333333 3.0 2.121212121212121 2.121212121212121 1.4848484848484849 1.606060606060606 1.5454545454545454 2.787878787878788
22 106.545588451097 1.4343434343434343 1.4141414141414141 0.98989898989899 0.8484848484848485 1.878787878787879 0.8080808080808081 1.8585858585858586 1.2121212121212122 1.0303030303030303 0.9090909090909091 1.8585858585858586 1.1515151515151516 1.3535353535353536 2.0 1.4747474747474747 0.98989898989899 1.9191919191919191 1.4545454545454546 1.7171717171717171 1.3535353535353536 1.393939393939394 0.9292929292929293 1.0909090909090908 1.1111111111111112 1.5353535353535352 1.1717171717171717 1.5151515151515151 1.6161616161616161 0.98989898989899 0.8484848484848485 1.2121212121212122 0.9090909090909091 0.8888888888888888 2.0 1.4141414141414141 1.4141414141414141 0.98989898989899 1.0707070707070707 1.0303030303030303 1.8585858585858586
23 54.85053900348018 1.4343434343434343 1.4141414141414141 0.98989898989899 0.8484848484848485 1.878787878787879 0.8080808080808081 1.8585858585858586 1.2121212121212122 1.0303030303030303 0.9090909090909091 1.8585858585858586 1.1515151515151516 1.3535353535353536 2.0 1.4747474747474747 0.98989898989899 1.9191919191919191 1.4545454545454546 1.7171717171717171 1.3535353535353536 1.393939393939394 0.9292929292929293 1.0909090909090908 1.1111111111111112 1.5353535353535352 1.1717171717171717 1.5151515151515151 1.6161616161616161 0.98989898989899 0.8484848484848485 1.2121212121212122 0.9090909090909091 0.8888888888888888 2.0 1.4141414141414141 1.4141414141414141 0.98989898989899 1.0707070707070707 1.0303030303030303 1.8585858585858586
24 34.97387979170588 2.1515151515151514 2.121212121212121 1.4848484848484849 1.2727272727272727 2.8181818181818183 1.2121212121212122 2.787878787878788 1.8181818181818181 1.5454545454545454 1.3636363636363635 2.787878787878788 1.7272727272727273 2.0303030303030303 3.0 2.212121212121212 1.4848484848484849 2.878787878787879 2.1818181818181817 2.5757575757575757 2.0303030303030303 2.090909090909091 1.393939393939394 1.6363636363636365 1.6666666666666667 2.303030303030303 1.7575757575757576 2.272727272727273 2.4242424242424243 1.4848484848484849 1.2727272727272727 1.8181818181818181 1.3636363636363635 1.3333333333333333 3.0 2.121212121212121 2.121212121212121 1.4848484848484849 1.606060606060606 1.5454545454545454 2.787878787878788
25 90.22391138227734 1.4343434343434343 1.4141414141414141 0.98989898989899 0.8484848484848485 1.878787878787879 0.8080808080808081 1.8585858585858586 1.2121212121212122 1.0303030303030303 0.9090909090909091 1.8585858585858586 1.1515151515151516 1.3535353535353536 2.0 1.4747474747474747 0.98989898989899 1.9191919191919191 1.4545454545454546 1.7171717171717171 1.3535353535353536 1.393939393939394 0.9292929292929293 1.0909090909090908 1.1111111111111112 1.5353535353535352 1.1717171717171717 1.5151515151515151 1.6161616161616161 0.98989898989899 0.8484848484848485 1.2121212121212122 0.9090909090909091 0.8888888888888888 2.0 1.4141414141414141 1.4141414141414141 0.98989898989899 1.0707070707070707 1.0303030303030303 1.8585858585858586
26 37.15167816707977 2.1515151515151514 2.121212121212121 1.4848484848484849 1.2727272727272727 2.8181818181818183 1.2121212121212122 2.787878787878788 1.8181818181818181 1.5454545454545454 1.3636363636363635 2.787878787878788 1.7272727272727273 2.0303030303030303 3.0 2.212121212121212 1.4848484848484849 2.878787878787879 2.1818181818181817 2.5757575757575757 2.0303030303030303 2.090909090909091 1.393939393939394 1.6363636363636365 1.6666666666666667 2.303030303030303 1.7575757575757576 2.272727272727273 2.4242424242424243 1.4848484848484849 1.2727272727272727 1.8181818181818181 1.3636363636363635 1.3333333333333333 3.0 2.121212121212121 2.121212121212121 1.4848484848484849 1.606060606060606 1.5454545454545454 2.787878787878788
27 27.964274322169057 1.4343434343434343 1.4141414141414141 0.98989898989899 0.8484848484848485 1.878787878787879 0.8080808080808081 1.8585858585858586 1.2121212121212122 1.0303030303030303 0.9090909090909091 1.8585858585858586 1.1515151515151516 1.3535353535353536 2.0 1.4747474747474747 0.98989898989899 1.9191919191919191 1.4545454545454546 1.7171717171717171 1.3535353535353536 1.393939393939394 0.9292929292929293 1.0909090909090908 1.1111111111111112 1.5353535353535352 1.1717171717171717 1.5151515151515151 1.6161616161616161 0.98989898989899 0.8484848484848485 1.2121212121212122 0.9090909090909091 0.8888888888888888 2.0 1.4141414141414141 1.4141414141414141 0.98989898989899 1.0707070707070707 1.0303030303030303 1.8585858585858586
28 210.00168447816003 2.1515151515151514 2.121212121212121 1.4848484848484849 1.2727272727272727 2.8181818181818183 1.2121212121212122 2.787878787878788 1.8181818181818181 1.5454545454545454 1.3636363636363635 2.787878787878788 1.7272727272727273 2.0303030303030303 3.0 2.212121212121212 1.4848484848484849 2.878787878787879 2.1818181818181817 2.5757575757575757 2.0303030303030303 2.090909090909091 1.393939393939394 1.6363636363636365 1.6666666666666667 2.303030303030303 1.7575757575757576 2.272727272727273 2.4242424242424243 1.4848484848484849 1.2727272727272727 1.8181818181818181 1.3636363636363635 1.3333333333333333 3.0 2.121212121212121 2.121212121212121 1.4848484848484849 1.606060606060606 1.5454545454545454 2.787878787878788
29 56.61958447764901 1.4343434343434343 1.4141414141414141 0.98989898989899 0.8484848484848485 1.878787878787879 0.8080808080808081 1.8585858585858586 1.2121212121212122 1.0303030303030303 0.9090909090909091 1.8585858585858586 1.1515151515151516 1.3535353535353536 2.0 1.4747474747474747 0.98989898989899 1.9191919191919191 1.4545454545454546 1.7171717171717171 1.3535353535353536 1.393939393939394 0.9292929292929293 1.0909090909090908 1.1111111111111112 1.5353535353535352 1.1717171717171717 1.5151515151515151 1.6161616161616161 0.98989898989899 0.8484848484848485 1.2121212121212122 0.9090909090909091 0.8888888888888888 2.0 1.4141414141414141 1.4141414141414141 0.98989898989899 1.0707070707070707 1.0303030303030303 1.8585858585858586
30 10.509758962147254 2.1515151515151514 2.121212121212121 1.4848484848484849 1.2727272727272727 2.8181818181818183 1.2121212121212122 2.787878787878788 1.8181818181818181 1.5454545454545454 1.3636363636363635 2.787878787878788 1.7272727272727273 2.0303030303030303 3.0 2.212121212121212 1.4848484848484849 2.878787878787879 2.1818181818181817 2.5757575757575757 2.0303030303030303 2.090909090909091 1.393939393939394 1.6363636363636365 1.6666666666666667 2.303030303030303 1.7575757575757576 2.272727272727273 2.4242424242424243 1.4848484848484849 1.2727272727272727 1.8181818181818181 1.3636363636363635 1.3333333333333333 3.0 2.121212121212121 2.121212121212121 1.4848484848484849 1.606060606060606 1.5454545454545454 2.787878787878788
31 20.877298957030558 2.1515151515151514 2.121212121212121 1.4848484848484849 1.2727272727272727 2.8181818181818183 1.2121212121212122 2.787878787878788 1.8181818181818181 1.5454545454545454 1.3636363636363635 2.787878787878788 1.7272727272727273 2.0303030303030303 3.0 2.212121212121212 1.4848484848484849 2.878787878787879 2.1818181818181817 2.5757575757575757 2.0303030303030303 2.090909090909091 1.393939393939394 1.6363636363636365 1.6666666666666667 2.303030303030303 1.7575757575757576 2.272727272727273 2.4242424242424243 1.4848484848484849 1.2727272727272727 1.8181818181818181 1.3636363636363635 1.3333333333333333 3.0 2.121212121212121 2.121212121212121 1.4848484848484849 1.606060606060606 1.5454545454545454 2.787878787878788
32 13.967593179178525 2.1515151515151514 2.121212121212121 1.4848484848484849 1.2727272727272727 2.8181818181818183 1.2121212121212122 2.787878787878788 1.8181818181818181 1.5454545454545454 1.3636363636363635 2.787878787878788 1.7272727272727273 2.0303030303030303 3.0 2.212121212121212 1.4848484848484849 2.878787878787879 2.1818181818181817 2.5757575757575757 2.0303030303030303 2.090909090909091 1.393939393939394 1.6363636363636365 1.6666666666666667 2.303030303030303 1.7575757575757576 2.272727272727273 2.4242424242424243 1.4848484848484849 1.2727272727272727 1.8181818181818181 1.3636363636363635 1.3333333333333333 3.0 2.121212121212121 2.121212121212121 1.4848484848484849 1.606060606060606 1.5454545454545454 2.787878787878788
33 16.0 2.1515151515151514 2.121212121212121 1.4848484848484849 1.2727272727272727 2.8181818181818183 1.2121212121212122 2.787878787878788 1.8181818181818181 1.5454545454545454 1.3636363636363635 2.787878787878788 1.7272727272727273 2.0303030303030303 3.0 2.212121212121212 1.4848484848484849 2.878787878787879 2.1818181818181817 2.5757575757575757 2.0303030303030303 2.090909090909091 1.393939393939394 1.6363636363636365 1.6666666666666667 2.303030303030303 1.7575757575757576 2.272727272727273 2.4242424242424243 1.4848484848484849 1.2727272727272727 1.8181818181818181 1.3636363636363635 1.3333333333333333 3.0 2.121212121212121 2.121212121212121 1.4848484848484849 1.606060606060606 1.5454545454545454 2.787878787878788
34 96.60149613387459 2.1515151515151514 2.121212121212121 1.4848484848484849 1.2727272727272727 2.8181818181818183 1.2121212121212122 2.787878787878788 1.8181818181818181 1.5454545454545454 1.3636363636363635 2.787878787878788 1.7272727272727273 2.0303030303030303 3.0 2.212121212121212 1.4848484848484849 2.878787878787879 2.1818181818181817 2.5757575757575757 2.0303030303030303 2.090909090909091 1.393939393939394 1.6363636363636365 1.6666666666666667 2.303030303030303 1.7575757575757576 2.272727272727273 2.4242424242424243 1.4848484848484849 1.2727272727272727 1.8181818181818181 1.3636363636363635 1.3333333333333333 3.0 2.121212121212121 2.121212121212121 1.4848484848484849 1.606060606060606 1.5454545454545454 2.787878787878788
35 37.58767162884808 2.1515151515151514 2.121212121212121 1.4848484848484849 1.2727272727272727 2.8181818181818183 1.2121212121212122 2.787878787878788 1.8181818181818181 1.5454545454545454 1.3636363636363635 2.787878787878788 1.7272727272727273 2.0303030303030303 3.0 2.212121212121212 1.4848484848484849 2.878787878787879 2.1818181818181817 2.5757575757575757 2.0303030303030303 2.090909090909091 1.393939393939394 1.6363636363636365 1.6666666666666667 2.303030303030303 1.7575757575757576 2.272727272727273 2.4242424242424243 1.4848484848484849 1.2727272727272727 1.8181818181818181 1.3636363636363635 1.3333333333333333 3.0 2.121212121212121 2.121212121212121 1.4848484848484849 1.606060606060606 1.5454545454545454 2.787878787878788
36 19.424273023603394 2.1515151515151514 2.121212121212121 1.4848484848484849 1.2727272727272727 2.8181818181818183 1.2121212121212122 2.787878787878788 1.8181818181818181 1.5454545454545454 1.3636363636363635 2.787878787878788 1.7272727272727273 2.0303030303030303 3.0 2.212121212121212 1.4848484848484849 2.878787878787879 2.1818181818181817 2.5757575757575757 2.0303030303030303 2.090909090909091 1.393939393939394 1.6363636363636365 1.6666666666666667 2.303030303030303 1.7575757575757576 2.272727272727273 2.4242424242424243 1.4848484848484849 1.2727272727272727 1.8181818181818181 1.3636363636363635 1.3333333333333333 3.0 2.121212121212121 2.121212121212121 1.4848484848484849 1.606060606060606 1.5454545454545454 2.787878787878788
37 217.61772586687874 1.4343434343434343 1.4141414141414141 0.98989898989899 0.8484848484848485 1.878787878787879 0.8080808080808081 1.8585858585858586 1.2121212121212122 1.0303030303030303 0.9090909090909091 1.8585858585858586 1.1515151515151516 1.3535353535353536 2.0 1.4747474747474747 0.98989898989899 1.9191919191919191 1.4545454545454546 1.7171717171717171 1.3535353535353536 1.393939393939394 0.9292929292929293 1.0909090909090908 1.1111111111111112 1.5353535353535352 1.1717171717171717 1.5151515151515151 1.6161616161616161 0.98989898989899 0.8484848484848485 1.2121212121212122 0.9090909090909091 0.8888888888888888 2.0 1.4141414141414141 1.4141414141414141 0.98989898989899 1.0707070707070707 1.0303030303030303 1.8585858585858586
38 149.86448899954596 2.1515151515151514 2.121212121212121 1.4848484848484849 1.2727272727272727 2.8181818181818183 1.2121212121212122 2.787878787878788 1.8181818181818181 1.5454545454545454 1.3636363636363635 2.787878787878788 1.7272727272727273 2.0303030303030303 3.0 2.212121212121212 1.4848484848484849 2.878787878787879 2.1818181818181817 2.5757575757575757 2.0303030303030303 2.090909090909091 1.393939393939394 1.6363636363636365 1.6666666666666667 2.303030303030303 1.7575757575757576 2.272727272727273 2.4242424242424243 1.4848484848484849 1.2727272727272727 1.8181818181818181 1.3636363636363635 1.3333333333333333 3.0 2.121212121212121 2.121212121212121 1.4848484848484849 1.606060606060606 1.5454545454545454 2.787878787878788
39 21.022659460122803 1.4343434343434343 1.4141414141414141 0.98989898989899 0.8484848484848485 1.878787878787879 0.8080808080808081 1.8585858585858586 1.2121212121212122 1.0303030303030303 0.9090909090909091 1.8585858585858586 1.1515151515151516 1.3535353535353536 2.0 1.4747474747474747 0.98989898989899 1.9191919191919191 1.4545454545454546 1.7171717171717171 1.3535353535353536 1.393939393939394 0.9292929292929293 1.0909090909090908 1.1111111111111112 1.5353535353535352 1.1717171717171717 1.5151515151515151 1.6161616161616161 0.98989898989899 0.8484848484848485 1.2121212121212122 0.9090909090909091 0.8888888888888888 2.0 1.4141414141414141 1.4141414141414141 0.98989898989899 1.0707070707070707 1.0303030303030303 1.8585858585858586
40 0.8341004383457213 1.4343434343434343 1.4141414141414141 0.98989898989899 0.8484848484848485 1.878787878787879 0.8080808080808081 1.8585858585858586 1.2121212121212122 1.0303030303030303 0.9090909090909091 1.8585858585858586 1.1515151515151516 1.3535353535353536 2.0 1.4747474747474747 0.98989898989899 1.9191919191919191 1.4545454545454546 1.7171717171717171 1.3535353535353536 1.393939393939394 0.9292929292929293 1.0909090909090908 1.1111111111111112 1.5353535353535352 1.1717171717171717 1.5151515151515151 1.6161616161616161 0.98989898989899 0.8484848484848485 1.2121212121212122 0.9090909090909091 0.8888888888888888 2.0 1.4141414141414141 1.4141414141414141 0.98989898989899 1.0707070707070707 1.0303030303030303 1.8585858585858586
41 18.149459007380887 1.4343434343434343 1.4141414141414141 0.98989898989899 0.8484848484848485 1.878787878787879 0.8080808080808081 1.8585858585858586 1.2121212121212122 1.0303030303030303 0.9090909090909091 1.8585858585858586 1.1515151515151516 1.3535353535353536 2.0 1.4747474747474747 0.98989898989899 1.9191919191919191 1.4545454545454546 1.7171717171717171 1.3535353535353536 1.393939393939394 0.9292929292929293 1.0909090909090908 1.1111111111111112 1.5353535353535352 1.1717171717171717 1.5151515151515151 1.6161616161616161 0.98989898989899 0.8484848484848485 1.2121212121212122 0.9090909090909091 0.8888888888888888 2.0 1.4141414141414141 1.4141414141414141 0.98989898989899 1.0707070707070707 1.0303030303030303 1.8585858585858586
42 18.19339070740477 2.1515151515151514 2.121212121212121 1.4848484848484849 1.2727272727272727 2.8181818181818183 1.2121212121212122 2.787878787878788 1.8181818181818181 1.5454545454545454 1.3636363636363635 2.787878787878788 1.7272727272727273 2.0303030303030303 3.0 2.212121212121212 1.4848484848484849 2.878787878787879 2.1818181818181817 2.5757575757575757 2.0303030303030303 2.090909090909091 1.393939393939394 1.6363636363636365 1.6666666666666667 2.303030303030303 1.7575757575757576 2.272727272727273 2.4242424242424243 1.4848484848484849 1.2727272727272727 1.8181818181818181 1.3636363636363635 1.3333333333333333 3.0 2.121212121212121 2.121212121212121 1.4848484848484849 1.606060606060606 1.5454545454545454 2.787878787878788
43 23.498300073909856 2.1515151515151514 2.121212121212121 1.4848484848484849 1.2727272727272727 2.8181818181818183 1.2121212121212122 2.787878787878788 1.8181818181818181 1.5454545454545454 1.3636363636363635 2.787878787878788 1.7272727272727273 2.0303030303030303 3.0 2.212121212121212 1.4848484848484849 2.878787878787879 2.1818181818181817 2.5757575757575757 2.0303030303030303 2.090909090909091 1.393939393939394 1.6363636363636365 1.6666666666666667 2.303030303030303 1.7575757575757576 2.272727272727273 2.4242424242424243 1.4848484848484849 1.2727272727272727 1.8181818181818181 1.3636363636363635 1.3333333333333333 3.0 2.121212121212121 2.121212121212121 1.4848484848484849 1.606060606060606 1.5454545454545454 2.787878787878788
44 16.50262169383882 1.4343434343434343 1.4141414141414141 0.98989898989899 0.8484848484848485 1.878787878787879 0.8080808080808081 1.8585858585858586 1.2121212121212122 1.0303030303030303 0.9090909090909091 1.8585858585858586 1.1515151515151516 1.3535353535353536 2.0 1.4747474747474747 0.98989898989899 1.9191919191919191 1.4545454545454546 1.7171717171717171 1.3535353535353536 1.393939393939394 0.9292929292929293 1.0909090909090908 1.1111111111111112 1.5353535353535352 1.1717171717171717 1.5151515151515151 1.6161616161616161 0.98989898989899 0.8484848484848485 1.2121212121212122 0.9090909090909091 0.8888888888888888 2.0 1.4141414141414141 1.4141414141414141 0.98989898989899 1.0707070707070707 1.0303030303030303 1.8585858585858586
45 1.5749976310951916 1.4343434343434343 1.4141414141414141 0.98989898989899 0.8484848484848485 1.878787878787879 0.8080808080808081 1.8585858585858586 1.2121212121212122 1.0303030303030303 0.9090909090909091 1.8585858585858586 1.1515151515151516 1.3535353535353536 2.0 1.4747474747474747 0.98989898989899 1.9191919191919191 1.4545454545454546 1.7171717171717171 1.3535353535353536 1.393939393939394 0.9292929292929293 1.0909090909090908 1.1111111111111112 1.5353535353535352 1.1717171717171717 1.5151515151515151 1.6161616161616161 0.98989898989899 0.8484848484848485 1.2121212121212122 0.9090909090909091 0.8888888888888888 2.0 1.4141414141414141 1.4141414141414141 0.98989898989899 1.0707070707070707 1.0303030303030303 1.8585858585858586
46 24.55789715335168 2.1515151515151514 2.121212121212121 1.4848484848484849 1.2727272727272727 2.8181818181818183 1.2121212121212122 2.787878787878788 1.8181818181818181 1.5454545454545454 1.3636363636363635 2.787878787878788 1.7272727272727273 2.0303030303030303 3.0 2.212121212121212 1.4848484848484849 2.878787878787879 2.1818181818181817 2.5757575757575757 2.0303030303030303 2.090909090909091 1.393939393939394 1.6363636363636365 1.6666666666666667 2.303030303030303 1.7575757575757576 2.272727272727273 2.4242424242424243 1.4848484848484849 1.2727272727272727 1.8181818181818181 1.3636363636363635 1.3333333333333333 3.0 2.121212121212121 2.121212121212121 1.4848484848484849 1.606060606060606 1.5454545454545454 2.787878787878788
47 69.90772727272729 2.1515151515151514 2.121212121212121 1.4848484848484849 1.2727272727272727 2.8181818181818183 1.2121212121212122 2.787878787878788 1.8181818181818181 1.5454545454545454 1.3636363636363635 2.787878787878788 1.7272727272727273 2.0303030303030303 3.0 2.212121212121212 1.4848484848484849 2.878787878787879 2.1818181818181817 2.5757575757575757 2.0303030303030303 2.090909090909091 1.393939393939394 1.6363636363636365 1.6666666666666667 2.303030303030303 1.7575757575757576 2.272727272727273 2.4242424242424243 1.4848484848484849 1.2727272727272727 1.8181818181818181 1.3636363636363635 1.3333333333333333 3.0 2.121212121212121 2.121212121212121 1.4848484848484849 1.606060606060606 1.5454545454545454 2.787878787878788
48 21.020456890536625 2.1515151515151514 2.121212121212121 1.4848484848484849 1.2727272727272727 2.8181818181818183 1.2121212121212122 2.787878787878788 1.8181818181818181 1.5454545454545454 1.3636363636363635 2.787878787878788 1.7272727272727273 2.0303030303030303 3.0 2.212121212121212 1.4848484848484849 2.878787878787879 2.1818181818181817 2.5757575757575757 2.0303030303030303 2.090909090909091 1.393939393939394 1.6363636363636365 1.6666666666666667 2.303030303030303 1.7575757575757576 2.272727272727273 2.4242424242424243 1.4848484848484849 1.2727272727272727 1.8181818181818181 1.3636363636363635 1.3333333333333333 3.0 2.121212121212121 2.121212121212121 1.4848484848484849 1.606060606060606 1.5454545454545454 2.787878787878788
49 192.2390413933718 2.1515151515151514 2.121212121212121 1.4848484848484849 1.2727272727272727 2.8181818181818183 1.2121212121212122 2.787878787878788 1.8181818181818181 1.5454545454545454 1.3636363636363635 2.787878787878788 1.7272727272727273 2.0303030303030303 3.0 2.212121212121212 1.4848484848484849 2.878787878787879 2.1818181818181817 2.5757575757575757 2.0303030303030303 2.090909090909091 1.393939393939394 1.6363636363636365 1.6666666666666667 2.303030303030303 1.7575757575757576 2.272727272727273 2.4242424242424243 1.4848484848484849 1.2727272727272727 1.8181818181818181 1.3636363636363635 1.3333333333333333 3.0 2.121212121212121 2.121212121212121 1.4848484848484849 1.606060606060606 1.5454545454545454 2.787878787878788
50 16.741182836771078 2.1515151515151514 2.121212121212121 1.4848484848484849 1.2727272727272727 2.8181818181818183 1.2121212121212122 2.787878787878788 1.8181818181818181 1.5454545454545454 1.3636363636363635 2.787878787878788 1.7272727272727273 2.0303030303030303 3.0 2.212121212121212 1.4848484848484849 2.878787878787879 2.1818181818181817 2.5757575757575757 2.0303030303030303 2.090909090909091 1.393939393939394 1.6363636363636365 1.6666666666666667 2.303030303030303 1.7575757575757576 2.272727272727273 2.4242424242424243 1.4848484848484849 1.2727272727272727 1.8181818181818181 1.3636363636363635 1.3333333333333333 3.0 2.121212121212121 2.121212121212121 1.4848484848484849 1.606060606060606 1.5454545454545454 2.787878787878788
51 69.55543183339792 2.1515151515151514 2.121212121212121 1.4848484848484849 1.2727272727272727 2.8181818181818183 1.2121212121212122 2.787878787878788 1.8181818181818181 1.5454545454545454 1.3636363636363635 2.787878787878788 1.7272727272727273 2.0303030303030303 3.0 2.212121212121212 1.4848484848484849 2.878787878787879 2.1818181818181817 2.5757575757575757 2.0303030303030303 2.090909090909091 1.393939393939394 1.6363636363636365 1.6666666666666667 2.303030303030303 1.7575757575757576 2.272727272727273 2.4242424242424243 1.4848484848484849 1.2727272727272727 1.8181818181818181 1.3636363636363635 1.3333333333333333 3.0 2.121212121212121 2.121212121212121 1.4848484848484849 1.606060606060606 1.5454545454545454 2.787878787878788
52 12.194833113746153 2.1515151515151514 2.121212121212121 1.4848484848484849 1.2727272727272727 2.8181818181818183 1.2121212121212122 2.787878787878788 1.8181818181818181 1.5454545454545454 1.3636363636363635 2.787878787878788 1.7272727272727273 2.0303030303030303 3.0 2.212121212121212 1.4848484848484849 2.878787878787879 2.1818181818181817 2.5757575757575757 2.0303030303030303 2.090909090909091 1.393939393939394 1.6363636363636365 1.6666666666666667 2.303030303030303 1.7575757575757576 2.272727272727273 2.4242424242424243 1.4848484848484849 1.2727272727272727 1.8181818181818181 1.3636363636363635 1.3333333333333333 3.0 2.121212121212121 2.121212121212121 1.4848484848484849 1.606060606060606 1.5454545454545454 2.787878787878788
53 16.374816108261474 2.1515151515151514 2.121212121212121 1.4848484848484849 1.2727272727272727 2.8181818181818183 1.2121212121212122 2.787878787878788 1.8181818181818181 1.5454545454545454 1.3636363636363635 2.787878787878788 1.7272727272727273 2.0303030303030303 3.0 2.212121212121212 1.4848484848484849 2.878787878787879 2.1818181818181817 2.5757575757575757 2.0303030303030303 2.090909090909091 1.393939393939394 1.6363636363636365 1.6666666666666667 2.303030303030303 1.7575757575757576 2.272727272727273 2.4242424242424243 1.4848484848484849 1.2727272727272727 1.8181818181818181 1.3636363636363635 1.3333333333333333 3.0 2.121212121212121 2.121212121212121 1.4848484848484849 1.606060606060606 1.5454545454545454 2.787878787878788
54 1.0321822879962423 1.4343434343434343 1.4141414141414141 0.98989898989899 0.8484848484848485 1.878787878787879 0.8080808080808081 1.8585858585858586 1.2121212121212122 1.0303030303030303 0.9090909090909091 1.8585858585858586 1.1515151515151516 1.3535353535353536 2.0 1.4747474747474747 0.98989898989899 1.9191919191919191 1.4545454545454546 1.7171717171717171 1.3535353535353536 1.393939393939394 0.9292929292929293 1.0909090909090908 1.1111111111111112 1.5353535353535352 1.1717171717171717 1.5151515151515151 1.6161616161616161 0.98989898989899 0.8484848484848485 1.2121212121212122 0.9090909090909091 0.8888888888888888 2.0 1.4141414141414141 1.4141414141414141 0.98989898989899 1.0707070707070707 1.0303030303030303 1.8585858585858586
55 112.04944774445522 1.4343434343434343 1.4141414141414141 0.98989898989899 0.8484848484848485 1.878787878787879 0.8080808080808081 1.8585858585858586 1.2121212121212122 1.0303030303030303 0.9090909090909091 1.8585858585858586 1.1515151515151516 1.3535353535353536 2.0 1.4747474747474747 0.98989898989899 1.9191919191919191 1.4545454545454546 1.7171717171717171 1.3535353535353536 1.393939393939394 0.9292929292929293 1.0909090909090908 1.1111111111111112 1.5353535353535352 1.1717171717171717 1.5151515151515151 1.6161616161616161 0.98989898989899 0.8484848484848485 1.2121212121212122 0.9090909090909091 0.8888888888888888 2.0 1.4141414141414141 1.4141414141414141 0.98989898989899 1.0707070707070707 1.0303030303030303 1.8585858585858586
56 19.601772247360493 1.4343434343434343 1.4141414141414141 0.98989898989899 0.8484848484848485 1.878787878787879 0.8080808080808081 1.8585858585858586 1.2121212121212122 1.0303030303030303 0.9090909090909091 1.8585858585858586 1.1515151515151516 1.3535353535353536 2.0 1.4747474747474747 0.98989898989899 1.9191919191919191 1.4545454545454546 1.7171717171717171 1.3535353535353536 1.393939393939394 0.9292929292929293 1.0909090909090908 1.1111111111111112 1.5353535353535352 1.1717171717171717 1.5151515151515151 1.6161616161616161 0.98989898989899 0.8484848484848485 1.2121212121212122 0.9090909090909091 0.8888888888888888 2.0 1.4141414141414141 1.4141414141414141 0.98989898989899 1.0707070707070707 1.0303030303030303 1.8585858585858586
57 37.01460113017086 2.1515151515151514 2.121212121212121 1.4848484848484849 1.2727272727272727 2.8181818181818183 1.2121212121212122 2.787878787878788 1.8181818181818181 1.5454545454545454 1.3636363636363635 2.787878787878788 1.7272727272727273 2.0303030303030303 3.0 2.212121212121212 1.4848484848484849 2.878787878787879 2.1818181818181817 2.5757575757575757 2.0303030303030303 2.090909090909091 1.393939393939394 1.6363636363636365 1.6666666666666667 2.303030303030303 1.7575757575757576 2.272727272727273 2.4242424242424243 1.4848484848484849 1.2727272727272727 1.8181818181818181 1.3636363636363635 1.3333333333333333 3.0 2.121212121212121 2.121212121212121 1.4848484848484849 1.606060606060606 1.5454545454545454 2.787878787878788
58 54.804289236994244 1.4343434343434343 1.4141414141414141 0.98989898989899 0.8484848484848485 1.878787878787879 0.8080808080808081 1.8585858585858586 1.2121212121212122 1.0303030303030303 0.9090909090909091 1.8585858585858586 1.1515151515151516 1.3535353535353536 2.0 1.4747474747474747 0.98989898989899 1.9191919191919191 1.4545454545454546 1.7171717171717171 1.3535353535353536 1.393939393939394 0.9292929292929293 1.0909090909090908 1.1111111111111112 1.5353535353535352 1.1717171717171717 1.5151515151515151 1.6161616161616161 0.98989898989899 0.8484848484848485 1.2121212121212122 0.9090909090909091 0.8888888888888888 2.0 1.4141414141414141 1.4141414141414141 0.98989898989899 1.0707070707070707 1.0303030303030303 1.8585858585858586
59 2.6446753246753243 2.1515151515151514 2.121212121212121 1.4848484848484849 1.2727272727272727 2.8181818181818183 1.2121212121212122 2.787878787878788 1.8181818181818181 1.5454545454545454 1.3636363636363635 2.787878787878788 1.7272727272727273 2.0303030303030303 3.0 2.212121212121212 1.4848484848484849 2.878787878787879 2.1818181818181817 2.5757575757575757 2.0303030303030303 2.090909090909091 1.393939393939394 1.6363636363636365 1.6666666666666667 2.303030303030303 1.7575757575757576 2.272727272727273 2.4242424242424243 1.4848484848484849 1.2727272727272727 1.8181818181818181 1.3636363636363635 1.3333333333333333 3.0 2.121212121212121 2.121212121212121 1.4848484848484849 1.606060606060606 1.5454545454545454 2.787878787878788
