100 10
TREE NETWORK (nID nID Weight):
13 0 56
43 13 45
10 0 54
29 13 55
46 10 40
20 0 32
42 43 54
9 29 54
58 46 31
32 9 34
44 20 55
50 10 43
81 32 33
40 32 57
74 20 54
47 40 32
12 47 58
52 32 38
27 50 50
64 81 51
85 43 43
15 43 46
51 9 41
24 64 56
45 40 59
82 42 44
55 24 36
49 24 57
39 0 34
14 10 31
84 20 35
98 40 41
5 27 46
33 98 50
79 39 34
2 84 39
8 64 43
83 32 45
36 29 51
67 45 54
48 49 42
92 15 51
53 10 38
21 67 37
41 84 46
17 43 32
28 42 59
62 33 38
70 53 33
72 9 31
76 10 50
60 14 59
95 15 37
31 27 56
22 8 33
65 46 53
69 74 38
1 39 31
30 22 49
16 21 31
87 28 56
68 82 55
3 98 56
77 2 40
23 12 36
89 70 53
86 60 56
80 51 41
18 40 57
6 65 52
34 0 52
59 28 56
61 98 56
25 34 44
90 33 48
57 46 31
93 72 30
7 64 33
38 68 48
94 93 57
37 43 50
63 44 37
35 72 55
91 40 55
73 87 48
88 23 42
96 44 36
66 44 35
19 5 56
26 82 32
78 96 47
11 70 35
56 40 59
97 47 37
75 9 43
4 27 44
99 65 45
54 64 58
71 29 48
PROGRAMS ASSIGNED TO NODES (nID pID1 pID2 ...):
0 1 2 3 4 5 6 7 8 9 10
1 1 2 4 5 6 7 10
2 1 3 4 5 7 8 9
3 1 4 5 6 7 8 10
4 3 5 7
5 1 2 3 4 5 6 7 9
7 1 2 5 6 7 10
8 6 8 9
9 1 3 4 7 10
10 1 2 3 6 7 8 9 10
11 7
12 5 6 8 9
14 3 5 7 8
15 2 5
17 1 2 4 5 6 7 9 10
18 1 2 3 4 5 6 7 9 10
19 2 3 6 10
20 6
21 1 2 3 5 6 7 9 10
22 2 4 5 8 9 10
23 9
24 1 3 4 5 6 7 8 9 10
26 7 8 10
27 2 3 4 5 7 8 9
28 1 3 4 5 7 10
29 1 10
30 2 6 8 9
31 1 2 5 6 9
32 2 3 4 5 8 9
34 8
35 1
36 1 2 3 4 6 7 8 9 10
37 1 2 9
38 1 2 4 8 10
39 1 2 3 4 6 7 8 9 10
41 2 3 4 5 6 7 8 10
42 1 2 3 5 6 8 9
43 1 2 6 9 10
44 3 4 5 6 8
45 5
46 4 5 6 7 9
47 2 4 7 8 9
48 1 2 3 5 8 10
49 1 3 4 8 9
50 8 9
51 2 7 9
52 1
54 1 3 4
55 1 3 4 5 7 8 9 10
56 1 2 3 4 5 7 9 10
57 1 2 4 6 8 9 10
58 2
59 1 2 3 4 5 6 7 8 10
60 1
61 1 2 3 4 6 7 8 9 10
62 1 2 8 9
63 1 2 3 4 6 7 8 9 10
64 6
66 10
67 2 4 6 7 10
68 1 2 3 5 6 7 8 10
69 1 2 4 5 6 7 8 9 10
71 1 2 3 4 6 7 8 9 10
72 1 2 3 4 5 6 8 9 10
73 8
74 1 5 6 7
75 1 2 3 4 5 7 8 9 10
76 1 2 3 4 8 10
77 1 3 4 5 6 8 9
78 7 9
80 1 3 4 5 8 9 10
81 1
82 1 2 4 5 8 9
83 4 6 8
84 1 5 6 8
85 1 3 4 5 6 7 8 10
86 1 2 3 6 8 9 10
87 1 2 4 5 6 7 8 9 10
88 1 4 5 6 8 9 10
89 1 2 4 6 8 9 10
90 4 5 9
91 1 2 3 4 5 7 8 9 10
92 1 5 7 8 9
93 1 2 5 9 10
94 1 3 4 5
97 1 2 3 4 5 8 9 10
98 3 9 10
99 3 5 7
SIZE OF PROGRAMS (pID SIZE):
1 87.0
2 90.0
3 54.0
4 68.0
5 60.0
6 65.0
7 90.0
8 95.0
9 94.0
10 63.0
COST TO INSTALL SERVERS AND PROGRAMS ON NODES (COST_TO_INSTALL_SERVER COST_TO_INSTALL_pID1 ...):
0 2612.6315789473683 1.831578947368421 1.894736842105263 1.1368421052631579 1.431578947368421 1.263157894736842 1.368421052631579 1.894736842105263 2.0 1.9789473684210526 1.3263157894736841
1 7.081889044242486 2.7473684210526317 2.8421052631578947 1.7052631578947368 2.1473684210526316 1.894736842105263 2.0526315789473686 2.8421052631578947 3.0 2.968421052631579 1.9894736842105263
2 13.946248982498984 2.7473684210526317 2.8421052631578947 1.7052631578947368 2.1473684210526316 1.894736842105263 2.0526315789473686 2.8421052631578947 3.0 2.968421052631579 1.9894736842105263
3 26.654334688946182 2.7473684210526317 2.8421052631578947 1.7052631578947368 2.1473684210526316 1.894736842105263 2.0526315789473686 2.8421052631578947 3.0 2.968421052631579 1.9894736842105263
4 5.824615778346502 1.831578947368421 1.894736842105263 1.1368421052631579 1.431578947368421 1.263157894736842 1.368421052631579 1.894736842105263 2.0 1.9789473684210526 1.3263157894736841
5 46.102339603080274 1.831578947368421 1.894736842105263 1.1368421052631579 1.431578947368421 1.263157894736842 1.368421052631579 1.894736842105263 2.0 1.9789473684210526 1.3263157894736841
6 11.0 1.831578947368421 1.894736842105263 1.1368421052631579 1.431578947368421 1.263157894736842 1.368421052631579 1.894736842105263 2.0 1.9789473684210526 1.3263157894736841
7 68.84577840173816 1.831578947368421 1.894736842105263 1.1368421052631579 1.431578947368421 1.263157894736842 1.368421052631579 1.894736842105263 2.0 1.9789473684210526 1.3263157894736841
8 14.560913108366135 1.831578947368421 1.894736842105263 1.1368421052631579 1.431578947368421 1.263157894736842 1.368421052631579 1.894736842105263 2.0 1.9789473684210526 1.3263157894736841
9 11.521018248099578 2.7473684210526317 2.8421052631578947 1.7052631578947368 2.1473684210526316 1.894736842105263 2.0526315789473686 2.8421052631578947 3.0 2.968421052631579 1.9894736842105263
10 94.0 2.7473684210526317 2.8421052631578947 1.7052631578947368 2.1473684210526316 1.894736842105263 2.0526315789473686 2.8421052631578947 3.0 2.968421052631579 1.9894736842105263
11 1.2983367509683301 2.7473684210526317 2.8421052631578947 1.7052631578947368 2.1473684210526316 1.894736842105263 2.0526315789473686 2.8421052631578947 3.0 2.968421052631579 1.9894736842105263
12 36.226371417863554 2.7473684210526317 2.8421052631578947 1.7052631578947368 2.1473684210526316 1.894736842105263 2.0526315789473686 2.8421052631578947 3.0 2.968421052631579 1.9894736842105263
13 8.214996582365004 1.831578947368421 1.894736842105263 1.1368421052631579 1.431578947368421 1.263157894736842 1.368421052631579 1.894736842105263 2.0 1.9789473684210526 1.3263157894736841
14 18.672586304470848 1.831578947368421 1.894736842105263 1.1368421052631579 1.431578947368421 1.263157894736842 1.368421052631579 1.894736842105263 2.0 1.9789473684210526 1.3263157894736841
15 3.120721368638989 2.7473684210526317 2.8421052631578947 1.7052631578947368 2.1473684210526316 1.894736842105263 2.0526315789473686 2.8421052631578947 3.0 2.968421052631579 1.9894736842105263
16 17.0 1.831578947368421 1.894736842105263 1.1368421052631579 1.431578947368421 1.263157894736842 1.368421052631579 1.894736842105263 2.0 1.9789473684210526 1.3263157894736841
17 30.33139469042978 1.831578947368421 1.894736842105263 1.1368421052631579 1.431578947368421 1.263157894736842 1.368421052631579 1.894736842105263 2.0 1.9789473684210526 1.3263157894736841
18 11.739549773125624 2.7473684210526317 2.8421052631578947 1.7052631578947368 2.1473684210526316 1.894736842105263 2.0526315789473686 2.8421052631578947 3.0 2.968421052631579 1.9894736842105263
19 8.73859559132637 1.831578947368421 1.894736842105263 1.1368421052631579 1.431578947368421 1.263157894736842 1.368421052631579 1.894736842105263 2.0 1.9789473684210526 1.3263157894736841
20 82.0 2.7473684210526317 2.8421052631578947 1.7052631578947368 2.1473684210526316 1.894736842105263 2.0526315789473686 2.8421052631578947 3.0 2.968421052631579 1.9894736842105263
21 65.1303756440153 1.831578947368421 1.894736842105263 1.1368421052631579 1.431578947368421 1.263157894736842 1.368421052631579 1.894736842105263 2.0 1.9789473684210526 1.3263157894736841
22 47.946436988785486 2.7473684210526317 2.8421052631578947 1.7052631578947368 2.1473684210526316 1.894736842105263 2.0526315789473686 2.8421052631578947 3.0 2.968421052631579 1.9894736842105263
23 89.63367506624732 1.831578947368421 1.894736842105263 1.1368421052631579 1.431578947368421 1.263157894736842 1.368421052631579 1.894736842105263 2.0 1.9789473684210526 1.3263157894736841
24 26.775641572466796 2.7473684210526317 2.8421052631578947 1.7052631578947368 2.1473684210526316 1.894736842105263 2.0526315789473686 2.8421052631578947 3.0 2.968421052631579 1.9894736842105263
25 105.0 1.831578947368421 1.894736842105263 1.1368421052631579 1.431578947368421 1.263157894736842 1.368421052631579 1.894736842105263 2.0 1.9789473684210526 1.3263157894736841
26 14.060941874889242 2.7473684210526317 2.8421052631578947 1.7052631578947368 2.1473684210526316 1.894736842105263 2.0526315789473686 2.8421052631578947 3.0 2.968421052631579 1.9894736842105263
27 19.344810718362734 2.7473684210526317 2.8421052631578947 1.7052631578947368 2.1473684210526316 1.894736842105263 2.0526315789473686 2.8421052631578947 3.0 2.968421052631579 1.9894736842105263
28 38.70688015622003 1.831578947368421 1.894736842105263 1.1368421052631579 1.431578947368421 1.263157894736842 1.368421052631579 1.894736842105263 2.0 1.9789473684210526 1.3263157894736841
29 1.3044323618964757 2.7473684210526317 2.8421052631578947 1.7052631578947368 2.1473684210526316 1.894736842105263 2.0526315789473686 2.8421052631578947 3.0 2.968421052631579 1.9894736842105263
30 12.127250636565101 2.7473684210526317 2.8421052631578947 1.7052631578947368 2.1473684210526316 1.894736842105263 2.0526315789473686 2.8421052631578947 3.0 2.968421052631579 1.9894736842105263
31 4.639444425016029 1.831578947368421 1.894736842105263 1.1368421052631579 1.431578947368421 1.263157894736842 1.368421052631579 1.894736842105263 2.0 1.9789473684210526 1.3263157894736841
32 22.619272546677546 2.7473684210526317 2.8421052631578947 1.7052631578947368 2.1473684210526316 1.894736842105263 2.0526315789473686 2.8421052631578947 3.0 2.968421052631579 1.9894736842105263
33 38.76793097293118 1.831578947368421 1.894736842105263 1.1368421052631579 1.431578947368421 1.263157894736842 1.368421052631579 1.894736842105263 2.0 1.9789473684210526 1.3263157894736841
34 22.0 2.7473684210526317 2.8421052631578947 1.7052631578947368 2.1473684210526316 1.894736842105263 2.0526315789473686 2.8421052631578947 3.0 2.968421052631579 1.9894736842105263
35 5.112234098197596 1.831578947368421 1.894736842105263 1.1368421052631579 1.431578947368421 1.263157894736842 1.368421052631579 1.894736842105263 2.0 1.9789473684210526 1.3263157894736841
36 8.495953453151593 2.7473684210526317 2.8421052631578947 1.7052631578947368 2.1473684210526316 1.894736842105263 2.0526315789473686 2.8421052631578947 3.0 2.968421052631579 1.9894736842105263
37 7.403371345029238 1.831578947368421 1.894736842105263 1.1368421052631579 1.431578947368421 1.263157894736842 1.368421052631579 1.894736842105263 2.0 1.9789473684210526 1.3263157894736841
38 7.1541656540340774 2.7473684210526317 2.8421052631578947 1.7052631578947368 2.1473684210526316 1.894736842105263 2.0526315789473686 2.8421052631578947 3.0 2.968421052631579 1.9894736842105263
39 10.0 2.7473684210526317 2.8421052631578947 1.7052631578947368 2.1473684210526316 1.894736842105263 2.0526315789473686 2.8421052631578947 3.0 2.968421052631579 1.9894736842105263
40 39.933674916779324 2.7473684210526317 2.8421052631578947 1.7052631578947368 2.1473684210526316 1.894736842105263 2.0526315789473686 2.8421052631578947 3.0 2.968421052631579 1.9894736842105263
41 31.83828661327232 2.7473684210526317 2.8421052631578947 1.7052631578947368 2.1473684210526316 1.894736842105263 2.0526315789473686 2.8421052631578947 3.0 2.968421052631579 1.9894736842105263
42 17.309804308751666 2.7473684210526317 2.8421052631578947 1.7052631578947368 2.1473684210526316 1.894736842105263 2.0526315789473686 2.8421052631578947 3.0 2.968421052631579 1.9894736842105263
43 6.889753170805802 1.831578947368421 1.894736842105263 1.1368421052631579 1.431578947368421 1.263157894736842 1.368421052631579 1.894736842105263 2.0 1.9789473684210526 1.3263157894736841
44 7.707895824271419 2.7473684210526317 2.8421052631578947 1.7052631578947368 2.1473684210526316 1.894736842105263 2.0526315789473686 2.8421052631578947 3.0 2.968421052631579 1.9894736842105263
45 34.97922023819935 2.7473684210526317 2.8421052631578947 1.7052631578947368 2.1473684210526316 1.894736842105263 2.0526315789473686 2.8421052631578947 3.0 2.968421052631579 1.9894736842105263
46 6.817712209817473 2.7473684210526317 2.8421052631578947 1.7052631578947368 2.1473684210526316 1.894736842105263 2.0526315789473686 2.8421052631578947 3.0 2.968421052631579 1.9894736842105263
47 64.82408981793871 2.7473684210526317 2.8421052631578947 1.7052631578947368 2.1473684210526316 1.894736842105263 2.0526315789473686 2.8421052631578947 3.0 2.968421052631579 1.9894736842105263
48 81.6590714478242 1.831578947368421 1.894736842105263 1.1368421052631579 1.431578947368421 1.263157894736842 1.368421052631579 1.894736842105263 2.0 1.9789473684210526 1.3263157894736841
49 44.8725480566141 2.7473684210526317 2.8421052631578947 1.7052631578947368 2.1473684210526316 1.894736842105263 2.0526315789473686 2.8421052631578947 3.0 2.968421052631579 1.9894736842105263
50 6.531719809271828 2.7473684210526317 2.8421052631578947 1.7052631578947368 2.1473684210526316 1.894736842105263 2.0526315789473686 2.8421052631578947 3.0 2.968421052631579 1.9894736842105263
51 24.350675645136498 1.831578947368421 1.894736842105263 1.1368421052631579 1.431578947368421 1.263157894736842 1.368421052631579 1.894736842105263 2.0 1.9789473684210526 1.3263157894736841
52 1.369485902814076 2.7473684210526317 2.8421052631578947 1.7052631578947368 2.1473684210526316 1.894736842105263 2.0526315789473686 2.8421052631578947 3.0 2.968421052631579 1.9894736842105263
53 6.529885206844272 2.7473684210526317 2.8421052631578947 1.7052631578947368 2.1473684210526316 1.894736842105263 2.0526315789473686 2.8421052631578947 3.0 2.968421052631579 1.9894736842105263
54 5.4368785751848625 1.831578947368421 1.894736842105263 1.1368421052631579 1.431578947368421 1.263157894736842 1.368421052631579 1.894736842105263 2.0 1.9789473684210526 1.3263157894736841
55 68.29387452919616 2.7473684210526317 2.8421052631578947 1.7052631578947368 2.1473684210526316 1.894736842105263 2.0526315789473686 2.8421052631578947 3.0 2.968421052631579 1.9894736842105263
56 31.482790759894183 1.831578947368421 1.894736842105263 1.1368421052631579 1.431578947368421 1.263157894736842 1.368421052631579 1.894736842105263 2.0 1.9789473684210526 1.3263157894736841
57 33.061475271961264 1.831578947368421 1.894736842105263 1.1368421052631579 1.431578947368421 1.263157894736842 1.368421052631579 1.894736842105263 2.0 1.9789473684210526 1.3263157894736841
58 2.7844510469722694 2.7473684210526317 2.8421052631578947 1.7052631578947368 2.1473684210526316 1.894736842105263 2.0526315789473686 2.8421052631578947 3.0 2.968421052631579 1.9894736842105263
59 8.30931113093468 2.7473684210526317 2.8421052631578947 1.7052631578947368 2.1473684210526316 1.894736842105263 2.0526315789473686 2.8421052631578947 3.0 2.968421052631579 1.9894736842105263
60 18.818017941396835 2.7473684210526317 2.8421052631578947 1.7052631578947368 2.1473684210526316 1.894736842105263 2.0526315789473686 2.8421052631578947 3.0 2.968421052631579 1.9894736842105263
61 43.315874259871094 1.831578947368421 1.894736842105263 1.1368421052631579 1.431578947368421 1.263157894736842 1.368421052631579 1.894736842105263 2.0 1.9789473684210526 1.3263157894736841
62 10.294861902157681 2.7473684210526317 2.8421052631578947 1.7052631578947368 2.1473684210526316 1.894736842105263 2.0526315789473686 2.8421052631578947 3.0 2.968421052631579 1.9894736842105263
63 39.11678682270788 1.831578947368421 1.894736842105263 1.1368421052631579 1.431578947368421 1.263157894736842 1.368421052631579 1.894736842105263 2.0 1.9789473684210526 1.3263157894736841
64 58.415828282692914 2.7473684210526317 2.8421052631578947 1.7052631578947368 2.1473684210526316 1.894736842105263 2.0526315789473686 2.8421052631578947 3.0 2.968421052631579 1.9894736842105263
65 5.902468277612268 1.831578947368421 1.894736842105263 1.1368421052631579 1.431578947368421 1.263157894736842 1.368421052631579 1.894736842105263 2.0 1.9789473684210526 1.3263157894736841
66 0.7175777511961723 1.831578947368421 1.894736842105263 1.1368421052631579 1.431578947368421 1.263157894736842 1.368421052631579 1.894736842105263 2.0 1.9789473684210526 1.3263157894736841
67 85.5665626394279 1.831578947368421 1.894736842105263 1.1368421052631579 1.431578947368421 1.263157894736842 1.368421052631579 1.894736842105263 2.0 1.9789473684210526 1.3263157894736841
68 31.632791068580545 1.831578947368421 1.894736842105263 1.1368421052631579 1.431578947368421 1.263157894736842 1.368421052631579 1.894736842105263 2.0 1.9789473684210526 1.3263157894736841
69 28.519035087719292 2.7473684210526317 2.8421052631578947 1.7052631578947368 2.1473684210526316 1.894736842105263 2.0526315789473686 2.8421052631578947 3.0 2.968421052631579 1.9894736842105263
70 5.680014176856281 2.7473684210526317 2.8421052631578947 1.7052631578947368 2.1473684210526316 1.894736842105263 2.0526315789473686 2.8421052631578947 3.0 2.968421052631579 1.9894736842105263
71 16.071392686261095 2.7473684210526317 2.8421052631578947 1.7052631578947368 2.1473684210526316 1.894736842105263 2.0526315789473686 2.8421052631578947 3.0 2.968421052631579 1.9894736842105263
72 13.336718653917297 1.831578947368421 1.894736842105263 1.1368421052631579 1.431578947368421 1.263157894736842 1.368421052631579 1.894736842105263 2.0 1.9789473684210526 1.3263157894736841
73 6.196794569993723 1.831578947368421 1.894736842105263 1.1368421052631579 1.431578947368421 1.263157894736842 1.368421052631579 1.894736842105263 2.0 1.9789473684210526 1.3263157894736841
74 18.401140350877192 1.831578947368421 1.894736842105263 1.1368421052631579 1.431578947368421 1.263157894736842 1.368421052631579 1.894736842105263 2.0 1.9789473684210526 1.3263157894736841
75 43.76814641578106 1.831578947368421 1.894736842105263 1.1368421052631579 1.431578947368421 1.263157894736842 1.368421052631579 1.894736842105263 2.0 1.9789473684210526 1.3263157894736841
76 3.876927875243665 1.831578947368421 1.894736842105263 1.1368421052631579 1.431578947368421 1.263157894736842 1.368421052631579 1.894736842105263 2.0 1.9789473684210526 1.3263157894736841
77 38.57810322079236 1.831578947368421 1.894736842105263 1.1368421052631579 1.431578947368421 1.263157894736842 1.368421052631579 1.894736842105263 2.0 1.9789473684210526 1.3263157894736841
78 10.669475230091134 2.7473684210526317 2.8421052631578947 1.7052631578947368 2.1473684210526316 1.894736842105263 2.0526315789473686 2.8421052631578947 3.0 2.968421052631579 1.9894736842105263
79 69.0 2.7473684210526317 2.8421052631578947 1.7052631578947368 2.1473684210526316 1.894736842105263 2.0526315789473686 2.8421052631578947 3.0 2.968421052631579 1.9894736842105263
80 40.7271269459989 1.831578947368421 1.894736842105263 1.1368421052631579 1.431578947368421 1.263157894736842 1.368421052631579 1.894736842105263 2.0 1.9789473684210526 1.3263157894736841
81 58.73631855119894 2.7473684210526317 2.8421052631578947 1.7052631578947368 2.1473684210526316 1.894736842105263 2.0526315789473686 2.8421052631578947 3.0 2.968421052631579 1.9894736842105263
82 51.20534529620654 1.831578947368421 1.894736842105263 1.1368421052631579 1.431578947368421 1.263157894736842 1.368421052631579 1.894736842105263 2.0 1.9789473684210526 1.3263157894736841
83 3.8823308717426372 1.831578947368421 1.894736842105263 1.1368421052631579 1.431578947368421 1.263157894736842 1.368421052631579 1.894736842105263 2.0 1.9789473684210526 1.3263157894736841
84 16.126970266575526 2.7473684210526317 2.8421052631578947 1.7052631578947368 2.1473684210526316 1.894736842105263 2.0526315789473686 2.8421052631578947 3.0 2.968421052631579 1.9894736842105263
85 15.858774131711701 1.831578947368421 1.894736842105263 1.1368421052631579 1.431578947368421 1.263157894736842 1.368421052631579 1.894736842105263 2.0 1.9789473684210526 1.3263157894736841
86 29.17412460324311 1.831578947368421 1.894736842105263 1.1368421052631579 1.431578947368421 1.263157894736842 1.368421052631579 1.894736842105263 2.0 1.9789473684210526 1.3263157894736841
87 22.00978245991626 2.7473684210526317 2.8421052631578947 1.7052631578947368 2.1473684210526316 1.894736842105263 2.0526315789473686 2.8421052631578947 3.0 2.968421052631579 1.9894736842105263
88 103.250341732914 1.831578947368421 1.894736842105263 1.1368421052631579 1.431578947368421 1.263157894736842 1.368421052631579 1.894736842105263 2.0 1.9789473684210526 1.3263157894736841
89 28.943961160763532 2.7473684210526317 2.8421052631578947 1.7052631578947368 2.1473684210526316 1.894736842105263 2.0526315789473686 2.8421052631578947 3.0 2.968421052631579 1.9894736842105263
90 14.55383655197404 1.831578947368421 1.894736842105263 1.1368421052631579 1.431578947368421 1.263157894736842 1.368421052631579 1.894736842105263 2.0 1.9789473684210526 1.3263157894736841
91 34.57412282563212 1.831578947368421 1.894736842105263 1.1368421052631579 1.431578947368421 1.263157894736842 1.368421052631579 1.894736842105263 2.0 1.9789473684210526 1.3263157894736841
92 21.94282164276848 2.7473684210526317 2.8421052631578947 1.7052631578947368 2.1473684210526316 1.894736842105263 2.0526315789473686 2.8421052631578947 3.0 2.968421052631579 1.9894736842105263
93 54.96868756078858 1.831578947368421 1.894736842105263 1.1368421052631579 1.431578947368421 1.263157894736842 1.368421052631579 1.894736842105263 2.0 1.9789473684210526 1.3263157894736841
94 31.376188373344576 1.831578947368421 1.894736842105263 1.1368421052631579 1.431578947368421 1.263157894736842 1.368421052631579 1.894736842105263 2.0 1.9789473684210526 1.3263157894736841
95 17.0 2.7473684210526317 2.8421052631578947 1.7052631578947368 2.1473684210526316 1.894736842105263 2.0526315789473686 2.8421052631578947 3.0 2.968421052631579 1.9894736842105263
96 7.276567428672692 2.7473684210526317 2.8421052631578947 1.7052631578947368 2.1473684210526316 1.894736842105263 2.0526315789473686 2.8421052631578947 3.0 2.968421052631579 1.9894736842105263
97 33.07563622392871 2.7473684210526317 2.8421052631578947 1.7052631578947368 2.1473684210526316 1.894736842105263 2.0526315789473686 2.8421052631578947 3.0 2.968421052631579 1.9894736842105263
98 67.17308795074298 1.831578947368421 1.894736842105263 1.1368421052631579 1.431578947368421 1.263157894736842 1.368421052631579 1.894736842105263 2.0 1.9789473684210526 1.3263157894736841
99 4.86812810327706 2.7473684210526317 2.8421052631578947 1.7052631578947368 2.1473684210526316 1.894736842105263 2.0526315789473686 2.8421052631578947 3.0 2.968421052631579 1.9894736842105263
