80 50
TREE NETWORK (nID nID Weight):
63 0 37
74 63 42
44 63 57
20 44 56
52 63 47
30 52 56
24 63 59
71 74 41
33 44 56
59 0 41
12 24 50
7 12 40
68 20 31
8 0 57
16 59 46
73 20 50
38 68 55
19 74 48
50 68 36
43 33 50
55 7 59
54 52 59
69 68 52
5 55 58
41 68 37
67 12 57
15 33 34
35 33 38
23 16 45
1 59 40
39 69 54
61 30 45
22 54 43
21 59 38
27 59 51
46 24 43
79 27 55
4 0 47
51 20 47
34 55 52
64 0 46
31 35 56
77 39 44
10 74 42
76 41 57
65 23 50
28 5 31
45 1 44
62 61 49
2 31 53
9 35 35
36 55 30
18 76 51
60 34 32
32 22 47
53 27 31
49 34 40
72 60 55
6 69 54
29 64 56
75 19 56
56 15 36
78 1 34
17 16 53
37 50 53
42 51 55
40 63 51
48 42 47
13 30 47
14 55 49
47 59 55
66 42 45
70 6 41
58 73 46
25 67 57
26 65 39
3 72 58
57 73 32
11 6 36
PROGRAMS ASSIGNED TO NODES (nID pID1 pID2 ...):
0 1 2 3 4 5 6 7 8 9 10 11 12 13 14 15 16 17 18 19 20 21 22 23 24 25 26 27 28 29 30 31 32 33 34 35 36 37 38 39 40 41 42 43 44 45 46 47 48 49 50
1 1 2 4 5 7 9 11 12 13 14 15 16 17 18 21 22 23 24 25 26 27 28 29 30 31 33 35 39 40 45 47 49
2 1 34 3 36 4 5 7 40 11 44 13 46 47 48 17 21 25 28 30
3 1 2 3 6 7 8 9 10 12 13 14 15 17 18 19 20 21 22 23 24 25 26 27 28 29 30 31 32 33 34 35 37 38 39 40 41 42 43 44 45 46 47 48 50
4 32 35 20 22 41 10 11 13 46
5 32 1 34 35 36 4 6 7 8 40 9 41 10 43 13 48 50 19 20 22 23 25 28
6 17 2 35 4 24 25 11 28 47 15
7 36 39 24 40 25
8 1 2 3 4 5 7 8 9 10 11 13 15 16 17 18 19 21 23 24 25 26 27 28 29 30 31 32 33 36 37 38 39 40 42 43 45 47 49 50
9 1 2 3 4 5 6 7 8 9 10 11 12 13 14 15 16 17 18 19 20 21 22 23 24 25 26 27 28 29 30 31 32 33 34 35 36 37 38 39 40 41 42 43 44 45 46 47 48 50
10 1 4 5 6 8 9 10 11 12 13 14 15 16 17 18 20 21 22 23 24 25 26 29 30 31 32 33 34 35 36 37 38 39 40 41 43 44 46 48 49 50
11 17 18 20 37 6 38 40 26 43 13 14 31
12 1 7 9 10 11 12 13 15 17 19 21 27 29 31 32 33 34 35 36 41 42 43 44 45 46 47 48
13 50 20 9 44
14 32 3 35 4 36 5 37 38 6 7 39 40 41 11 18 21 23 28 29 30
15 1 3 5 6 9 10 11 13 16 17 18 19 20 24 26 28 29 30 31 32 33 34 38 39 40 41 44 45 48
16 1 2 3 4 6 8 9 10 11 12 14 15 16 18 19 20 21 22 23 25 26 27 29 30 31 33 35 36 38 41 42 44 45 48
17 32 33 2 3 35 40 9 42 44 12 46 47 17 19 20 23 24 25 26 27 28 29 31
18 1 4 5 7 8 9 10 11 12 13 14 15 19 24 25 28 29 33 36 38 39 42 43 44 48 50
19 1 2 3 4 5 6 7 8 9 10 11 12 13 14 15 16 17 18 19 20 21 22 24 25 26 27 28 29 30 31 32 33 34 35 36 38 39 40 41 43 44 45 46 47 48 49 50
20 1 2 3 4 5 6 7 8 9 10 11 12 13 14 15 16 17 18 19 20 21 22 23 24 25 27 28 29 30 31 32 33 34 35 36 37 38 39 40 41 42 43 44 45 47 48 49
21 1 34 3 36 4 37 7 12 17 50 21 23 24 27 29 30 31
22 2 3 4 5 6 8 9 10 11 13 15 16 17 18 19 20 21 22 26 27 28 30 31 32 33 34 35 36 39 40 42 43 44 45 47 49 50
23 1 2 3 5 6 7 8 9 10 11 13 14 15 16 18 19 20 21 22 23 24 25 26 27 28 29 31 32 33 34 35 37 38 39 40 41 42 44 45 46 48 49 50
24 1 2 3 4 5 6 7 8 9 10 11 12 13 14 15 16 17 18 21 22 23 24 25 26 27 28 29 30 31 32 33 34 35 36 37 38 39 41 42 43 44 45 46 47 48 49 50
25 1 2 3 4 5 7 8 9 10 12 14 16 17 18 19 21 24 25 27 28 29 30 32 33 37 38 39 40 41 42 43 44 45 46 48 49
26 1 2 3 4 5 7 8 9 10 11 12 13 14 15 16 17 18 19 20 21 22 23 24 25 26 27 28 29 30 31 32 33 34 35 37 38 39 40 41 42 43 44 45 46 47 48 49 50
27 18 2 34 3 4 38 39 23 10 11 44 28
28 1 4 5 6 10 11 13 14 16 18 19 20 22 29 32 33 34 35 36 37 38 39 40 42 43 44 45 47 48 49 50
29 33 34 19 37 40 9 26 45 29 46 47 31
30 2 3 4 6 7 8 9 11 14 16 17 22 24 26 28 29 30 32 34 35 36 37 39 40 41 42 43 44 45 47 49
31 1 2 5 6 7 8 9 10 11 12 13 14 15 16 18 20 22 24 25 26 27 28 29 30 31 33 34 35 36 37 38 39 40 41 42 43 44 48 49 50
32 49 35 4 39 8 44 28 45
33 1 2 3 5 6 7 8 9 10 14 16 20 21 23 24 25 27 28 29 30 31 34 35 36 37 39 40 41 42 44 46 47 48 50
34 4 37 38 6 41 44 13 46 47 48 17 18 30
35 2 3 4 5 8 9 10 11 16 17 18 19 20 22 23 24 25 26 27 28 29 30 31 32 33 34 35 36 37 38 39 40 41 43 44 46 49 50
36 4 5 6 7 8 9 10 12 14 15 17 18 20 26 29 31 32 33 34 35 36 38 39 41 42 44 45 46 48 49 50
37 2 5 38 40 11 14 15 16 50 20 21 22 25 31
38 17 18 3 36 7 8 42 26 12 46
39 34 35 36 37 5 6 7 43 11 13 45 47 49 17
40 1 2 3 4 5 6 7 8 9 10 11 13 14 15 16 17 18 19 20 21 22 23 24 25 26 27 28 29 30 31 32 33 34 35 36 37 38 39 40 41 42 43 44 45 46 47 48 49 50
41 1 2 3 4 5 6 7 9 10 11 13 14 15 16 17 18 19 20 21 22 23 24 25 26 27 28 29 30 32 33 34 35 36 37 38 39 40 41 42 43 44 45 46 47 48 49 50
42 1 33 50 20 21 23
43 32 1 35 4 5 38 41 10 11 12 44 14 46 48 49 17 18 50 19 24 28 29 30
44 1 2 3 5 8 9 10 11 12 13 15 17 18 19 21 25 28 30 32 33 34 35 36 37 38 39 40 42 43 44 46 48
45 2 3 5 37 7 9 11 44 12 13 45 46 15 49 17 18 19 21 25 27 28
46 49 18 5 38 9 28 13 46 31
47 1 2 3 5 6 8 9 13 14 15 16 17 18 19 20 24 25 30 31 32 33 34 37 38 43 44 45 46 47 48 49 50
48 3 6 7 8 11 13 14 15 16 18 19 21 22 23 25 26 27 28 29 30 32 33 34 39 41 43 47 49
49 1 2 3 4 6 7 8 10 11 13 14 15 16 17 18 19 20 24 26 28 30 31 32 33 34 39 40 41 43 44 45 46 47 48 49 50
50 1 2 3 4 5 6 7 8 9 10 11 13 14 15 16 17 18 19 20 21 22 23 24 25 26 27 28 29 30 31 32 33 34 35 36 37 38 39 40 41 42 43 44 45 46 47 48 49 50
51 2 5 6 7 8 10 13 14 17 18 19 21 22 23 24 26 27 28 30 32 33 34 37 38 41 42 46 47 48 49
52 2 3 37 8 41 10 46 47 16 17 18 20 24 28 29 31
53 16 18 38 23 24 40 25 41 11 12
54 48 1 17 3 36 5 22 27 31 15
55 1 2 3 4 5 6 7 8 9 10 11 12 13 14 15 16 17 18 19 20 21 22 23 24 26 27 28 29 30 31 33 34 35 37 38 39 40 41 42 44 45 46 47 48 49 50
56 1 3 5 6 8 10 11 12 13 15 16 17 18 19 21 22 23 24 29 31 32 34 36 37 38 39 40 42 43 44 45 46 48 50
58 1 3 7 11 14 47 16 18 50 23 27 29 31
59 1 2 4 5 6 9 10 11 12 13 14 15 16 17 18 19 20 21 24 25 26 27 30 31 33 34 36 39 40 43 45 46 47 48 50
60 1 35 37 6 14
61 1 2 4 5 7 8 9 10 15 16 18 20 23 24 25 26 29 31 32 37 38 39 42 43 45 48 49
62 4 5 6 7 40 8 9 13 16 49 23 24 28
63 1 2 3 4 8 11 12 14 16 17 18 20 21 22 24 26 27 28 33 35 36 37 38 40 43 44 45 47 48 49 50
64 1 3 4 5 6 7 8 9 10 11 12 13 15 16 17 18 19 20 21 22 23 24 25 26 27 28 30 31 32 33 34 35 36 37 38 39 40 41 42 43 44 45 46 47 48 49 50
65 16 50 34 5 37 23 30
66 1 2 3 4 5 7 8 9 10 11 12 13 15 16 17 18 19 20 21 22 23 24 25 26 27 28 29 30 31 32 33 34 35 36 37 38 39 40 41 42 43 44 45 46 47 48 49 50
67 2 3 4 5 6 7 8 9 10 11 12 13 15 18 19 20 21 22 23 24 25 26 27 29 30 31 32 33 34 35 38 39 40 41 42 43 44 45 46 47 48 49
68 1 2 3 4 5 7 8 11 13 14 16 19 20 27 28 29 32 33 35 36 40 42 43 44 46 47 49 50
69 3 4 5 6 7 8 9 10 11 13 15 18 20 21 24 25 26 28 30 31 34 36 37 38 40 41 42 44 45 46 48
70 1 2 3 4 5 6 7 8 9 11 13 14 15 16 17 18 19 21 22 23 24 25 27 28 29 30 31 32 33 34 35 36 37 39 41 42 43 44 45 46 47 49 50
71 1 3 7 9 11 12 13 15 17 18 19 20 23 28 29 30 32 33 34 36 37 38 39 40 41 42 43 44 48 49
72 32 3 5 38 39 40 11 43 13 14 46 17 18 22 24 31
73 2 3 5 7 8 9 10 13 14 15 16 17 19 20 21 22 24 25 26 27 28 29 30 31 32 34 35 36 37 38 40 42 43 44 45 46 48
74 1 2 4 5 6 7 8 10 11 12 13 14 15 16 18 19 21 22 25 26 27 28 29 30 31 34 35 36 37 38 39 40 41 42 43 45 46 47 48 49 50
75 2 37 7 8 41 42 43 11 44 46 15 18 20 23 24 25 31
76 2 34 36 39 8 41 9 42 10 43 44 45 13 46 15 16 17 49 50 23 24 27 31
77 3 4 5 10 12 13 14 17 18 19 20 22 23 24 25 27 28 29 31 32 33 34 35 37 40 41 42 44 45 46 47 48 49 50
78 17 35 3 21 10 27
79 32 38
SIZE OF PROGRAMS (pID SIZE):
1 76.0
2 83.0
3 43.0
4 57.0
5 90.0
6 43.0
7 90.0
8 82.0
9 95.0
10 72.0
11 69.0
12 88.0
13 92.0
14 99.0
15 93.0
16 95.0
17 66.0
18 59.0
19 46.0
20 55.0
21 90.0
22 62.0
23 89.0
24 98.0
25 89.0
26 48.0
27 48.0
28 71.0
29 64.0
30 86.0
31 55.0
32 70.0
33 94.0
34 63.0
35 88.0
36 82.0
37 93.0
38 94.0
39 56.0
40 86.0
41 87.0
42 87.0
43 67.0
44 45.0
45 65.0
46 43.0
47 41.0
48 88.0
49 99.0
50 71.0
COST TO INSTALL SERVERS AND PROGRAMS ON NODES (COST_TO_INSTALL_SERVER COST_TO_INSTALL_pID1 ...):
0 12248.48484848485 2.303030303030303 2.515151515151515 1.303030303030303 1.7272727272727273 2.727272727272727 1.303030303030303 2.727272727272727 2.484848484848485 2.878787878787879 2.1818181818181817 2.090909090909091 2.6666666666666665 2.787878787878788 3.0 2.8181818181818183 2.878787878787879 2.0 1.7878787878787878 1.393939393939394 1.6666666666666667 2.727272727272727 1.878787878787879 2.696969696969697 2.9696969696969697 2.696969696969697 1.4545454545454546 1.4545454545454546 2.1515151515151514 1.9393939393939394 2.606060606060606 1.6666666666666667 2.121212121212121 2.8484848484848486 1.9090909090909092 2.6666666666666665 2.484848484848485 2.8181818181818183 2.8484848484848486 1.696969696969697 2.606060606060606 2.6363636363636362 2.6363636363636362 2.0303030303030303 1.3636363636363635 1.9696969696969697 1.303030303030303 1.2424242424242424 2.6666666666666665 3.0 2.1515151515151514
1 49.46201802262783 2.303030303030303 2.515151515151515 1.303030303030303 1.7272727272727273 2.727272727272727 1.303030303030303 2.727272727272727 2.484848484848485 2.878787878787879 2.1818181818181817 2.090909090909091 2.6666666666666665 2.787878787878788 3.0 2.8181818181818183 2.878787878787879 2.0 1.7878787878787878 1.393939393939394 1.6666666666666667 2.727272727272727 1.878787878787879 2.696969696969697 2.9696969696969697 2.696969696969697 1.4545454545454546 1.4545454545454546 2.1515151515151514 1.9393939393939394 2.606060606060606 1.6666666666666667 2.121212121212121 2.8484848484848486 1.9090909090909092 2.6666666666666665 2.484848484848485 2.8181818181818183 2.8484848484848486 1.696969696969697 2.606060606060606 2.6363636363636362 2.6363636363636362 2.0303030303030303 1.3636363636363635 1.9696969696969697 1.303030303030303 1.2424242424242424 2.6666666666666665 3.0 2.1515151515151514
2 64.75491273702542 1.5353535353535352 1.6767676767676767 0.8686868686868687 1.1515151515151516 1.8181818181818181 0.8686868686868687 1.8181818181818181 1.6565656565656566 1.9191919191919191 1.4545454545454546 1.393939393939394 1.7777777777777777 1.8585858585858586 2.0 1.878787878787879 1.9191919191919191 1.3333333333333333 1.1919191919191918 0.9292929292929293 1.1111111111111112 1.8181818181818181 1.2525252525252526 1.797979797979798 1.97979797979798 1.797979797979798 0.9696969696969697 0.9696969696969697 1.4343434343434343 1.292929292929293 1.7373737373737375 1.1111111111111112 1.4141414141414141 1.898989898989899 1.2727272727272727 1.7777777777777777 1.6565656565656566 1.878787878787879 1.898989898989899 1.1313131313131313 1.7373737373737375 1.7575757575757576 1.7575757575757576 1.3535353535353536 0.9090909090909091 1.3131313131313131 0.8686868686868687 0.8282828282828283 1.7777777777777777 2.0 1.4343434343434343
3 589.4631959615913 2.303030303030303 2.515151515151515 1.303030303030303 1.7272727272727273 2.727272727272727 1.303030303030303 2.727272727272727 2.484848484848485 2.878787878787879 2.1818181818181817 2.090909090909091 2.6666666666666665 2.787878787878788 3.0 2.8181818181818183 2.878787878787879 2.0 1.7878787878787878 1.393939393939394 1.6666666666666667 2.727272727272727 1.878787878787879 2.696969696969697 2.9696969696969697 2.696969696969697 1.4545454545454546 1.4545454545454546 2.1515151515151514 1.9393939393939394 2.606060606060606 1.6666666666666667 2.121212121212121 2.8484848484848486 1.9090909090909092 2.6666666666666665 2.484848484848485 2.8181818181818183 2.8484848484848486 1.696969696969697 2.606060606060606 2.6363636363636362 2.6363636363636362 2.0303030303030303 1.3636363636363635 1.9696969696969697 1.303030303030303 1.2424242424242424 2.6666666666666665 3.0 2.1515151515151514
4 45.0 2.303030303030303 2.515151515151515 1.303030303030303 1.7272727272727273 2.727272727272727 1.303030303030303 2.727272727272727 2.484848484848485 2.878787878787879 2.1818181818181817 2.090909090909091 2.6666666666666665 2.787878787878788 3.0 2.8181818181818183 2.878787878787879 2.0 1.7878787878787878 1.393939393939394 1.6666666666666667 2.727272727272727 1.878787878787879 2.696969696969697 2.9696969696969697 2.696969696969697 1.4545454545454546 1.4545454545454546 2.1515151515151514 1.9393939393939394 2.606060606060606 1.6666666666666667 2.121212121212121 2.8484848484848486 1.9090909090909092 2.6666666666666665 2.484848484848485 2.8181818181818183 2.8484848484848486 1.696969696969697 2.606060606060606 2.6363636363636362 2.6363636363636362 2.0303030303030303 1.3636363636363635 1.9696969696969697 1.303030303030303 1.2424242424242424 2.6666666666666665 3.0 2.1515151515151514
5 278.9167805771872 2.303030303030303 2.515151515151515 1.303030303030303 1.7272727272727273 2.727272727272727 1.303030303030303 2.727272727272727 2.484848484848485 2.878787878787879 2.1818181818181817 2.090909090909091 2.6666666666666665 2.787878787878788 3.0 2.8181818181818183 2.878787878787879 2.0 1.7878787878787878 1.393939393939394 1.6666666666666667 2.727272727272727 1.878787878787879 2.696969696969697 2.9696969696969697 2.696969696969697 1.4545454545454546 1.4545454545454546 2.1515151515151514 1.9393939393939394 2.606060606060606 1.6666666666666667 2.121212121212121 2.8484848484848486 1.9090909090909092 2.6666666666666665 2.484848484848485 2.8181818181818183 2.8484848484848486 1.696969696969697 2.606060606060606 2.6363636363636362 2.6363636363636362 2.0303030303030303 1.3636363636363635 1.9696969696969697 1.303030303030303 1.2424242424242424 2.6666666666666665 3.0 2.1515151515151514
6 291.87383410435194 2.303030303030303 2.515151515151515 1.303030303030303 1.7272727272727273 2.727272727272727 1.303030303030303 2.727272727272727 2.484848484848485 2.878787878787879 2.1818181818181817 2.090909090909091 2.6666666666666665 2.787878787878788 3.0 2.8181818181818183 2.878787878787879 2.0 1.7878787878787878 1.393939393939394 1.6666666666666667 2.727272727272727 1.878787878787879 2.696969696969697 2.9696969696969697 2.696969696969697 1.4545454545454546 1.4545454545454546 2.1515151515151514 1.9393939393939394 2.606060606060606 1.6666666666666667 2.121212121212121 2.8484848484848486 1.9090909090909092 2.6666666666666665 2.484848484848485 2.8181818181818183 2.8484848484848486 1.696969696969697 2.606060606060606 2.6363636363636362 2.6363636363636362 2.0303030303030303 1.3636363636363635 1.9696969696969697 1.303030303030303 1.2424242424242424 2.6666666666666665 3.0 2.1515151515151514
7 261.29649556163616 1.5353535353535352 1.6767676767676767 0.8686868686868687 1.1515151515151516 1.8181818181818181 0.8686868686868687 1.8181818181818181 1.6565656565656566 1.9191919191919191 1.4545454545454546 1.393939393939394 1.7777777777777777 1.8585858585858586 2.0 1.878787878787879 1.9191919191919191 1.3333333333333333 1.1919191919191918 0.9292929292929293 1.1111111111111112 1.8181818181818181 1.2525252525252526 1.797979797979798 1.97979797979798 1.797979797979798 0.9696969696969697 0.9696969696969697 1.4343434343434343 1.292929292929293 1.7373737373737375 1.1111111111111112 1.4141414141414141 1.898989898989899 1.2727272727272727 1.7777777777777777 1.6565656565656566 1.878787878787879 1.898989898989899 1.1313131313131313 1.7373737373737375 1.7575757575757576 1.7575757575757576 1.3535353535353536 0.9090909090909091 1.3131313131313131 0.8686868686868687 0.8282828282828283 1.7777777777777777 2.0 1.4343434343434343
8 25.0 2.303030303030303 2.515151515151515 1.303030303030303 1.7272727272727273 2.727272727272727 1.303030303030303 2.727272727272727 2.484848484848485 2.878787878787879 2.1818181818181817 2.090909090909091 2.6666666666666665 2.787878787878788 3.0 2.8181818181818183 2.878787878787879 2.0 1.7878787878787878 1.393939393939394 1.6666666666666667 2.727272727272727 1.878787878787879 2.696969696969697 2.9696969696969697 2.696969696969697 1.4545454545454546 1.4545454545454546 2.1515151515151514 1.9393939393939394 2.606060606060606 1.6666666666666667 2.121212121212121 2.8484848484848486 1.9090909090909092 2.6666666666666665 2.484848484848485 2.8181818181818183 2.8484848484848486 1.696969696969697 2.606060606060606 2.6363636363636362 2.6363636363636362 2.0303030303030303 1.3636363636363635 1.9696969696969697 1.303030303030303 1.2424242424242424 2.6666666666666665 3.0 2.1515151515151514
9 259.6438669780512 1.5353535353535352 1.6767676767676767 0.8686868686868687 1.1515151515151516 1.8181818181818181 0.8686868686868687 1.8181818181818181 1.6565656565656566 1.9191919191919191 1.4545454545454546 1.393939393939394 1.7777777777777777 1.8585858585858586 2.0 1.878787878787879 1.9191919191919191 1.3333333333333333 1.1919191919191918 0.9292929292929293 1.1111111111111112 1.8181818181818181 1.2525252525252526 1.797979797979798 1.97979797979798 1.797979797979798 0.9696969696969697 0.9696969696969697 1.4343434343434343 1.292929292929293 1.7373737373737375 1.1111111111111112 1.4141414141414141 1.898989898989899 1.2727272727272727 1.7777777777777777 1.6565656565656566 1.878787878787879 1.898989898989899 1.1313131313131313 1.7373737373737375 1.7575757575757576 1.7575757575757576 1.3535353535353536 0.9090909090909091 1.3131313131313131 0.8686868686868687 0.8282828282828283 1.7777777777777777 2.0 1.4343434343434343
10 133.84757893329336 2.303030303030303 2.515151515151515 1.303030303030303 1.7272727272727273 2.727272727272727 1.303030303030303 2.727272727272727 2.484848484848485 2.878787878787879 2.1818181818181817 2.090909090909091 2.6666666666666665 2.787878787878788 3.0 2.8181818181818183 2.878787878787879 2.0 1.7878787878787878 1.393939393939394 1.6666666666666667 2.727272727272727 1.878787878787879 2.696969696969697 2.9696969696969697 2.696969696969697 1.4545454545454546 1.4545454545454546 2.1515151515151514 1.9393939393939394 2.606060606060606 1.6666666666666667 2.121212121212121 2.8484848484848486 1.9090909090909092 2.6666666666666665 2.484848484848485 2.8181818181818183 2.8484848484848486 1.696969696969697 2.606060606060606 2.6363636363636362 2.6363636363636362 2.0303030303030303 1.3636363636363635 1.9696969696969697 1.303030303030303 1.2424242424242424 2.6666666666666665 3.0 2.1515151515151514
11 30.8306716026515 2.303030303030303 2.515151515151515 1.303030303030303 1.7272727272727273 2.727272727272727 1.303030303030303 2.727272727272727 2.484848484848485 2.878787878787879 2.1818181818181817 2.090909090909091 2.6666666666666665 2.787878787878788 3.0 2.8181818181818183 2.878787878787879 2.0 1.7878787878787878 1.393939393939394 1.6666666666666667 2.727272727272727 1.878787878787879 2.696969696969697 2.9696969696969697 2.696969696969697 1.4545454545454546 1.4545454545454546 2.1515151515151514 1.9393939393939394 2.606060606060606 1.6666666666666667 2.121212121212121 2.8484848484848486 1.9090909090909092 2.6666666666666665 2.484848484848485 2.8181818181818183 2.8484848484848486 1.696969696969697 2.606060606060606 2.6363636363636362 2.6363636363636362 2.0303030303030303 1.3636363636363635 1.9696969696969697 1.303030303030303 1.2424242424242424 2.6666666666666665 3.0 2.1515151515151514
12 83.81999546324177 2.303030303030303 2.515151515151515 1.303030303030303 1.7272727272727273 2.727272727272727 1.303030303030303 2.727272727272727 2.484848484848485 2.878787878787879 2.1818181818181817 2.090909090909091 2.6666666666666665 2.787878787878788 3.0 2.8181818181818183 2.878787878787879 2.0 1.7878787878787878 1.393939393939394 1.6666666666666667 2.727272727272727 1.878787878787879 2.696969696969697 2.9696969696969697 2.696969696969697 1.4545454545454546 1.4545454545454546 2.1515151515151514 1.9393939393939394 2.606060606060606 1.6666666666666667 2.121212121212121 2.8484848484848486 1.9090909090909092 2.6666666666666665 2.484848484848485 2.8181818181818183 2.8484848484848486 1.696969696969697 2.606060606060606 2.6363636363636362 2.6363636363636362 2.0303030303030303 1.3636363636363635 1.9696969696969697 1.303030303030303 1.2424242424242424 2.6666666666666665 3.0 2.1515151515151514
13 3.5769201503244066 1.5353535353535352 1.6767676767676767 0.8686868686868687 1.1515151515151516 1.8181818181818181 0.8686868686868687 1.8181818181818181 1.6565656565656566 1.9191919191919191 1.4545454545454546 1.393939393939394 1.7777777777777777 1.8585858585858586 2.0 1.878787878787879 1.9191919191919191 1.3333333333333333 1.1919191919191918 0.9292929292929293 1.1111111111111112 1.8181818181818181 1.2525252525252526 1.797979797979798 1.97979797979798 1.797979797979798 0.9696969696969697 0.9696969696969697 1.4343434343434343 1.292929292929293 1.7373737373737375 1.1111111111111112 1.4141414141414141 1.898989898989899 1.2727272727272727 1.7777777777777777 1.6565656565656566 1.878787878787879 1.898989898989899 1.1313131313131313 1.7373737373737375 1.7575757575757576 1.7575757575757576 1.3535353535353536 0.9090909090909091 1.3131313131313131 0.8686868686868687 0.8282828282828283 1.7777777777777777 2.0 1.4343434343434343
14 84.07421488440063 2.303030303030303 2.515151515151515 1.303030303030303 1.7272727272727273 2.727272727272727 1.303030303030303 2.727272727272727 2.484848484848485 2.878787878787879 2.1818181818181817 2.090909090909091 2.6666666666666665 2.787878787878788 3.0 2.8181818181818183 2.878787878787879 2.0 1.7878787878787878 1.393939393939394 1.6666666666666667 2.727272727272727 1.878787878787879 2.696969696969697 2.9696969696969697 2.696969696969697 1.4545454545454546 1.4545454545454546 2.1515151515151514 1.9393939393939394 2.606060606060606 1.6666666666666667 2.121212121212121 2.8484848484848486 1.9090909090909092 2.6666666666666665 2.484848484848485 2.8181818181818183 2.8484848484848486 1.696969696969697 2.606060606060606 2.6363636363636362 2.6363636363636362 2.0303030303030303 1.3636363636363635 1.9696969696969697 1.303030303030303 1.2424242424242424 2.6666666666666665 3.0 2.1515151515151514
15 130.75121837907105 1.5353535353535352 1.6767676767676767 0.8686868686868687 1.1515151515151516 1.8181818181818181 0.8686868686868687 1.8181818181818181 1.6565656565656566 1.9191919191919191 1.4545454545454546 1.393939393939394 1.7777777777777777 1.8585858585858586 2.0 1.878787878787879 1.9191919191919191 1.3333333333333333 1.1919191919191918 0.9292929292929293 1.1111111111111112 1.8181818181818181 1.2525252525252526 1.797979797979798 1.97979797979798 1.797979797979798 0.9696969696969697 0.9696969696969697 1.4343434343434343 1.292929292929293 1.7373737373737375 1.1111111111111112 1.4141414141414141 1.898989898989899 1.2727272727272727 1.7777777777777777 1.6565656565656566 1.878787878787879 1.898989898989899 1.1313131313131313 1.7373737373737375 1.7575757575757576 1.7575757575757576 1.3535353535353536 0.9090909090909091 1.3131313131313131 0.8686868686868687 0.8282828282828283 1.7777777777777777 2.0 1.4343434343434343
16 64.73731891934125 2.303030303030303 2.515151515151515 1.303030303030303 1.7272727272727273 2.727272727272727 1.303030303030303 2.727272727272727 2.484848484848485 2.878787878787879 2.1818181818181817 2.090909090909091 2.6666666666666665 2.787878787878788 3.0 2.8181818181818183 2.878787878787879 2.0 1.7878787878787878 1.393939393939394 1.6666666666666667 2.727272727272727 1.878787878787879 2.696969696969697 2.9696969696969697 2.696969696969697 1.4545454545454546 1.4545454545454546 2.1515151515151514 1.9393939393939394 2.606060606060606 1.6666666666666667 2.121212121212121 2.8484848484848486 1.9090909090909092 2.6666666666666665 2.484848484848485 2.8181818181818183 2.8484848484848486 1.696969696969697 2.606060606060606 2.6363636363636362 2.6363636363636362 2.0303030303030303 1.3636363636363635 1.9696969696969697 1.303030303030303 1.2424242424242424 2.6666666666666665 3.0 2.1515151515151514
17 26.148497331842325 1.5353535353535352 1.6767676767676767 0.8686868686868687 1.1515151515151516 1.8181818181818181 0.8686868686868687 1.8181818181818181 1.6565656565656566 1.9191919191919191 1.4545454545454546 1.393939393939394 1.7777777777777777 1.8585858585858586 2.0 1.878787878787879 1.9191919191919191 1.3333333333333333 1.1919191919191918 0.9292929292929293 1.1111111111111112 1.8181818181818181 1.2525252525252526 1.797979797979798 1.97979797979798 1.797979797979798 0.9696969696969697 0.9696969696969697 1.4343434343434343 1.292929292929293 1.7373737373737375 1.1111111111111112 1.4141414141414141 1.898989898989899 1.2727272727272727 1.7777777777777777 1.6565656565656566 1.878787878787879 1.898989898989899 1.1313131313131313 1.7373737373737375 1.7575757575757576 1.7575757575757576 1.3535353535353536 0.9090909090909091 1.3131313131313131 0.8686868686868687 0.8282828282828283 1.7777777777777777 2.0 1.4343434343434343
18 173.08199292505512 1.5353535353535352 1.6767676767676767 0.8686868686868687 1.1515151515151516 1.8181818181818181 0.8686868686868687 1.8181818181818181 1.6565656565656566 1.9191919191919191 1.4545454545454546 1.393939393939394 1.7777777777777777 1.8585858585858586 2.0 1.878787878787879 1.9191919191919191 1.3333333333333333 1.1919191919191918 0.9292929292929293 1.1111111111111112 1.8181818181818181 1.2525252525252526 1.797979797979798 1.97979797979798 1.797979797979798 0.9696969696969697 0.9696969696969697 1.4343434343434343 1.292929292929293 1.7373737373737375 1.1111111111111112 1.4141414141414141 1.898989898989899 1.2727272727272727 1.7777777777777777 1.6565656565656566 1.878787878787879 1.898989898989899 1.1313131313131313 1.7373737373737375 1.7575757575757576 1.7575757575757576 1.3535353535353536 0.9090909090909091 1.3131313131313131 0.8686868686868687 0.8282828282828283 1.7777777777777777 2.0 1.4343434343434343
19 33.72161038043393 2.303030303030303 2.515151515151515 1.303030303030303 1.7272727272727273 2.727272727272727 1.303030303030303 2.727272727272727 2.484848484848485 2.878787878787879 2.1818181818181817 2.090909090909091 2.6666666666666665 2.787878787878788 3.0 2.8181818181818183 2.878787878787879 2.0 1.7878787878787878 1.393939393939394 1.6666666666666667 2.727272727272727 1.878787878787879 2.696969696969697 2.9696969696969697 2.696969696969697 1.4545454545454546 1.4545454545454546 2.1515151515151514 1.9393939393939394 2.606060606060606 1.6666666666666667 2.121212121212121 2.8484848484848486 1.9090909090909092 2.6666666666666665 2.484848484848485 2.8181818181818183 2.8484848484848486 1.696969696969697 2.606060606060606 2.6363636363636362 2.6363636363636362 2.0303030303030303 1.3636363636363635 1.9696969696969697 1.303030303030303 1.2424242424242424 2.6666666666666665 3.0 2.1515151515151514
20 86.6696293173074 1.5353535353535352 1.6767676767676767 0.8686868686868687 1.1515151515151516 1.8181818181818181 0.8686868686868687 1.8181818181818181 1.6565656565656566 1.9191919191919191 1.4545454545454546 1.393939393939394 1.7777777777777777 1.8585858585858586 2.0 1.878787878787879 1.9191919191919191 1.3333333333333333 1.1919191919191918 0.9292929292929293 1.1111111111111112 1.8181818181818181 1.2525252525252526 1.797979797979798 1.97979797979798 1.797979797979798 0.9696969696969697 0.9696969696969697 1.4343434343434343 1.292929292929293 1.7373737373737375 1.1111111111111112 1.4141414141414141 1.898989898989899 1.2727272727272727 1.7777777777777777 1.6565656565656566 1.878787878787879 1.898989898989899 1.1313131313131313 1.7373737373737375 1.7575757575757576 1.7575757575757576 1.3535353535353536 0.9090909090909091 1.3131313131313131 0.8686868686868687 0.8282828282828283 1.7777777777777777 2.0 1.4343434343434343
21 39.684704339068915 1.5353535353535352 1.6767676767676767 0.8686868686868687 1.1515151515151516 1.8181818181818181 0.8686868686868687 1.8181818181818181 1.6565656565656566 1.9191919191919191 1.4545454545454546 1.393939393939394 1.7777777777777777 1.8585858585858586 2.0 1.878787878787879 1.9191919191919191 1.3333333333333333 1.1919191919191918 0.9292929292929293 1.1111111111111112 1.8181818181818181 1.2525252525252526 1.797979797979798 1.97979797979798 1.797979797979798 0.9696969696969697 0.9696969696969697 1.4343434343434343 1.292929292929293 1.7373737373737375 1.1111111111111112 1.4141414141414141 1.898989898989899 1.2727272727272727 1.7777777777777777 1.6565656565656566 1.878787878787879 1.898989898989899 1.1313131313131313 1.7373737373737375 1.7575757575757576 1.7575757575757576 1.3535353535353536 0.9090909090909091 1.3131313131313131 0.8686868686868687 0.8282828282828283 1.7777777777777777 2.0 1.4343434343434343
22 176.6738623632676 1.5353535353535352 1.6767676767676767 0.8686868686868687 1.1515151515151516 1.8181818181818181 0.8686868686868687 1.8181818181818181 1.6565656565656566 1.9191919191919191 1.4545454545454546 1.393939393939394 1.7777777777777777 1.8585858585858586 2.0 1.878787878787879 1.9191919191919191 1.3333333333333333 1.1919191919191918 0.9292929292929293 1.1111111111111112 1.8181818181818181 1.2525252525252526 1.797979797979798 1.97979797979798 1.797979797979798 0.9696969696969697 0.9696969696969697 1.4343434343434343 1.292929292929293 1.7373737373737375 1.1111111111111112 1.4141414141414141 1.898989898989899 1.2727272727272727 1.7777777777777777 1.6565656565656566 1.878787878787879 1.898989898989899 1.1313131313131313 1.7373737373737375 1.7575757575757576 1.7575757575757576 1.3535353535353536 0.9090909090909091 1.3131313131313131 0.8686868686868687 0.8282828282828283 1.7777777777777777 2.0 1.4343434343434343
23 157.30466595970307 1.5353535353535352 1.6767676767676767 0.8686868686868687 1.1515151515151516 1.8181818181818181 0.8686868686868687 1.8181818181818181 1.6565656565656566 1.9191919191919191 1.4545454545454546 1.393939393939394 1.7777777777777777 1.8585858585858586 2.0 1.878787878787879 1.9191919191919191 1.3333333333333333 1.1919191919191918 0.9292929292929293 1.1111111111111112 1.8181818181818181 1.2525252525252526 1.797979797979798 1.97979797979798 1.797979797979798 0.9696969696969697 0.9696969696969697 1.4343434343434343 1.292929292929293 1.7373737373737375 1.1111111111111112 1.4141414141414141 1.898989898989899 1.2727272727272727 1.7777777777777777 1.6565656565656566 1.878787878787879 1.898989898989899 1.1313131313131313 1.7373737373737375 1.7575757575757576 1.7575757575757576 1.3535353535353536 0.9090909090909091 1.3131313131313131 0.8686868686868687 0.8282828282828283 1.7777777777777777 2.0 1.4343434343434343
24 92.05652849441489 1.5353535353535352 1.6767676767676767 0.8686868686868687 1.1515151515151516 1.8181818181818181 0.8686868686868687 1.8181818181818181 1.6565656565656566 1.9191919191919191 1.4545454545454546 1.393939393939394 1.7777777777777777 1.8585858585858586 2.0 1.878787878787879 1.9191919191919191 1.3333333333333333 1.1919191919191918 0.9292929292929293 1.1111111111111112 1.8181818181818181 1.2525252525252526 1.797979797979798 1.97979797979798 1.797979797979798 0.9696969696969697 0.9696969696969697 1.4343434343434343 1.292929292929293 1.7373737373737375 1.1111111111111112 1.4141414141414141 1.898989898989899 1.2727272727272727 1.7777777777777777 1.6565656565656566 1.878787878787879 1.898989898989899 1.1313131313131313 1.7373737373737375 1.7575757575757576 1.7575757575757576 1.3535353535353536 0.9090909090909091 1.3131313131313131 0.8686868686868687 0.8282828282828283 1.7777777777777777 2.0 1.4343434343434343
25 55.31713193947142 1.5353535353535352 1.6767676767676767 0.8686868686868687 1.1515151515151516 1.8181818181818181 0.8686868686868687 1.8181818181818181 1.6565656565656566 1.9191919191919191 1.4545454545454546 1.393939393939394 1.7777777777777777 1.8585858585858586 2.0 1.878787878787879 1.9191919191919191 1.3333333333333333 1.1919191919191918 0.9292929292929293 1.1111111111111112 1.8181818181818181 1.2525252525252526 1.797979797979798 1.97979797979798 1.797979797979798 0.9696969696969697 0.9696969696969697 1.4343434343434343 1.292929292929293 1.7373737373737375 1.1111111111111112 1.4141414141414141 1.898989898989899 1.2727272727272727 1.7777777777777777 1.6565656565656566 1.878787878787879 1.898989898989899 1.1313131313131313 1.7373737373737375 1.7575757575757576 1.7575757575757576 1.3535353535353536 0.9090909090909091 1.3131313131313131 0.8686868686868687 0.8282828282828283 1.7777777777777777 2.0 1.4343434343434343
26 307.5902988511431 1.5353535353535352 1.6767676767676767 0.8686868686868687 1.1515151515151516 1.8181818181818181 0.8686868686868687 1.8181818181818181 1.6565656565656566 1.9191919191919191 1.4545454545454546 1.393939393939394 1.7777777777777777 1.8585858585858586 2.0 1.878787878787879 1.9191919191919191 1.3333333333333333 1.1919191919191918 0.9292929292929293 1.1111111111111112 1.8181818181818181 1.2525252525252526 1.797979797979798 1.97979797979798 1.797979797979798 0.9696969696969697 0.9696969696969697 1.4343434343434343 1.292929292929293 1.7373737373737375 1.1111111111111112 1.4141414141414141 1.898989898989899 1.2727272727272727 1.7777777777777777 1.6565656565656566 1.878787878787879 1.898989898989899 1.1313131313131313 1.7373737373737375 1.7575757575757576 1.7575757575757576 1.3535353535353536 0.9090909090909091 1.3131313131313131 0.8686868686868687 0.8282828282828283 1.7777777777777777 2.0 1.4343434343434343
27 13.55536715794966 2.303030303030303 2.515151515151515 1.303030303030303 1.7272727272727273 2.727272727272727 1.303030303030303 2.727272727272727 2.484848484848485 2.878787878787879 2.1818181818181817 2.090909090909091 2.6666666666666665 2.787878787878788 3.0 2.8181818181818183 2.878787878787879 2.0 1.7878787878787878 1.393939393939394 1.6666666666666667 2.727272727272727 1.878787878787879 2.696969696969697 2.9696969696969697 2.696969696969697 1.4545454545454546 1.4545454545454546 2.1515151515151514 1.9393939393939394 2.606060606060606 1.6666666666666667 2.121212121212121 2.8484848484848486 1.9090909090909092 2.6666666666666665 2.484848484848485 2.8181818181818183 2.8484848484848486 1.696969696969697 2.606060606060606 2.6363636363636362 2.6363636363636362 2.0303030303030303 1.3636363636363635 1.9696969696969697 1.303030303030303 1.2424242424242424 2.6666666666666665 3.0 2.1515151515151514
28 224.26355981963803 1.5353535353535352 1.6767676767676767 0.8686868686868687 1.1515151515151516 1.8181818181818181 0.8686868686868687 1.8181818181818181 1.6565656565656566 1.9191919191919191 1.4545454545454546 1.393939393939394 1.7777777777777777 1.8585858585858586 2.0 1.878787878787879 1.9191919191919191 1.3333333333333333 1.1919191919191918 0.9292929292929293 1.1111111111111112 1.8181818181818181 1.2525252525252526 1.797979797979798 1.97979797979798 1.797979797979798 0.9696969696969697 0.9696969696969697 1.4343434343434343 1.292929292929293 1.7373737373737375 1.1111111111111112 1.4141414141414141 1.898989898989899 1.2727272727272727 1.7777777777777777 1.6565656565656566 1.878787878787879 1.898989898989899 1.1313131313131313 1.7373737373737375 1.7575757575757576 1.7575757575757576 1.3535353535353536 0.9090909090909091 1.3131313131313131 0.8686868686868687 0.8282828282828283 1.7777777777777777 2.0 1.4343434343434343
29 5.4421230942970045 2.303030303030303 2.515151515151515 1.303030303030303 1.7272727272727273 2.727272727272727 1.303030303030303 2.727272727272727 2.484848484848485 2.878787878787879 2.1818181818181817 2.090909090909091 2.6666666666666665 2.787878787878788 3.0 2.8181818181818183 2.878787878787879 2.0 1.7878787878787878 1.393939393939394 1.6666666666666667 2.727272727272727 1.878787878787879 2.696969696969697 2.9696969696969697 2.696969696969697 1.4545454545454546 1.4545454545454546 2.1515151515151514 1.9393939393939394 2.606060606060606 1.6666666666666667 2.121212121212121 2.8484848484848486 1.9090909090909092 2.6666666666666665 2.484848484848485 2.8181818181818183 2.8484848484848486 1.696969696969697 2.606060606060606 2.6363636363636362 2.6363636363636362 2.0303030303030303 1.3636363636363635 1.9696969696969697 1.303030303030303 1.2424242424242424 2.6666666666666665 3.0 2.1515151515151514
30 131.59788864576103 2.303030303030303 2.515151515151515 1.303030303030303 1.7272727272727273 2.727272727272727 1.303030303030303 2.727272727272727 2.484848484848485 2.878787878787879 2.1818181818181817 2.090909090909091 2.6666666666666665 2.787878787878788 3.0 2.8181818181818183 2.878787878787879 2.0 1.7878787878787878 1.393939393939394 1.6666666666666667 2.727272727272727 1.878787878787879 2.696969696969697 2.9696969696969697 2.696969696969697 1.4545454545454546 1.4545454545454546 2.1515151515151514 1.9393939393939394 2.606060606060606 1.6666666666666667 2.121212121212121 2.8484848484848486 1.9090909090909092 2.6666666666666665 2.484848484848485 2.8181818181818183 2.8484848484848486 1.696969696969697 2.606060606060606 2.6363636363636362 2.6363636363636362 2.0303030303030303 1.3636363636363635 1.9696969696969697 1.303030303030303 1.2424242424242424 2.6666666666666665 3.0 2.1515151515151514
31 242.97000077694366 1.5353535353535352 1.6767676767676767 0.8686868686868687 1.1515151515151516 1.8181818181818181 0.8686868686868687 1.8181818181818181 1.6565656565656566 1.9191919191919191 1.4545454545454546 1.393939393939394 1.7777777777777777 1.8585858585858586 2.0 1.878787878787879 1.9191919191919191 1.3333333333333333 1.1919191919191918 0.9292929292929293 1.1111111111111112 1.8181818181818181 1.2525252525252526 1.797979797979798 1.97979797979798 1.797979797979798 0.9696969696969697 0.9696969696969697 1.4343434343434343 1.292929292929293 1.7373737373737375 1.1111111111111112 1.4141414141414141 1.898989898989899 1.2727272727272727 1.7777777777777777 1.6565656565656566 1.878787878787879 1.898989898989899 1.1313131313131313 1.7373737373737375 1.7575757575757576 1.7575757575757576 1.3535353535353536 0.9090909090909091 1.3131313131313131 0.8686868686868687 0.8282828282828283 1.7777777777777777 2.0 1.4343434343434343
32 15.690989000760693 1.5353535353535352 1.6767676767676767 0.8686868686868687 1.1515151515151516 1.8181818181818181 0.8686868686868687 1.8181818181818181 1.6565656565656566 1.9191919191919191 1.4545454545454546 1.393939393939394 1.7777777777777777 1.8585858585858586 2.0 1.878787878787879 1.9191919191919191 1.3333333333333333 1.1919191919191918 0.9292929292929293 1.1111111111111112 1.8181818181818181 1.2525252525252526 1.797979797979798 1.97979797979798 1.797979797979798 0.9696969696969697 0.9696969696969697 1.4343434343434343 1.292929292929293 1.7373737373737375 1.1111111111111112 1.4141414141414141 1.898989898989899 1.2727272727272727 1.7777777777777777 1.6565656565656566 1.878787878787879 1.898989898989899 1.1313131313131313 1.7373737373737375 1.7575757575757576 1.7575757575757576 1.3535353535353536 0.9090909090909091 1.3131313131313131 0.8686868686868687 0.8282828282828283 1.7777777777777777 2.0 1.4343434343434343
33 91.65728407833676 2.303030303030303 2.515151515151515 1.303030303030303 1.7272727272727273 2.727272727272727 1.303030303030303 2.727272727272727 2.484848484848485 2.878787878787879 2.1818181818181817 2.090909090909091 2.6666666666666665 2.787878787878788 3.0 2.8181818181818183 2.878787878787879 2.0 1.7878787878787878 1.393939393939394 1.6666666666666667 2.727272727272727 1.878787878787879 2.696969696969697 2.9696969696969697 2.696969696969697 1.4545454545454546 1.4545454545454546 2.1515151515151514 1.9393939393939394 2.606060606060606 1.6666666666666667 2.121212121212121 2.8484848484848486 1.9090909090909092 2.6666666666666665 2.484848484848485 2.8181818181818183 2.8484848484848486 1.696969696969697 2.606060606060606 2.6363636363636362 2.6363636363636362 2.0303030303030303 1.3636363636363635 1.9696969696969697 1.303030303030303 1.2424242424242424 2.6666666666666665 3.0 2.1515151515151514
34 392.5209785757071 2.303030303030303 2.515151515151515 1.303030303030303 1.7272727272727273 2.727272727272727 1.303030303030303 2.727272727272727 2.484848484848485 2.878787878787879 2.1818181818181817 2.090909090909091 2.6666666666666665 2.787878787878788 3.0 2.8181818181818183 2.878787878787879 2.0 1.7878787878787878 1.393939393939394 1.6666666666666667 2.727272727272727 1.878787878787879 2.696969696969697 2.9696969696969697 2.696969696969697 1.4545454545454546 1.4545454545454546 2.1515151515151514 1.9393939393939394 2.606060606060606 1.6666666666666667 2.121212121212121 2.8484848484848486 1.9090909090909092 2.6666666666666665 2.484848484848485 2.8181818181818183 2.8484848484848486 1.696969696969697 2.606060606060606 2.6363636363636362 2.6363636363636362 2.0303030303030303 1.3636363636363635 1.9696969696969697 1.303030303030303 1.2424242424242424 2.6666666666666665 3.0 2.1515151515151514
35 75.82927037044678 1.5353535353535352 1.6767676767676767 0.8686868686868687 1.1515151515151516 1.8181818181818181 0.8686868686868687 1.8181818181818181 1.6565656565656566 1.9191919191919191 1.4545454545454546 1.393939393939394 1.7777777777777777 1.8585858585858586 2.0 1.878787878787879 1.9191919191919191 1.3333333333333333 1.1919191919191918 0.9292929292929293 1.1111111111111112 1.8181818181818181 1.2525252525252526 1.797979797979798 1.97979797979798 1.797979797979798 0.9696969696969697 0.9696969696969697 1.4343434343434343 1.292929292929293 1.7373737373737375 1.1111111111111112 1.4141414141414141 1.898989898989899 1.2727272727272727 1.7777777777777777 1.6565656565656566 1.878787878787879 1.898989898989899 1.1313131313131313 1.7373737373737375 1.7575757575757576 1.7575757575757576 1.3535353535353536 0.9090909090909091 1.3131313131313131 0.8686868686868687 0.8282828282828283 1.7777777777777777 2.0 1.4343434343434343
36 81.01941029164753 2.303030303030303 2.515151515151515 1.303030303030303 1.7272727272727273 2.727272727272727 1.303030303030303 2.727272727272727 2.484848484848485 2.878787878787879 2.1818181818181817 2.090909090909091 2.6666666666666665 2.787878787878788 3.0 2.8181818181818183 2.878787878787879 2.0 1.7878787878787878 1.393939393939394 1.6666666666666667 2.727272727272727 1.878787878787879 2.696969696969697 2.9696969696969697 2.696969696969697 1.4545454545454546 1.4545454545454546 2.1515151515151514 1.9393939393939394 2.606060606060606 1.6666666666666667 2.121212121212121 2.8484848484848486 1.9090909090909092 2.6666666666666665 2.484848484848485 2.8181818181818183 2.8484848484848486 1.696969696969697 2.606060606060606 2.6363636363636362 2.6363636363636362 2.0303030303030303 1.3636363636363635 1.9696969696969697 1.303030303030303 1.2424242424242424 2.6666666666666665 3.0 2.1515151515151514
37 117.20196544498856 2.303030303030303 2.515151515151515 1.303030303030303 1.7272727272727273 2.727272727272727 1.303030303030303 2.727272727272727 2.484848484848485 2.878787878787879 2.1818181818181817 2.090909090909091 2.6666666666666665 2.787878787878788 3.0 2.8181818181818183 2.878787878787879 2.0 1.7878787878787878 1.393939393939394 1.6666666666666667 2.727272727272727 1.878787878787879 2.696969696969697 2.9696969696969697 2.696969696969697 1.4545454545454546 1.4545454545454546 2.1515151515151514 1.9393939393939394 2.606060606060606 1.6666666666666667 2.121212121212121 2.8484848484848486 1.9090909090909092 2.6666666666666665 2.484848484848485 2.8181818181818183 2.8484848484848486 1.696969696969697 2.606060606060606 2.6363636363636362 2.6363636363636362 2.0303030303030303 1.3636363636363635 1.9696969696969697 1.303030303030303 1.2424242424242424 2.6666666666666665 3.0 2.1515151515151514
38 57.83745038054652 2.303030303030303 2.515151515151515 1.303030303030303 1.7272727272727273 2.727272727272727 1.303030303030303 2.727272727272727 2.484848484848485 2.878787878787879 2.1818181818181817 2.090909090909091 2.6666666666666665 2.787878787878788 3.0 2.8181818181818183 2.878787878787879 2.0 1.7878787878787878 1.393939393939394 1.6666666666666667 2.727272727272727 1.878787878787879 2.696969696969697 2.9696969696969697 2.696969696969697 1.4545454545454546 1.4545454545454546 2.1515151515151514 1.9393939393939394 2.606060606060606 1.6666666666666667 2.121212121212121 2.8484848484848486 1.9090909090909092 2.6666666666666665 2.484848484848485 2.8181818181818183 2.8484848484848486 1.696969696969697 2.606060606060606 2.6363636363636362 2.6363636363636362 2.0303030303030303 1.3636363636363635 1.9696969696969697 1.303030303030303 1.2424242424242424 2.6666666666666665 3.0 2.1515151515151514
39 315.82467953308367 1.5353535353535352 1.6767676767676767 0.8686868686868687 1.1515151515151516 1.8181818181818181 0.8686868686868687 1.8181818181818181 1.6565656565656566 1.9191919191919191 1.4545454545454546 1.393939393939394 1.7777777777777777 1.8585858585858586 2.0 1.878787878787879 1.9191919191919191 1.3333333333333333 1.1919191919191918 0.9292929292929293 1.1111111111111112 1.8181818181818181 1.2525252525252526 1.797979797979798 1.97979797979798 1.797979797979798 0.9696969696969697 0.9696969696969697 1.4343434343434343 1.292929292929293 1.7373737373737375 1.1111111111111112 1.4141414141414141 1.898989898989899 1.2727272727272727 1.7777777777777777 1.6565656565656566 1.878787878787879 1.898989898989899 1.1313131313131313 1.7373737373737375 1.7575757575757576 1.7575757575757576 1.3535353535353536 0.9090909090909091 1.3131313131313131 0.8686868686868687 0.8282828282828283 1.7777777777777777 2.0 1.4343434343434343
40 61.55405116346293 2.303030303030303 2.515151515151515 1.303030303030303 1.7272727272727273 2.727272727272727 1.303030303030303 2.727272727272727 2.484848484848485 2.878787878787879 2.1818181818181817 2.090909090909091 2.6666666666666665 2.787878787878788 3.0 2.8181818181818183 2.878787878787879 2.0 1.7878787878787878 1.393939393939394 1.6666666666666667 2.727272727272727 1.878787878787879 2.696969696969697 2.9696969696969697 2.696969696969697 1.4545454545454546 1.4545454545454546 2.1515151515151514 1.9393939393939394 2.606060606060606 1.6666666666666667 2.121212121212121 2.8484848484848486 1.9090909090909092 2.6666666666666665 2.484848484848485 2.8181818181818183 2.8484848484848486 1.696969696969697 2.606060606060606 2.6363636363636362 2.6363636363636362 2.0303030303030303 1.3636363636363635 1.9696969696969697 1.303030303030303 1.2424242424242424 2.6666666666666665 3.0 2.1515151515151514
41 314.03201819772283 2.303030303030303 2.515151515151515 1.303030303030303 1.7272727272727273 2.727272727272727 1.303030303030303 2.727272727272727 2.484848484848485 2.878787878787879 2.1818181818181817 2.090909090909091 2.6666666666666665 2.787878787878788 3.0 2.8181818181818183 2.878787878787879 2.0 1.7878787878787878 1.393939393939394 1.6666666666666667 2.727272727272727 1.878787878787879 2.696969696969697 2.9696969696969697 2.696969696969697 1.4545454545454546 1.4545454545454546 2.1515151515151514 1.9393939393939394 2.606060606060606 1.6666666666666667 2.121212121212121 2.8484848484848486 1.9090909090909092 2.6666666666666665 2.484848484848485 2.8181818181818183 2.8484848484848486 1.696969696969697 2.606060606060606 2.6363636363636362 2.6363636363636362 2.0303030303030303 1.3636363636363635 1.9696969696969697 1.303030303030303 1.2424242424242424 2.6666666666666665 3.0 2.1515151515151514
42 303.2307067632486 2.303030303030303 2.515151515151515 1.303030303030303 1.7272727272727273 2.727272727272727 1.303030303030303 2.727272727272727 2.484848484848485 2.878787878787879 2.1818181818181817 2.090909090909091 2.6666666666666665 2.787878787878788 3.0 2.8181818181818183 2.878787878787879 2.0 1.7878787878787878 1.393939393939394 1.6666666666666667 2.727272727272727 1.878787878787879 2.696969696969697 2.9696969696969697 2.696969696969697 1.4545454545454546 1.4545454545454546 2.1515151515151514 1.9393939393939394 2.606060606060606 1.6666666666666667 2.121212121212121 2.8484848484848486 1.9090909090909092 2.6666666666666665 2.484848484848485 2.8181818181818183 2.8484848484848486 1.696969696969697 2.606060606060606 2.6363636363636362 2.6363636363636362 2.0303030303030303 1.3636363636363635 1.9696969696969697 1.303030303030303 1.2424242424242424 2.6666666666666665 3.0 2.1515151515151514
43 30.4305927633033 1.5353535353535352 1.6767676767676767 0.8686868686868687 1.1515151515151516 1.8181818181818181 0.8686868686868687 1.8181818181818181 1.6565656565656566 1.9191919191919191 1.4545454545454546 1.393939393939394 1.7777777777777777 1.8585858585858586 2.0 1.878787878787879 1.9191919191919191 1.3333333333333333 1.1919191919191918 0.9292929292929293 1.1111111111111112 1.8181818181818181 1.2525252525252526 1.797979797979798 1.97979797979798 1.797979797979798 0.9696969696969697 0.9696969696969697 1.4343434343434343 1.292929292929293 1.7373737373737375 1.1111111111111112 1.4141414141414141 1.898989898989899 1.2727272727272727 1.7777777777777777 1.6565656565656566 1.878787878787879 1.898989898989899 1.1313131313131313 1.7373737373737375 1.7575757575757576 1.7575757575757576 1.3535353535353536 0.9090909090909091 1.3131313131313131 0.8686868686868687 0.8282828282828283 1.7777777777777777 2.0 1.4343434343434343
44 92.58563781907439 1.5353535353535352 1.6767676767676767 0.8686868686868687 1.1515151515151516 1.8181818181818181 0.8686868686868687 1.8181818181818181 1.6565656565656566 1.9191919191919191 1.4545454545454546 1.393939393939394 1.7777777777777777 1.8585858585858586 2.0 1.878787878787879 1.9191919191919191 1.3333333333333333 1.1919191919191918 0.9292929292929293 1.1111111111111112 1.8181818181818181 1.2525252525252526 1.797979797979798 1.97979797979798 1.797979797979798 0.9696969696969697 0.9696969696969697 1.4343434343434343 1.292929292929293 1.7373737373737375 1.1111111111111112 1.4141414141414141 1.898989898989899 1.2727272727272727 1.7777777777777777 1.6565656565656566 1.878787878787879 1.898989898989899 1.1313131313131313 1.7373737373737375 1.7575757575757576 1.7575757575757576 1.3535353535353536 0.9090909090909091 1.3131313131313131 0.8686868686868687 0.8282828282828283 1.7777777777777777 2.0 1.4343434343434343
45 49.23429701673052 1.5353535353535352 1.6767676767676767 0.8686868686868687 1.1515151515151516 1.8181818181818181 0.8686868686868687 1.8181818181818181 1.6565656565656566 1.9191919191919191 1.4545454545454546 1.393939393939394 1.7777777777777777 1.8585858585858586 2.0 1.878787878787879 1.9191919191919191 1.3333333333333333 1.1919191919191918 0.9292929292929293 1.1111111111111112 1.8181818181818181 1.2525252525252526 1.797979797979798 1.97979797979798 1.797979797979798 0.9696969696969697 0.9696969696969697 1.4343434343434343 1.292929292929293 1.7373737373737375 1.1111111111111112 1.4141414141414141 1.898989898989899 1.2727272727272727 1.7777777777777777 1.6565656565656566 1.878787878787879 1.898989898989899 1.1313131313131313 1.7373737373737375 1.7575757575757576 1.7575757575757576 1.3535353535353536 0.9090909090909091 1.3131313131313131 0.8686868686868687 0.8282828282828283 1.7777777777777777 2.0 1.4343434343434343
46 9.848076413389776 1.5353535353535352 1.6767676767676767 0.8686868686868687 1.1515151515151516 1.8181818181818181 0.8686868686868687 1.8181818181818181 1.6565656565656566 1.9191919191919191 1.4545454545454546 1.393939393939394 1.7777777777777777 1.8585858585858586 2.0 1.878787878787879 1.9191919191919191 1.3333333333333333 1.1919191919191918 0.9292929292929293 1.1111111111111112 1.8181818181818181 1.2525252525252526 1.797979797979798 1.97979797979798 1.797979797979798 0.9696969696969697 0.9696969696969697 1.4343434343434343 1.292929292929293 1.7373737373737375 1.1111111111111112 1.4141414141414141 1.898989898989899 1.2727272727272727 1.7777777777777777 1.6565656565656566 1.878787878787879 1.898989898989899 1.1313131313131313 1.7373737373737375 1.7575757575757576 1.7575757575757576 1.3535353535353536 0.9090909090909091 1.3131313131313131 0.8686868686868687 0.8282828282828283 1.7777777777777777 2.0 1.4343434343434343
47 62.223152739516344 1.5353535353535352 1.6767676767676767 0.8686868686868687 1.1515151515151516 1.8181818181818181 0.8686868686868687 1.8181818181818181 1.6565656565656566 1.9191919191919191 1.4545454545454546 1.393939393939394 1.7777777777777777 1.8585858585858586 2.0 1.878787878787879 1.9191919191919191 1.3333333333333333 1.1919191919191918 0.9292929292929293 1.1111111111111112 1.8181818181818181 1.2525252525252526 1.797979797979798 1.97979797979798 1.797979797979798 0.9696969696969697 0.9696969696969697 1.4343434343434343 1.292929292929293 1.7373737373737375 1.1111111111111112 1.4141414141414141 1.898989898989899 1.2727272727272727 1.7777777777777777 1.6565656565656566 1.878787878787879 1.898989898989899 1.1313131313131313 1.7373737373737375 1.7575757575757576 1.7575757575757576 1.3535353535353536 0.9090909090909091 1.3131313131313131 0.8686868686868687 0.8282828282828283 1.7777777777777777 2.0 1.4343434343434343
48 186.4055993339915 1.5353535353535352 1.6767676767676767 0.8686868686868687 1.1515151515151516 1.8181818181818181 0.8686868686868687 1.8181818181818181 1.6565656565656566 1.9191919191919191 1.4545454545454546 1.393939393939394 1.7777777777777777 1.8585858585858586 2.0 1.878787878787879 1.9191919191919191 1.3333333333333333 1.1919191919191918 0.9292929292929293 1.1111111111111112 1.8181818181818181 1.2525252525252526 1.797979797979798 1.97979797979798 1.797979797979798 0.9696969696969697 0.9696969696969697 1.4343434343434343 1.292929292929293 1.7373737373737375 1.1111111111111112 1.4141414141414141 1.898989898989899 1.2727272727272727 1.7777777777777777 1.6565656565656566 1.878787878787879 1.898989898989899 1.1313131313131313 1.7373737373737375 1.7575757575757576 1.7575757575757576 1.3535353535353536 0.9090909090909091 1.3131313131313131 0.8686868686868687 0.8282828282828283 1.7777777777777777 2.0 1.4343434343434343
49 371.2268281860146 1.5353535353535352 1.6767676767676767 0.8686868686868687 1.1515151515151516 1.8181818181818181 0.8686868686868687 1.8181818181818181 1.6565656565656566 1.9191919191919191 1.4545454545454546 1.393939393939394 1.7777777777777777 1.8585858585858586 2.0 1.878787878787879 1.9191919191919191 1.3333333333333333 1.1919191919191918 0.9292929292929293 1.1111111111111112 1.8181818181818181 1.2525252525252526 1.797979797979798 1.97979797979798 1.797979797979798 0.9696969696969697 0.9696969696969697 1.4343434343434343 1.292929292929293 1.7373737373737375 1.1111111111111112 1.4141414141414141 1.898989898989899 1.2727272727272727 1.7777777777777777 1.6565656565656566 1.878787878787879 1.898989898989899 1.1313131313131313 1.7373737373737375 1.7575757575757576 1.7575757575757576 1.3535353535353536 0.9090909090909091 1.3131313131313131 0.8686868686868687 0.8282828282828283 1.7777777777777777 2.0 1.4343434343434343
50 340.67070747726103 2.303030303030303 2.515151515151515 1.303030303030303 1.7272727272727273 2.727272727272727 1.303030303030303 2.727272727272727 2.484848484848485 2.878787878787879 2.1818181818181817 2.090909090909091 2.6666666666666665 2.787878787878788 3.0 2.8181818181818183 2.878787878787879 2.0 1.7878787878787878 1.393939393939394 1.6666666666666667 2.727272727272727 1.878787878787879 2.696969696969697 2.9696969696969697 2.696969696969697 1.4545454545454546 1.4545454545454546 2.1515151515151514 1.9393939393939394 2.606060606060606 1.6666666666666667 2.121212121212121 2.8484848484848486 1.9090909090909092 2.6666666666666665 2.484848484848485 2.8181818181818183 2.8484848484848486 1.696969696969697 2.606060606060606 2.6363636363636362 2.6363636363636362 2.0303030303030303 1.3636363636363635 1.9696969696969697 1.303030303030303 1.2424242424242424 2.6666666666666665 3.0 2.1515151515151514
51 185.80413991541042 1.5353535353535352 1.6767676767676767 0.8686868686868687 1.1515151515151516 1.8181818181818181 0.8686868686868687 1.8181818181818181 1.6565656565656566 1.9191919191919191 1.4545454545454546 1.393939393939394 1.7777777777777777 1.8585858585858586 2.0 1.878787878787879 1.9191919191919191 1.3333333333333333 1.1919191919191918 0.9292929292929293 1.1111111111111112 1.8181818181818181 1.2525252525252526 1.797979797979798 1.97979797979798 1.797979797979798 0.9696969696969697 0.9696969696969697 1.4343434343434343 1.292929292929293 1.7373737373737375 1.1111111111111112 1.4141414141414141 1.898989898989899 1.2727272727272727 1.7777777777777777 1.6565656565656566 1.878787878787879 1.898989898989899 1.1313131313131313 1.7373737373737375 1.7575757575757576 1.7575757575757576 1.3535353535353536 0.9090909090909091 1.3131313131313131 0.8686868686868687 0.8282828282828283 1.7777777777777777 2.0 1.4343434343434343
52 73.06224475926608 2.303030303030303 2.515151515151515 1.303030303030303 1.7272727272727273 2.727272727272727 1.303030303030303 2.727272727272727 2.484848484848485 2.878787878787879 2.1818181818181817 2.090909090909091 2.6666666666666665 2.787878787878788 3.0 2.8181818181818183 2.878787878787879 2.0 1.7878787878787878 1.393939393939394 1.6666666666666667 2.727272727272727 1.878787878787879 2.696969696969697 2.9696969696969697 2.696969696969697 1.4545454545454546 1.4545454545454546 2.1515151515151514 1.9393939393939394 2.606060606060606 1.6666666666666667 2.121212121212121 2.8484848484848486 1.9090909090909092 2.6666666666666665 2.484848484848485 2.8181818181818183 2.8484848484848486 1.696969696969697 2.606060606060606 2.6363636363636362 2.6363636363636362 2.0303030303030303 1.3636363636363635 1.9696969696969697 1.303030303030303 1.2424242424242424 2.6666666666666665 3.0 2.1515151515151514
53 25.686959269015592 2.303030303030303 2.515151515151515 1.303030303030303 1.7272727272727273 2.727272727272727 1.303030303030303 2.727272727272727 2.484848484848485 2.878787878787879 2.1818181818181817 2.090909090909091 2.6666666666666665 2.787878787878788 3.0 2.8181818181818183 2.878787878787879 2.0 1.7878787878787878 1.393939393939394 1.6666666666666667 2.727272727272727 1.878787878787879 2.696969696969697 2.9696969696969697 2.696969696969697 1.4545454545454546 1.4545454545454546 2.1515151515151514 1.9393939393939394 2.606060606060606 1.6666666666666667 2.121212121212121 2.8484848484848486 1.9090909090909092 2.6666666666666665 2.484848484848485 2.8181818181818183 2.8484848484848486 1.696969696969697 2.606060606060606 2.6363636363636362 2.6363636363636362 2.0303030303030303 1.3636363636363635 1.9696969696969697 1.303030303030303 1.2424242424242424 2.6666666666666665 3.0 2.1515151515151514
54 128.2797726438368 1.5353535353535352 1.6767676767676767 0.8686868686868687 1.1515151515151516 1.8181818181818181 0.8686868686868687 1.8181818181818181 1.6565656565656566 1.9191919191919191 1.4545454545454546 1.393939393939394 1.7777777777777777 1.8585858585858586 2.0 1.878787878787879 1.9191919191919191 1.3333333333333333 1.1919191919191918 0.9292929292929293 1.1111111111111112 1.8181818181818181 1.2525252525252526 1.797979797979798 1.97979797979798 1.797979797979798 0.9696969696969697 0.9696969696969697 1.4343434343434343 1.292929292929293 1.7373737373737375 1.1111111111111112 1.4141414141414141 1.898989898989899 1.2727272727272727 1.7777777777777777 1.6565656565656566 1.878787878787879 1.898989898989899 1.1313131313131313 1.7373737373737375 1.7575757575757576 1.7575757575757576 1.3535353535353536 0.9090909090909091 1.3131313131313131 0.8686868686868687 0.8282828282828283 1.7777777777777777 2.0 1.4343434343434343
55 89.16670089975767 2.303030303030303 2.515151515151515 1.303030303030303 1.7272727272727273 2.727272727272727 1.303030303030303 2.727272727272727 2.484848484848485 2.878787878787879 2.1818181818181817 2.090909090909091 2.6666666666666665 2.787878787878788 3.0 2.8181818181818183 2.878787878787879 2.0 1.7878787878787878 1.393939393939394 1.6666666666666667 2.727272727272727 1.878787878787879 2.696969696969697 2.9696969696969697 2.696969696969697 1.4545454545454546 1.4545454545454546 2.1515151515151514 1.9393939393939394 2.606060606060606 1.6666666666666667 2.121212121212121 2.8484848484848486 1.9090909090909092 2.6666666666666665 2.484848484848485 2.8181818181818183 2.8484848484848486 1.696969696969697 2.606060606060606 2.6363636363636362 2.6363636363636362 2.0303030303030303 1.3636363636363635 1.9696969696969697 1.303030303030303 1.2424242424242424 2.6666666666666665 3.0 2.1515151515151514
56 126.67353859083175 2.303030303030303 2.515151515151515 1.303030303030303 1.7272727272727273 2.727272727272727 1.303030303030303 2.727272727272727 2.484848484848485 2.878787878787879 2.1818181818181817 2.090909090909091 2.6666666666666665 2.787878787878788 3.0 2.8181818181818183 2.878787878787879 2.0 1.7878787878787878 1.393939393939394 1.6666666666666667 2.727272727272727 1.878787878787879 2.696969696969697 2.9696969696969697 2.696969696969697 1.4545454545454546 1.4545454545454546 2.1515151515151514 1.9393939393939394 2.606060606060606 1.6666666666666667 2.121212121212121 2.8484848484848486 1.9090909090909092 2.6666666666666665 2.484848484848485 2.8181818181818183 2.8484848484848486 1.696969696969697 2.606060606060606 2.6363636363636362 2.6363636363636362 2.0303030303030303 1.3636363636363635 1.9696969696969697 1.303030303030303 1.2424242424242424 2.6666666666666665 3.0 2.1515151515151514
57 27.0 2.303030303030303 2.515151515151515 1.303030303030303 1.7272727272727273 2.727272727272727 1.303030303030303 2.727272727272727 2.484848484848485 2.878787878787879 2.1818181818181817 2.090909090909091 2.6666666666666665 2.787878787878788 3.0 2.8181818181818183 2.878787878787879 2.0 1.7878787878787878 1.393939393939394 1.6666666666666667 2.727272727272727 1.878787878787879 2.696969696969697 2.9696969696969697 2.696969696969697 1.4545454545454546 1.4545454545454546 2.1515151515151514 1.9393939393939394 2.606060606060606 1.6666666666666667 2.121212121212121 2.8484848484848486 1.9090909090909092 2.6666666666666665 2.484848484848485 2.8181818181818183 2.8484848484848486 1.696969696969697 2.606060606060606 2.6363636363636362 2.6363636363636362 2.0303030303030303 1.3636363636363635 1.9696969696969697 1.303030303030303 1.2424242424242424 2.6666666666666665 3.0 2.1515151515151514
58 22.76703516647158 2.303030303030303 2.515151515151515 1.303030303030303 1.7272727272727273 2.727272727272727 1.303030303030303 2.727272727272727 2.484848484848485 2.878787878787879 2.1818181818181817 2.090909090909091 2.6666666666666665 2.787878787878788 3.0 2.8181818181818183 2.878787878787879 2.0 1.7878787878787878 1.393939393939394 1.6666666666666667 2.727272727272727 1.878787878787879 2.696969696969697 2.9696969696969697 2.696969696969697 1.4545454545454546 1.4545454545454546 2.1515151515151514 1.9393939393939394 2.606060606060606 1.6666666666666667 2.121212121212121 2.8484848484848486 1.9090909090909092 2.6666666666666665 2.484848484848485 2.8181818181818183 2.8484848484848486 1.696969696969697 2.606060606060606 2.6363636363636362 2.6363636363636362 2.0303030303030303 1.3636363636363635 1.9696969696969697 1.303030303030303 1.2424242424242424 2.6666666666666665 3.0 2.1515151515151514
59 14.693142810216044 1.5353535353535352 1.6767676767676767 0.8686868686868687 1.1515151515151516 1.8181818181818181 0.8686868686868687 1.8181818181818181 1.6565656565656566 1.9191919191919191 1.4545454545454546 1.393939393939394 1.7777777777777777 1.8585858585858586 2.0 1.878787878787879 1.9191919191919191 1.3333333333333333 1.1919191919191918 0.9292929292929293 1.1111111111111112 1.8181818181818181 1.2525252525252526 1.797979797979798 1.97979797979798 1.797979797979798 0.9696969696969697 0.9696969696969697 1.4343434343434343 1.292929292929293 1.7373737373737375 1.1111111111111112 1.4141414141414141 1.898989898989899 1.2727272727272727 1.7777777777777777 1.6565656565656566 1.878787878787879 1.898989898989899 1.1313131313131313 1.7373737373737375 1.7575757575757576 1.7575757575757576 1.3535353535353536 0.9090909090909091 1.3131313131313131 0.8686868686868687 0.8282828282828283 1.7777777777777777 2.0 1.4343434343434343
60 395.6050434685628 1.5353535353535352 1.6767676767676767 0.8686868686868687 1.1515151515151516 1.8181818181818181 0.8686868686868687 1.8181818181818181 1.6565656565656566 1.9191919191919191 1.4545454545454546 1.393939393939394 1.7777777777777777 1.8585858585858586 2.0 1.878787878787879 1.9191919191919191 1.3333333333333333 1.1919191919191918 0.9292929292929293 1.1111111111111112 1.8181818181818181 1.2525252525252526 1.797979797979798 1.97979797979798 1.797979797979798 0.9696969696969697 0.9696969696969697 1.4343434343434343 1.292929292929293 1.7373737373737375 1.1111111111111112 1.4141414141414141 1.898989898989899 1.2727272727272727 1.7777777777777777 1.6565656565656566 1.878787878787879 1.898989898989899 1.1313131313131313 1.7373737373737375 1.7575757575757576 1.7575757575757576 1.3535353535353536 0.9090909090909091 1.3131313131313131 0.8686868686868687 0.8282828282828283 1.7777777777777777 2.0 1.4343434343434343
61 162.98216187264399 2.303030303030303 2.515151515151515 1.303030303030303 1.7272727272727273 2.727272727272727 1.303030303030303 2.727272727272727 2.484848484848485 2.878787878787879 2.1818181818181817 2.090909090909091 2.6666666666666665 2.787878787878788 3.0 2.8181818181818183 2.878787878787879 2.0 1.7878787878787878 1.393939393939394 1.6666666666666667 2.727272727272727 1.878787878787879 2.696969696969697 2.9696969696969697 2.696969696969697 1.4545454545454546 1.4545454545454546 2.1515151515151514 1.9393939393939394 2.606060606060606 1.6666666666666667 2.121212121212121 2.8484848484848486 1.9090909090909092 2.6666666666666665 2.484848484848485 2.8181818181818183 2.8484848484848486 1.696969696969697 2.606060606060606 2.6363636363636362 2.6363636363636362 2.0303030303030303 1.3636363636363635 1.9696969696969697 1.303030303030303 1.2424242424242424 2.6666666666666665 3.0 2.1515151515151514
62 17.063317464822028 2.303030303030303 2.515151515151515 1.303030303030303 1.7272727272727273 2.727272727272727 1.303030303030303 2.727272727272727 2.484848484848485 2.878787878787879 2.1818181818181817 2.090909090909091 2.6666666666666665 2.787878787878788 3.0 2.8181818181818183 2.878787878787879 2.0 1.7878787878787878 1.393939393939394 1.6666666666666667 2.727272727272727 1.878787878787879 2.696969696969697 2.9696969696969697 2.696969696969697 1.4545454545454546 1.4545454545454546 2.1515151515151514 1.9393939393939394 2.606060606060606 1.6666666666666667 2.121212121212121 2.8484848484848486 1.9090909090909092 2.6666666666666665 2.484848484848485 2.8181818181818183 2.8484848484848486 1.696969696969697 2.606060606060606 2.6363636363636362 2.6363636363636362 2.0303030303030303 1.3636363636363635 1.9696969696969697 1.303030303030303 1.2424242424242424 2.6666666666666665 3.0 2.1515151515151514
63 89.0 2.303030303030303 2.515151515151515 1.303030303030303 1.7272727272727273 2.727272727272727 1.303030303030303 2.727272727272727 2.484848484848485 2.878787878787879 2.1818181818181817 2.090909090909091 2.6666666666666665 2.787878787878788 3.0 2.8181818181818183 2.878787878787879 2.0 1.7878787878787878 1.393939393939394 1.6666666666666667 2.727272727272727 1.878787878787879 2.696969696969697 2.9696969696969697 2.696969696969697 1.4545454545454546 1.4545454545454546 2.1515151515151514 1.9393939393939394 2.606060606060606 1.6666666666666667 2.121212121212121 2.8484848484848486 1.9090909090909092 2.6666666666666665 2.484848484848485 2.8181818181818183 2.8484848484848486 1.696969696969697 2.606060606060606 2.6363636363636362 2.6363636363636362 2.0303030303030303 1.3636363636363635 1.9696969696969697 1.303030303030303 1.2424242424242424 2.6666666666666665 3.0 2.1515151515151514
64 4.185770750988158 1.5353535353535352 1.6767676767676767 0.8686868686868687 1.1515151515151516 1.8181818181818181 0.8686868686868687 1.8181818181818181 1.6565656565656566 1.9191919191919191 1.4545454545454546 1.393939393939394 1.7777777777777777 1.8585858585858586 2.0 1.878787878787879 1.9191919191919191 1.3333333333333333 1.1919191919191918 0.9292929292929293 1.1111111111111112 1.8181818181818181 1.2525252525252526 1.797979797979798 1.97979797979798 1.797979797979798 0.9696969696969697 0.9696969696969697 1.4343434343434343 1.292929292929293 1.7373737373737375 1.1111111111111112 1.4141414141414141 1.898989898989899 1.2727272727272727 1.7777777777777777 1.6565656565656566 1.878787878787879 1.898989898989899 1.1313131313131313 1.7373737373737375 1.7575757575757576 1.7575757575757576 1.3535353535353536 0.9090909090909091 1.3131313131313131 0.8686868686868687 0.8282828282828283 1.7777777777777777 2.0 1.4343434343434343
65 228.4882835112002 1.5353535353535352 1.6767676767676767 0.8686868686868687 1.1515151515151516 1.8181818181818181 0.8686868686868687 1.8181818181818181 1.6565656565656566 1.9191919191919191 1.4545454545454546 1.393939393939394 1.7777777777777777 1.8585858585858586 2.0 1.878787878787879 1.9191919191919191 1.3333333333333333 1.1919191919191918 0.9292929292929293 1.1111111111111112 1.8181818181818181 1.2525252525252526 1.797979797979798 1.97979797979798 1.797979797979798 0.9696969696969697 0.9696969696969697 1.4343434343434343 1.292929292929293 1.7373737373737375 1.1111111111111112 1.4141414141414141 1.898989898989899 1.2727272727272727 1.7777777777777777 1.6565656565656566 1.878787878787879 1.898989898989899 1.1313131313131313 1.7373737373737375 1.7575757575757576 1.7575757575757576 1.3535353535353536 0.9090909090909091 1.3131313131313131 0.8686868686868687 0.8282828282828283 1.7777777777777777 2.0 1.4343434343434343
66 189.99661405760435 2.303030303030303 2.515151515151515 1.303030303030303 1.7272727272727273 2.727272727272727 1.303030303030303 2.727272727272727 2.484848484848485 2.878787878787879 2.1818181818181817 2.090909090909091 2.6666666666666665 2.787878787878788 3.0 2.8181818181818183 2.878787878787879 2.0 1.7878787878787878 1.393939393939394 1.6666666666666667 2.727272727272727 1.878787878787879 2.696969696969697 2.9696969696969697 2.696969696969697 1.4545454545454546 1.4545454545454546 2.1515151515151514 1.9393939393939394 2.606060606060606 1.6666666666666667 2.121212121212121 2.8484848484848486 1.9090909090909092 2.6666666666666665 2.484848484848485 2.8181818181818183 2.8484848484848486 1.696969696969697 2.606060606060606 2.6363636363636362 2.6363636363636362 2.0303030303030303 1.3636363636363635 1.9696969696969697 1.303030303030303 1.2424242424242424 2.6666666666666665 3.0 2.1515151515151514
67 172.80318758313507 1.5353535353535352 1.6767676767676767 0.8686868686868687 1.1515151515151516 1.8181818181818181 0.8686868686868687 1.8181818181818181 1.6565656565656566 1.9191919191919191 1.4545454545454546 1.393939393939394 1.7777777777777777 1.8585858585858586 2.0 1.878787878787879 1.9191919191919191 1.3333333333333333 1.1919191919191918 0.9292929292929293 1.1111111111111112 1.8181818181818181 1.2525252525252526 1.797979797979798 1.97979797979798 1.797979797979798 0.9696969696969697 0.9696969696969697 1.4343434343434343 1.292929292929293 1.7373737373737375 1.1111111111111112 1.4141414141414141 1.898989898989899 1.2727272727272727 1.7777777777777777 1.6565656565656566 1.878787878787879 1.898989898989899 1.1313131313131313 1.7373737373737375 1.7575757575757576 1.7575757575757576 1.3535353535353536 0.9090909090909091 1.3131313131313131 0.8686868686868687 0.8282828282828283 1.7777777777777777 2.0 1.4343434343434343
68 114.93097060739122 1.5353535353535352 1.6767676767676767 0.8686868686868687 1.1515151515151516 1.8181818181818181 0.8686868686868687 1.8181818181818181 1.6565656565656566 1.9191919191919191 1.4545454545454546 1.393939393939394 1.7777777777777777 1.8585858585858586 2.0 1.878787878787879 1.9191919191919191 1.3333333333333333 1.1919191919191918 0.9292929292929293 1.1111111111111112 1.8181818181818181 1.2525252525252526 1.797979797979798 1.97979797979798 1.797979797979798 0.9696969696969697 0.9696969696969697 1.4343434343434343 1.292929292929293 1.7373737373737375 1.1111111111111112 1.4141414141414141 1.898989898989899 1.2727272727272727 1.7777777777777777 1.6565656565656566 1.878787878787879 1.898989898989899 1.1313131313131313 1.7373737373737375 1.7575757575757576 1.7575757575757576 1.3535353535353536 0.9090909090909091 1.3131313131313131 0.8686868686868687 0.8282828282828283 1.7777777777777777 2.0 1.4343434343434343
69 103.67875219791729 1.5353535353535352 1.6767676767676767 0.8686868686868687 1.1515151515151516 1.8181818181818181 0.8686868686868687 1.8181818181818181 1.6565656565656566 1.9191919191919191 1.4545454545454546 1.393939393939394 1.7777777777777777 1.8585858585858586 2.0 1.878787878787879 1.9191919191919191 1.3333333333333333 1.1919191919191918 0.9292929292929293 1.1111111111111112 1.8181818181818181 1.2525252525252526 1.797979797979798 1.97979797979798 1.797979797979798 0.9696969696969697 0.9696969696969697 1.4343434343434343 1.292929292929293 1.7373737373737375 1.1111111111111112 1.4141414141414141 1.898989898989899 1.2727272727272727 1.7777777777777777 1.6565656565656566 1.878787878787879 1.898989898989899 1.1313131313131313 1.7373737373737375 1.7575757575757576 1.7575757575757576 1.3535353535353536 0.9090909090909091 1.3131313131313131 0.8686868686868687 0.8282828282828283 1.7777777777777777 2.0 1.4343434343434343
70 412.8697046380907 1.5353535353535352 1.6767676767676767 0.8686868686868687 1.1515151515151516 1.8181818181818181 0.8686868686868687 1.8181818181818181 1.6565656565656566 1.9191919191919191 1.4545454545454546 1.393939393939394 1.7777777777777777 1.8585858585858586 2.0 1.878787878787879 1.9191919191919191 1.3333333333333333 1.1919191919191918 0.9292929292929293 1.1111111111111112 1.8181818181818181 1.2525252525252526 1.797979797979798 1.97979797979798 1.797979797979798 0.9696969696969697 0.9696969696969697 1.4343434343434343 1.292929292929293 1.7373737373737375 1.1111111111111112 1.4141414141414141 1.898989898989899 1.2727272727272727 1.7777777777777777 1.6565656565656566 1.878787878787879 1.898989898989899 1.1313131313131313 1.7373737373737375 1.7575757575757576 1.7575757575757576 1.3535353535353536 0.9090909090909091 1.3131313131313131 0.8686868686868687 0.8282828282828283 1.7777777777777777 2.0 1.4343434343434343
71 43.86240427231775 2.303030303030303 2.515151515151515 1.303030303030303 1.7272727272727273 2.727272727272727 1.303030303030303 2.727272727272727 2.484848484848485 2.878787878787879 2.1818181818181817 2.090909090909091 2.6666666666666665 2.787878787878788 3.0 2.8181818181818183 2.878787878787879 2.0 1.7878787878787878 1.393939393939394 1.6666666666666667 2.727272727272727 1.878787878787879 2.696969696969697 2.9696969696969697 2.696969696969697 1.4545454545454546 1.4545454545454546 2.1515151515151514 1.9393939393939394 2.606060606060606 1.6666666666666667 2.121212121212121 2.8484848484848486 1.9090909090909092 2.6666666666666665 2.484848484848485 2.8181818181818183 2.8484848484848486 1.696969696969697 2.606060606060606 2.6363636363636362 2.6363636363636362 2.0303030303030303 1.3636363636363635 1.9696969696969697 1.303030303030303 1.2424242424242424 2.6666666666666665 3.0 2.1515151515151514
72 253.10516665030875 2.303030303030303 2.515151515151515 1.303030303030303 1.7272727272727273 2.727272727272727 1.303030303030303 2.727272727272727 2.484848484848485 2.878787878787879 2.1818181818181817 2.090909090909091 2.6666666666666665 2.787878787878788 3.0 2.8181818181818183 2.878787878787879 2.0 1.7878787878787878 1.393939393939394 1.6666666666666667 2.727272727272727 1.878787878787879 2.696969696969697 2.9696969696969697 2.696969696969697 1.4545454545454546 1.4545454545454546 2.1515151515151514 1.9393939393939394 2.606060606060606 1.6666666666666667 2.121212121212121 2.8484848484848486 1.9090909090909092 2.6666666666666665 2.484848484848485 2.8181818181818183 2.8484848484848486 1.696969696969697 2.606060606060606 2.6363636363636362 2.6363636363636362 2.0303030303030303 1.3636363636363635 1.9696969696969697 1.303030303030303 1.2424242424242424 2.6666666666666665 3.0 2.1515151515151514
73 138.86356242366764 1.5353535353535352 1.6767676767676767 0.8686868686868687 1.1515151515151516 1.8181818181818181 0.8686868686868687 1.8181818181818181 1.6565656565656566 1.9191919191919191 1.4545454545454546 1.393939393939394 1.7777777777777777 1.8585858585858586 2.0 1.878787878787879 1.9191919191919191 1.3333333333333333 1.1919191919191918 0.9292929292929293 1.1111111111111112 1.8181818181818181 1.2525252525252526 1.797979797979798 1.97979797979798 1.797979797979798 0.9696969696969697 0.9696969696969697 1.4343434343434343 1.292929292929293 1.7373737373737375 1.1111111111111112 1.4141414141414141 1.898989898989899 1.2727272727272727 1.7777777777777777 1.6565656565656566 1.878787878787879 1.898989898989899 1.1313131313131313 1.7373737373737375 1.7575757575757576 1.7575757575757576 1.3535353535353536 0.9090909090909091 1.3131313131313131 0.8686868686868687 0.8282828282828283 1.7777777777777777 2.0 1.4343434343434343
74 87.40476091064333 1.5353535353535352 1.6767676767676767 0.8686868686868687 1.1515151515151516 1.8181818181818181 0.8686868686868687 1.8181818181818181 1.6565656565656566 1.9191919191919191 1.4545454545454546 1.393939393939394 1.7777777777777777 1.8585858585858586 2.0 1.878787878787879 1.9191919191919191 1.3333333333333333 1.1919191919191918 0.9292929292929293 1.1111111111111112 1.8181818181818181 1.2525252525252526 1.797979797979798 1.97979797979798 1.797979797979798 0.9696969696969697 0.9696969696969697 1.4343434343434343 1.292929292929293 1.7373737373737375 1.1111111111111112 1.4141414141414141 1.898989898989899 1.2727272727272727 1.7777777777777777 1.6565656565656566 1.878787878787879 1.898989898989899 1.1313131313131313 1.7373737373737375 1.7575757575757576 1.7575757575757576 1.3535353535353536 0.9090909090909091 1.3131313131313131 0.8686868686868687 0.8282828282828283 1.7777777777777777 2.0 1.4343434343434343
75 65.90446355446353 2.303030303030303 2.515151515151515 1.303030303030303 1.7272727272727273 2.727272727272727 1.303030303030303 2.727272727272727 2.484848484848485 2.878787878787879 2.1818181818181817 2.090909090909091 2.6666666666666665 2.787878787878788 3.0 2.8181818181818183 2.878787878787879 2.0 1.7878787878787878 1.393939393939394 1.6666666666666667 2.727272727272727 1.878787878787879 2.696969696969697 2.9696969696969697 2.696969696969697 1.4545454545454546 1.4545454545454546 2.1515151515151514 1.9393939393939394 2.606060606060606 1.6666666666666667 2.121212121212121 2.8484848484848486 1.9090909090909092 2.6666666666666665 2.484848484848485 2.8181818181818183 2.8484848484848486 1.696969696969697 2.606060606060606 2.6363636363636362 2.6363636363636362 2.0303030303030303 1.3636363636363635 1.9696969696969697 1.303030303030303 1.2424242424242424 2.6666666666666665 3.0 2.1515151515151514
76 210.57940133361458 1.5353535353535352 1.6767676767676767 0.8686868686868687 1.1515151515151516 1.8181818181818181 0.8686868686868687 1.8181818181818181 1.6565656565656566 1.9191919191919191 1.4545454545454546 1.393939393939394 1.7777777777777777 1.8585858585858586 2.0 1.878787878787879 1.9191919191919191 1.3333333333333333 1.1919191919191918 0.9292929292929293 1.1111111111111112 1.8181818181818181 1.2525252525252526 1.797979797979798 1.97979797979798 1.797979797979798 0.9696969696969697 0.9696969696969697 1.4343434343434343 1.292929292929293 1.7373737373737375 1.1111111111111112 1.4141414141414141 1.898989898989899 1.2727272727272727 1.7777777777777777 1.6565656565656566 1.878787878787879 1.898989898989899 1.1313131313131313 1.7373737373737375 1.7575757575757576 1.7575757575757576 1.3535353535353536 0.9090909090909091 1.3131313131313131 0.8686868686868687 0.8282828282828283 1.7777777777777777 2.0 1.4343434343434343
77 70.292401019687 2.303030303030303 2.515151515151515 1.303030303030303 1.7272727272727273 2.727272727272727 1.303030303030303 2.727272727272727 2.484848484848485 2.878787878787879 2.1818181818181817 2.090909090909091 2.6666666666666665 2.787878787878788 3.0 2.8181818181818183 2.878787878787879 2.0 1.7878787878787878 1.393939393939394 1.6666666666666667 2.727272727272727 1.878787878787879 2.696969696969697 2.9696969696969697 2.696969696969697 1.4545454545454546 1.4545454545454546 2.1515151515151514 1.9393939393939394 2.606060606060606 1.6666666666666667 2.121212121212121 2.8484848484848486 1.9090909090909092 2.6666666666666665 2.484848484848485 2.8181818181818183 2.8484848484848486 1.696969696969697 2.606060606060606 2.6363636363636362 2.6363636363636362 2.0303030303030303 1.3636363636363635 1.9696969696969697 1.303030303030303 1.2424242424242424 2.6666666666666665 3.0 2.1515151515151514
78 15.227293502766958 2.303030303030303 2.515151515151515 1.303030303030303 1.7272727272727273 2.727272727272727 1.303030303030303 2.727272727272727 2.484848484848485 2.878787878787879 2.1818181818181817 2.090909090909091 2.6666666666666665 2.787878787878788 3.0 2.8181818181818183 2.878787878787879 2.0 1.7878787878787878 1.393939393939394 1.6666666666666667 2.727272727272727 1.878787878787879 2.696969696969697 2.9696969696969697 2.696969696969697 1.4545454545454546 1.4545454545454546 2.1515151515151514 1.9393939393939394 2.606060606060606 1.6666666666666667 2.121212121212121 2.8484848484848486 1.9090909090909092 2.6666666666666665 2.484848484848485 2.8181818181818183 2.8484848484848486 1.696969696969697 2.606060606060606 2.6363636363636362 2.6363636363636362 2.0303030303030303 1.3636363636363635 1.9696969696969697 1.303030303030303 1.2424242424242424 2.6666666666666665 3.0 2.1515151515151514
79 4.530766488413546 2.303030303030303 2.515151515151515 1.303030303030303 1.7272727272727273 2.727272727272727 1.303030303030303 2.727272727272727 2.484848484848485 2.878787878787879 2.1818181818181817 2.090909090909091 2.6666666666666665 2.787878787878788 3.0 2.8181818181818183 2.878787878787879 2.0 1.7878787878787878 1.393939393939394 1.6666666666666667 2.727272727272727 1.878787878787879 2.696969696969697 2.9696969696969697 2.696969696969697 1.4545454545454546 1.4545454545454546 2.1515151515151514 1.9393939393939394 2.606060606060606 1.6666666666666667 2.121212121212121 2.8484848484848486 1.9090909090909092 2.6666666666666665 2.484848484848485 2.8181818181818183 2.8484848484848486 1.696969696969697 2.606060606060606 2.6363636363636362 2.6363636363636362 2.0303030303030303 1.3636363636363635 1.9696969696969697 1.303030303030303 1.2424242424242424 2.6666666666666665 3.0 2.1515151515151514
