100 20
TREE NETWORK (nID nID Weight):
5 0 55
74 0 30
24 74 33
10 74 41
28 10 31
59 74 44
80 24 46
39 5 41
22 74 51
11 80 45
38 0 56
43 11 40
56 11 43
67 11 38
87 24 55
55 11 50
82 43 34
17 59 57
68 0 57
47 17 57
20 24 31
79 82 51
99 82 44
81 67 40
54 67 47
88 0 56
94 11 31
53 5 35
37 67 33
89 80 50
7 94 33
41 53 45
23 54 51
30 79 39
62 17 50
9 47 57
73 79 56
18 43 36
78 38 52
34 20 32
8 17 44
49 67 48
45 28 39
35 8 57
98 34 41
71 49 50
70 49 37
27 68 49
14 22 30
65 53 36
93 71 50
33 98 56
19 71 35
63 87 34
96 78 54
16 8 51
21 9 37
92 49 56
51 70 52
44 17 47
26 0 42
76 28 46
72 30 50
48 56 50
13 62 58
69 79 42
46 67 39
6 46 45
42 27 37
25 74 47
40 18 30
2 20 33
4 5 42
32 5 46
60 26 30
52 6 47
77 82 40
29 24 46
3 94 46
97 37 57
57 22 59
86 69 38
12 40 35
83 99 56
50 44 57
90 77 48
85 41 50
91 34 42
15 94 59
61 4 43
1 26 59
58 92 52
66 52 36
75 29 31
36 42 52
31 35 46
64 8 40
84 6 37
95 34 39
PROGRAMS ASSIGNED TO NODES (nID pID1 pID2 ...):
0 1 2 3 4 5 6 7 8 9 10 11 12 13 14 15 16 17 18 19 20
1 3 4 5 7 8 10 11 12 14 15 16 17 18 19 20
2 20 5 6
3 1 2 3 20 5 7 9 13 14
4 6
5 16 1 18 13
7 16 19 5 13 14 15
8 16 18 20 5 9 10 13
9 17 1 2 3 5 7 9 12 13 15
10 2 18 20 5 6 8 9 11 12 13 14 15
11 1
12 2 4 5 6 12 14
13 1 2 3 4 5 7 9 13 14 15 17 18 19 20
14 1 2 3 5 6 7 8 10 11 12 13 14 15 17 18 19
15 2 3 4 5 6 7 8 9 10 11 12 13 14 15 16 17 18 19 20
16 1 2 3 4 5 6 7 8 9 10 11 12 13 14 17 18
17 1 2 3 6 7 8 9 10 11 12 14 16 17 18 19
18 16 18 19 5 6 9 10 13
20 16 1 19 7 8 9 15
21 17 5 6 9 10 13
22 18 2 19 20 7 12 15
23 6 7 11
24 1 2 3 4 5 6 7 8 9 12 13 14 15 16 17 18
25 4 7 8 10 11 13 14
26 3 19 8 12
27 1 3 4 5 6 7 8 11 13 14 16 17 18 19 20
28 16 17 1 4 20 5
29 1 2 3 4 5 6 7 8 9 10 11 12 14 15 16 17 18 19 20
30 18
31 2 20 9 12 15
32 3 4 5 6 8 10 11 14 15 16 17 18 19 20
33 18 6 10 14
34 3 4 5 6 7 8 10 11 12 14 15 16 18 20
35 16 1 18 19 3 20 5 6 8 11 13 14
36 1 18 2 19 4 8 12 14
37 14
38 19 4 8 11 12
39 16 20 5
40 1 3 4 5 6 7 9 10 11 14 15 16 17 18 19 20
41 16 1 3 5 7 8 9 10 11 14 15
42 10
43 16 1 17 11 13
44 17 1 2 3 20 6 8 9 10 13
45 1 2 3 6 7 9 10 12 13 15 16 17 20
46 1 2 3 4 5 6 7 8 9 10 11 12 15 16 17 18 19 20
47 2 3 4 5 6 9 10 12 13 15 16 17 19
48 1 2 3 4 5 6 7 8 9 10 11 12 13 14 15 16 18 19
49 1 2 4 6 9 10 11 12 13 14 15 17 18 19 20
50 11
51 1 3 4 5 7 8 10 11 12 14 16 17 18 19
52 1 2 3 4 5 6 8 9 12 13 14 15 16 17 19 20
53 16 17 2 9
54 2 3 20 7 8 10 11 12 13 14
55 16 18 5 13
56 3 4 5 6 7 8 9 10 12 13 14 15 18 20
57 2 3 4 7 9 11 13 14 15 16 17 18 19
58 2 3 6 8 9 10 11 12 13 14 15 16 17 18
59 17 1 2 18 19 4 20 5 10 11 14 15
60 16 1 18 4 20 5 9 11 13 15
61 1 2 3 8 11 12 13 14 15 16 17 18 19 20
62 2 3 4 6 8 9 10 11 13 14 15 16 17 18
63 1 4 5 6 7 8 9 10 11 12 13 14 17 18
64 16 2 18 3 20 5 7 8 15
65 1 2 18 19 4 20 6 7 11 12 14
66 16 11 12
67 6 9
68 20 9
69 16 1 3 20 8 11 13
70 1 2 4 6 7 8 9 10 11 12 14 15 16 17 18 20
71 16 1 18 2 4 20 5 6 8 13 14
72 1 2 3 4 6 8 9 10 11 12 16 17 18 19 20
73 1 2 4 5 6 7 8 9 11 14 15 18 19
74 1 2 3 4 5 6 9 13 15
75 2 3 4 6 7 8 9 10 13 14 16 17 19 20
76 17 3 4 7 8 9 14
77 16 5 13 14
78 1 2 3 4 5 6 7 8 9 10 11 12 13 15 16 17 18 19 20
79 1 2 3 4 5 6 7 8 9 10 11 12 13 14 15 17 18 19 20
81 4 6 7 8 9 10 12 15 16 17 18 19 20
83 2 3 4 5 6 9 10 11 13 15 16 17 19
84 2 18 12 14
85 1 2 4 5 6 7 8 9 10 13 14 15 16 17 18 19 20
86 1 2 3 4 5 6 8 10 11 12 13 14 16 18 19 20
87 2 19 4 6 8 13
88 3 4 5 6 7 8 9 10 11 12 13 14 16 19
89 2 3 5 6 7 10 11 12 13 14 16 17 18
90 1 2 3 9 10 13
91 16 1 3 19 4 7 8 9 10 11 12 13
92 2 18 4 5 6 7 8 11 12
94 17 1 3 4 8 9 11 14 15
95 1 2 3 4 5 6 7 9 10 11 12 13 14 15 16 17 18 19 20
96 2 4 20 5 6 8 9 10 12 13 14 15
97 1 2 4 5 6 7 8 9 12 13 14 15 16 17 18 19 20
98 2 19 20 7 9
99 1 3 4 5 6 8 10 11 12 14 16 17 18 19 20
SIZE OF PROGRAMS (pID SIZE):
1 92.0
2 62.0
3 92.0
4 91.0
5 81.0
6 93.0
7 41.0
8 47.0
9 47.0
10 74.0
11 84.0
12 67.0
13 57.0
14 73.0
15 87.0
16 93.0
17 67.0
18 65.0
19 66.0
20 93.0
COST TO INSTALL SERVERS AND PROGRAMS ON NODES (COST_TO_INSTALL_SERVER COST_TO_INSTALL_pID1 ...):
0 5748.387096774193 2.967741935483871 2.0 2.967741935483871 2.935483870967742 2.6129032258064515 3.0 1.3225806451612903 1.5161290322580645 1.5161290322580645 2.3870967741935485 2.7096774193548385 2.161290322580645 1.8387096774193548 2.3548387096774195 2.806451612903226 3.0 2.161290322580645 2.096774193548387 2.129032258064516 3.0
1 20.503801843317977 1.978494623655914 1.3333333333333333 1.978494623655914 1.956989247311828 1.7419354838709677 2.0 0.8817204301075269 1.010752688172043 1.010752688172043 1.5913978494623655 1.8064516129032258 1.4408602150537635 1.2258064516129032 1.5698924731182795 1.8709677419354838 2.0 1.4408602150537635 1.3978494623655915 1.4193548387096775 2.0
2 5.016363636363637 2.967741935483871 2.0 2.967741935483871 2.935483870967742 2.6129032258064515 3.0 1.3225806451612903 1.5161290322580645 1.5161290322580645 2.3870967741935485 2.7096774193548385 2.161290322580645 1.8387096774193548 2.3548387096774195 2.806451612903226 3.0 2.161290322580645 2.096774193548387 2.129032258064516 3.0
3 90.76859903381641 2.967741935483871 2.0 2.967741935483871 2.935483870967742 2.6129032258064515 3.0 1.3225806451612903 1.5161290322580645 1.5161290322580645 2.3870967741935485 2.7096774193548385 2.161290322580645 1.8387096774193548 2.3548387096774195 2.806451612903226 3.0 2.161290322580645 2.096774193548387 2.129032258064516 3.0
4 4.9844113950565605 2.967741935483871 2.0 2.967741935483871 2.935483870967742 2.6129032258064515 3.0 1.3225806451612903 1.5161290322580645 1.5161290322580645 2.3870967741935485 2.7096774193548385 2.161290322580645 1.8387096774193548 2.3548387096774195 2.806451612903226 3.0 2.161290322580645 2.096774193548387 2.129032258064516 3.0
5 15.0 1.978494623655914 1.3333333333333333 1.978494623655914 1.956989247311828 1.7419354838709677 2.0 0.8817204301075269 1.010752688172043 1.010752688172043 1.5913978494623655 1.8064516129032258 1.4408602150537635 1.2258064516129032 1.5698924731182795 1.8709677419354838 2.0 1.4408602150537635 1.3978494623655915 1.4193548387096775 2.0
6 83.29450088409786 2.967741935483871 2.0 2.967741935483871 2.935483870967742 2.6129032258064515 3.0 1.3225806451612903 1.5161290322580645 1.5161290322580645 2.3870967741935485 2.7096774193548385 2.161290322580645 1.8387096774193548 2.3548387096774195 2.806451612903226 3.0 2.161290322580645 2.096774193548387 2.129032258064516 3.0
7 21.607076980990023 2.967741935483871 2.0 2.967741935483871 2.935483870967742 2.6129032258064515 3.0 1.3225806451612903 1.5161290322580645 1.5161290322580645 2.3870967741935485 2.7096774193548385 2.161290322580645 1.8387096774193548 2.3548387096774195 2.806451612903226 3.0 2.161290322580645 2.096774193548387 2.129032258064516 3.0
8 63.988654333781604 1.978494623655914 1.3333333333333333 1.978494623655914 1.956989247311828 1.7419354838709677 2.0 0.8817204301075269 1.010752688172043 1.010752688172043 1.5913978494623655 1.8064516129032258 1.4408602150537635 1.2258064516129032 1.5698924731182795 1.8709677419354838 2.0 1.4408602150537635 1.3978494623655915 1.4193548387096775 2.0
9 13.146668724597419 2.967741935483871 2.0 2.967741935483871 2.935483870967742 2.6129032258064515 3.0 1.3225806451612903 1.5161290322580645 1.5161290322580645 2.3870967741935485 2.7096774193548385 2.161290322580645 1.8387096774193548 2.3548387096774195 2.806451612903226 3.0 2.161290322580645 2.096774193548387 2.129032258064516 3.0
10 20.369116181484408 1.978494623655914 1.3333333333333333 1.978494623655914 1.956989247311828 1.7419354838709677 2.0 0.8817204301075269 1.010752688172043 1.010752688172043 1.5913978494623655 1.8064516129032258 1.4408602150537635 1.2258064516129032 1.5698924731182795 1.8709677419354838 2.0 1.4408602150537635 1.3978494623655915 1.4193548387096775 2.0
11 90.83235426461226 2.967741935483871 2.0 2.967741935483871 2.935483870967742 2.6129032258064515 3.0 1.3225806451612903 1.5161290322580645 1.5161290322580645 2.3870967741935485 2.7096774193548385 2.161290322580645 1.8387096774193548 2.3548387096774195 2.806451612903226 3.0 2.161290322580645 2.096774193548387 2.129032258064516 3.0
12 81.1340465478554 2.967741935483871 2.0 2.967741935483871 2.935483870967742 2.6129032258064515 3.0 1.3225806451612903 1.5161290322580645 1.5161290322580645 2.3870967741935485 2.7096774193548385 2.161290322580645 1.8387096774193548 2.3548387096774195 2.806451612903226 3.0 2.161290322580645 2.096774193548387 2.129032258064516 3.0
13 90.3130773551332 2.967741935483871 2.0 2.967741935483871 2.935483870967742 2.6129032258064515 3.0 1.3225806451612903 1.5161290322580645 1.5161290322580645 2.3870967741935485 2.7096774193548385 2.161290322580645 1.8387096774193548 2.3548387096774195 2.806451612903226 3.0 2.161290322580645 2.096774193548387 2.129032258064516 3.0
14 67.35685083900735 1.978494623655914 1.3333333333333333 1.978494623655914 1.956989247311828 1.7419354838709677 2.0 0.8817204301075269 1.010752688172043 1.010752688172043 1.5913978494623655 1.8064516129032258 1.4408602150537635 1.2258064516129032 1.5698924731182795 1.8709677419354838 2.0 1.4408602150537635 1.3978494623655915 1.4193548387096775 2.0
15 103.12480739599383 2.967741935483871 2.0 2.967741935483871 2.935483870967742 2.6129032258064515 3.0 1.3225806451612903 1.5161290322580645 1.5161290322580645 2.3870967741935485 2.7096774193548385 2.161290322580645 1.8387096774193548 2.3548387096774195 2.806451612903226 3.0 2.161290322580645 2.096774193548387 2.129032258064516 3.0
16 84.3364112144408 1.978494623655914 1.3333333333333333 1.978494623655914 1.956989247311828 1.7419354838709677 2.0 0.8817204301075269 1.010752688172043 1.010752688172043 1.5913978494623655 1.8064516129032258 1.4408602150537635 1.2258064516129032 1.5698924731182795 1.8709677419354838 2.0 1.4408602150537635 1.3978494623655915 1.4193548387096775 2.0
17 44.55315649828383 1.978494623655914 1.3333333333333333 1.978494623655914 1.956989247311828 1.7419354838709677 2.0 0.8817204301075269 1.010752688172043 1.010752688172043 1.5913978494623655 1.8064516129032258 1.4408602150537635 1.2258064516129032 1.5698924731182795 1.8709677419354838 2.0 1.4408602150537635 1.3978494623655915 1.4193548387096775 2.0
18 200.82407082748938 2.967741935483871 2.0 2.967741935483871 2.935483870967742 2.6129032258064515 3.0 1.3225806451612903 1.5161290322580645 1.5161290322580645 2.3870967741935485 2.7096774193548385 2.161290322580645 1.8387096774193548 2.3548387096774195 2.806451612903226 3.0 2.161290322580645 2.096774193548387 2.129032258064516 3.0
19 102.0 1.978494623655914 1.3333333333333333 1.978494623655914 1.956989247311828 1.7419354838709677 2.0 0.8817204301075269 1.010752688172043 1.010752688172043 1.5913978494623655 1.8064516129032258 1.4408602150537635 1.2258064516129032 1.5698924731182795 1.8709677419354838 2.0 1.4408602150537635 1.3978494623655915 1.4193548387096775 2.0
20 63.614683237909006 1.978494623655914 1.3333333333333333 1.978494623655914 1.956989247311828 1.7419354838709677 2.0 0.8817204301075269 1.010752688172043 1.010752688172043 1.5913978494623655 1.8064516129032258 1.4408602150537635 1.2258064516129032 1.5698924731182795 1.8709677419354838 2.0 1.4408602150537635 1.3978494623655915 1.4193548387096775 2.0
21 30.080661068538838 1.978494623655914 1.3333333333333333 1.978494623655914 1.956989247311828 1.7419354838709677 2.0 0.8817204301075269 1.010752688172043 1.010752688172043 1.5913978494623655 1.8064516129032258 1.4408602150537635 1.2258064516129032 1.5698924731182795 1.8709677419354838 2.0 1.4408602150537635 1.3978494623655915 1.4193548387096775 2.0
22 14.787834101382492 2.967741935483871 2.0 2.967741935483871 2.935483870967742 2.6129032258064515 3.0 1.3225806451612903 1.5161290322580645 1.5161290322580645 2.3870967741935485 2.7096774193548385 2.161290322580645 1.8387096774193548 2.3548387096774195 2.806451612903226 3.0 2.161290322580645 2.096774193548387 2.129032258064516 3.0
23 6.214738773792671 2.967741935483871 2.0 2.967741935483871 2.935483870967742 2.6129032258064515 3.0 1.3225806451612903 1.5161290322580645 1.5161290322580645 2.3870967741935485 2.7096774193548385 2.161290322580645 1.8387096774193548 2.3548387096774195 2.806451612903226 3.0 2.161290322580645 2.096774193548387 2.129032258064516 3.0
24 12.403362658846536 1.978494623655914 1.3333333333333333 1.978494623655914 1.956989247311828 1.7419354838709677 2.0 0.8817204301075269 1.010752688172043 1.010752688172043 1.5913978494623655 1.8064516129032258 1.4408602150537635 1.2258064516129032 1.5698924731182795 1.8709677419354838 2.0 1.4408602150537635 1.3978494623655915 1.4193548387096775 2.0
25 7.306824525280255 2.967741935483871 2.0 2.967741935483871 2.935483870967742 2.6129032258064515 3.0 1.3225806451612903 1.5161290322580645 1.5161290322580645 2.3870967741935485 2.7096774193548385 2.161290322580645 1.8387096774193548 2.3548387096774195 2.806451612903226 3.0 2.161290322580645 2.096774193548387 2.129032258064516 3.0
26 3.3220470531166657 1.978494623655914 1.3333333333333333 1.978494623655914 1.956989247311828 1.7419354838709677 2.0 0.8817204301075269 1.010752688172043 1.010752688172043 1.5913978494623655 1.8064516129032258 1.4408602150537635 1.2258064516129032 1.5698924731182795 1.8709677419354838 2.0 1.4408602150537635 1.3978494623655915 1.4193548387096775 2.0
27 3.528575987628525 2.967741935483871 2.0 2.967741935483871 2.935483870967742 2.6129032258064515 3.0 1.3225806451612903 1.5161290322580645 1.5161290322580645 2.3870967741935485 2.7096774193548385 2.161290322580645 1.8387096774193548 2.3548387096774195 2.806451612903226 3.0 2.161290322580645 2.096774193548387 2.129032258064516 3.0
28 66.91509485094849 2.967741935483871 2.0 2.967741935483871 2.935483870967742 2.6129032258064515 3.0 1.3225806451612903 1.5161290322580645 1.5161290322580645 2.3870967741935485 2.7096774193548385 2.161290322580645 1.8387096774193548 2.3548387096774195 2.806451612903226 3.0 2.161290322580645 2.096774193548387 2.129032258064516 3.0
29 56.593838849322694 2.967741935483871 2.0 2.967741935483871 2.935483870967742 2.6129032258064515 3.0 1.3225806451612903 1.5161290322580645 1.5161290322580645 2.3870967741935485 2.7096774193548385 2.161290322580645 1.8387096774193548 2.3548387096774195 2.806451612903226 3.0 2.161290322580645 2.096774193548387 2.129032258064516 3.0
30 175.9693493410372 2.967741935483871 2.0 2.967741935483871 2.935483870967742 2.6129032258064515 3.0 1.3225806451612903 1.5161290322580645 1.5161290322580645 2.3870967741935485 2.7096774193548385 2.161290322580645 1.8387096774193548 2.3548387096774195 2.806451612903226 3.0 2.161290322580645 2.096774193548387 2.129032258064516 3.0
31 28.43605056246379 1.978494623655914 1.3333333333333333 1.978494623655914 1.956989247311828 1.7419354838709677 2.0 0.8817204301075269 1.010752688172043 1.010752688172043 1.5913978494623655 1.8064516129032258 1.4408602150537635 1.2258064516129032 1.5698924731182795 1.8709677419354838 2.0 1.4408602150537635 1.3978494623655915 1.4193548387096775 2.0
32 23.08330599118817 1.978494623655914 1.3333333333333333 1.978494623655914 1.956989247311828 1.7419354838709677 2.0 0.8817204301075269 1.010752688172043 1.010752688172043 1.5913978494623655 1.8064516129032258 1.4408602150537635 1.2258064516129032 1.5698924731182795 1.8709677419354838 2.0 1.4408602150537635 1.3978494623655915 1.4193548387096775 2.0
33 45.1053637632365 1.978494623655914 1.3333333333333333 1.978494623655914 1.956989247311828 1.7419354838709677 2.0 0.8817204301075269 1.010752688172043 1.010752688172043 1.5913978494623655 1.8064516129032258 1.4408602150537635 1.2258064516129032 1.5698924731182795 1.8709677419354838 2.0 1.4408602150537635 1.3978494623655915 1.4193548387096775 2.0
34 54.53887445887444 2.967741935483871 2.0 2.967741935483871 2.935483870967742 2.6129032258064515 3.0 1.3225806451612903 1.5161290322580645 1.5161290322580645 2.3870967741935485 2.7096774193548385 2.161290322580645 1.8387096774193548 2.3548387096774195 2.806451612903226 3.0 2.161290322580645 2.096774193548387 2.129032258064516 3.0
35 54.72446619394786 1.978494623655914 1.3333333333333333 1.978494623655914 1.956989247311828 1.7419354838709677 2.0 0.8817204301075269 1.010752688172043 1.010752688172043 1.5913978494623655 1.8064516129032258 1.4408602150537635 1.2258064516129032 1.5698924731182795 1.8709677419354838 2.0 1.4408602150537635 1.3978494623655915 1.4193548387096775 2.0
36 9.099638448874444 2.967741935483871 2.0 2.967741935483871 2.935483870967742 2.6129032258064515 3.0 1.3225806451612903 1.5161290322580645 1.5161290322580645 2.3870967741935485 2.7096774193548385 2.161290322580645 1.8387096774193548 2.3548387096774195 2.806451612903226 3.0 2.161290322580645 2.096774193548387 2.129032258064516 3.0
37 130.79430459380015 2.967741935483871 2.0 2.967741935483871 2.935483870967742 2.6129032258064515 3.0 1.3225806451612903 1.5161290322580645 1.5161290322580645 2.3870967741935485 2.7096774193548385 2.161290322580645 1.8387096774193548 2.3548387096774195 2.806451612903226 3.0 2.161290322580645 2.096774193548387 2.129032258064516 3.0
38 59.0 1.978494623655914 1.3333333333333333 1.978494623655914 1.956989247311828 1.7419354838709677 2.0 0.8817204301075269 1.010752688172043 1.010752688172043 1.5913978494623655 1.8064516129032258 1.4408602150537635 1.2258064516129032 1.5698924731182795 1.8709677419354838 2.0 1.4408602150537635 1.3978494623655915 1.4193548387096775 2.0
39 1.2392268078106001 2.967741935483871 2.0 2.967741935483871 2.935483870967742 2.6129032258064515 3.0 1.3225806451612903 1.5161290322580645 1.5161290322580645 2.3870967741935485 2.7096774193548385 2.161290322580645 1.8387096774193548 2.3548387096774195 2.806451612903226 3.0 2.161290322580645 2.096774193548387 2.129032258064516 3.0
40 59.51351268647202 1.978494623655914 1.3333333333333333 1.978494623655914 1.956989247311828 1.7419354838709677 2.0 0.8817204301075269 1.010752688172043 1.010752688172043 1.5913978494623655 1.8064516129032258 1.4408602150537635 1.2258064516129032 1.5698924731182795 1.8709677419354838 2.0 1.4408602150537635 1.3978494623655915 1.4193548387096775 2.0
41 50.021610110319784 1.978494623655914 1.3333333333333333 1.978494623655914 1.956989247311828 1.7419354838709677 2.0 0.8817204301075269 1.010752688172043 1.010752688172043 1.5913978494623655 1.8064516129032258 1.4408602150537635 1.2258064516129032 1.5698924731182795 1.8709677419354838 2.0 1.4408602150537635 1.3978494623655915 1.4193548387096775 2.0
42 22.92759448752658 2.967741935483871 2.0 2.967741935483871 2.935483870967742 2.6129032258064515 3.0 1.3225806451612903 1.5161290322580645 1.5161290322580645 2.3870967741935485 2.7096774193548385 2.161290322580645 1.8387096774193548 2.3548387096774195 2.806451612903226 3.0 2.161290322580645 2.096774193548387 2.129032258064516 3.0
43 64.70665239181363 2.967741935483871 2.0 2.967741935483871 2.935483870967742 2.6129032258064515 3.0 1.3225806451612903 1.5161290322580645 1.5161290322580645 2.3870967741935485 2.7096774193548385 2.161290322580645 1.8387096774193548 2.3548387096774195 2.806451612903226 3.0 2.161290322580645 2.096774193548387 2.129032258064516 3.0
44 22.769721686758867 2.967741935483871 2.0 2.967741935483871 2.935483870967742 2.6129032258064515 3.0 1.3225806451612903 1.5161290322580645 1.5161290322580645 2.3870967741935485 2.7096774193548385 2.161290322580645 1.8387096774193548 2.3548387096774195 2.806451612903226 3.0 2.161290322580645 2.096774193548387 2.129032258064516 3.0
45 50.60148926604473 1.978494623655914 1.3333333333333333 1.978494623655914 1.956989247311828 1.7419354838709677 2.0 0.8817204301075269 1.010752688172043 1.010752688172043 1.5913978494623655 1.8064516129032258 1.4408602150537635 1.2258064516129032 1.5698924731182795 1.8709677419354838 2.0 1.4408602150537635 1.3978494623655915 1.4193548387096775 2.0
46 46.39895600846362 2.967741935483871 2.0 2.967741935483871 2.935483870967742 2.6129032258064515 3.0 1.3225806451612903 1.5161290322580645 1.5161290322580645 2.3870967741935485 2.7096774193548385 2.161290322580645 1.8387096774193548 2.3548387096774195 2.806451612903226 3.0 2.161290322580645 2.096774193548387 2.129032258064516 3.0
47 54.1125713844729 1.978494623655914 1.3333333333333333 1.978494623655914 1.956989247311828 1.7419354838709677 2.0 0.8817204301075269 1.010752688172043 1.010752688172043 1.5913978494623655 1.8064516129032258 1.4408602150537635 1.2258064516129032 1.5698924731182795 1.8709677419354838 2.0 1.4408602150537635 1.3978494623655915 1.4193548387096775 2.0
48 33.94095558408705 1.978494623655914 1.3333333333333333 1.978494623655914 1.956989247311828 1.7419354838709677 2.0 0.8817204301075269 1.010752688172043 1.010752688172043 1.5913978494623655 1.8064516129032258 1.4408602150537635 1.2258064516129032 1.5698924731182795 1.8709677419354838 2.0 1.4408602150537635 1.3978494623655915 1.4193548387096775 2.0
49 113.94302308393982 1.978494623655914 1.3333333333333333 1.978494623655914 1.956989247311828 1.7419354838709677 2.0 0.8817204301075269 1.010752688172043 1.010752688172043 1.5913978494623655 1.8064516129032258 1.4408602150537635 1.2258064516129032 1.5698924731182795 1.8709677419354838 2.0 1.4408602150537635 1.3978494623655915 1.4193548387096775 2.0
50 1.5274483519587012 1.978494623655914 1.3333333333333333 1.978494623655914 1.956989247311828 1.7419354838709677 2.0 0.8817204301075269 1.010752688172043 1.010752688172043 1.5913978494623655 1.8064516129032258 1.4408602150537635 1.2258064516129032 1.5698924731182795 1.8709677419354838 2.0 1.4408602150537635 1.3978494623655915 1.4193548387096775 2.0
51 151.07317998919552 2.967741935483871 2.0 2.967741935483871 2.935483870967742 2.6129032258064515 3.0 1.3225806451612903 1.5161290322580645 1.5161290322580645 2.3870967741935485 2.7096774193548385 2.161290322580645 1.8387096774193548 2.3548387096774195 2.806451612903226 3.0 2.161290322580645 2.096774193548387 2.129032258064516 3.0
52 228.02309163889188 2.967741935483871 2.0 2.967741935483871 2.935483870967742 2.6129032258064515 3.0 1.3225806451612903 1.5161290322580645 1.5161290322580645 2.3870967741935485 2.7096774193548385 2.161290322580645 1.8387096774193548 2.3548387096774195 2.806451612903226 3.0 2.161290322580645 2.096774193548387 2.129032258064516 3.0
53 6.299468150896712 2.967741935483871 2.0 2.967741935483871 2.935483870967742 2.6129032258064515 3.0 1.3225806451612903 1.5161290322580645 1.5161290322580645 2.3870967741935485 2.7096774193548385 2.161290322580645 1.8387096774193548 2.3548387096774195 2.806451612903226 3.0 2.161290322580645 2.096774193548387 2.129032258064516 3.0
54 73.27259786438756 1.978494623655914 1.3333333333333333 1.978494623655914 1.956989247311828 1.7419354838709677 2.0 0.8817204301075269 1.010752688172043 1.010752688172043 1.5913978494623655 1.8064516129032258 1.4408602150537635 1.2258064516129032 1.5698924731182795 1.8709677419354838 2.0 1.4408602150537635 1.3978494623655915 1.4193548387096775 2.0
55 5.644107385212575 2.967741935483871 2.0 2.967741935483871 2.935483870967742 2.6129032258064515 3.0 1.3225806451612903 1.5161290322580645 1.5161290322580645 2.3870967741935485 2.7096774193548385 2.161290322580645 1.8387096774193548 2.3548387096774195 2.806451612903226 3.0 2.161290322580645 2.096774193548387 2.129032258064516 3.0
56 53.77195468168753 1.978494623655914 1.3333333333333333 1.978494623655914 1.956989247311828 1.7419354838709677 2.0 0.8817204301075269 1.010752688172043 1.010752688172043 1.5913978494623655 1.8064516129032258 1.4408602150537635 1.2258064516129032 1.5698924731182795 1.8709677419354838 2.0 1.4408602150537635 1.3978494623655915 1.4193548387096775 2.0
57 47.3135715740643 1.978494623655914 1.3333333333333333 1.978494623655914 1.956989247311828 1.7419354838709677 2.0 0.8817204301075269 1.010752688172043 1.010752688172043 1.5913978494623655 1.8064516129032258 1.4408602150537635 1.2258064516129032 1.5698924731182795 1.8709677419354838 2.0 1.4408602150537635 1.3978494623655915 1.4193548387096775 2.0
58 75.06487341058829 2.967741935483871 2.0 2.967741935483871 2.935483870967742 2.6129032258064515 3.0 1.3225806451612903 1.5161290322580645 1.5161290322580645 2.3870967741935485 2.7096774193548385 2.161290322580645 1.8387096774193548 2.3548387096774195 2.806451612903226 3.0 2.161290322580645 2.096774193548387 2.129032258064516 3.0
59 18.686581948517453 2.967741935483871 2.0 2.967741935483871 2.935483870967742 2.6129032258064515 3.0 1.3225806451612903 1.5161290322580645 1.5161290322580645 2.3870967741935485 2.7096774193548385 2.161290322580645 1.8387096774193548 2.3548387096774195 2.806451612903226 3.0 2.161290322580645 2.096774193548387 2.129032258064516 3.0
60 15.868398268398268 1.978494623655914 1.3333333333333333 1.978494623655914 1.956989247311828 1.7419354838709677 2.0 0.8817204301075269 1.010752688172043 1.010752688172043 1.5913978494623655 1.8064516129032258 1.4408602150537635 1.2258064516129032 1.5698924731182795 1.8709677419354838 2.0 1.4408602150537635 1.3978494623655915 1.4193548387096775 2.0
61 30.47343978851855 1.978494623655914 1.3333333333333333 1.978494623655914 1.956989247311828 1.7419354838709677 2.0 0.8817204301075269 1.010752688172043 1.010752688172043 1.5913978494623655 1.8064516129032258 1.4408602150537635 1.2258064516129032 1.5698924731182795 1.8709677419354838 2.0 1.4408602150537635 1.3978494623655915 1.4193548387096775 2.0
62 34.4766774708031 2.967741935483871 2.0 2.967741935483871 2.935483870967742 2.6129032258064515 3.0 1.3225806451612903 1.5161290322580645 1.5161290322580645 2.3870967741935485 2.7096774193548385 2.161290322580645 1.8387096774193548 2.3548387096774195 2.806451612903226 3.0 2.161290322580645 2.096774193548387 2.129032258064516 3.0
63 17.568070841239717 1.978494623655914 1.3333333333333333 1.978494623655914 1.956989247311828 1.7419354838709677 2.0 0.8817204301075269 1.010752688172043 1.010752688172043 1.5913978494623655 1.8064516129032258 1.4408602150537635 1.2258064516129032 1.5698924731182795 1.8709677419354838 2.0 1.4408602150537635 1.3978494623655915 1.4193548387096775 2.0
64 64.76546830786644 2.967741935483871 2.0 2.967741935483871 2.935483870967742 2.6129032258064515 3.0 1.3225806451612903 1.5161290322580645 1.5161290322580645 2.3870967741935485 2.7096774193548385 2.161290322580645 1.8387096774193548 2.3548387096774195 2.806451612903226 3.0 2.161290322580645 2.096774193548387 2.129032258064516 3.0
65 36.12506253006252 2.967741935483871 2.0 2.967741935483871 2.935483870967742 2.6129032258064515 3.0 1.3225806451612903 1.5161290322580645 1.5161290322580645 2.3870967741935485 2.7096774193548385 2.161290322580645 1.8387096774193548 2.3548387096774195 2.806451612903226 3.0 2.161290322580645 2.096774193548387 2.129032258064516 3.0
66 9.690365456667553 2.967741935483871 2.0 2.967741935483871 2.935483870967742 2.6129032258064515 3.0 1.3225806451612903 1.5161290322580645 1.5161290322580645 2.3870967741935485 2.7096774193548385 2.161290322580645 1.8387096774193548 2.3548387096774195 2.806451612903226 3.0 2.161290322580645 2.096774193548387 2.129032258064516 3.0
67 136.8107972766715 2.967741935483871 2.0 2.967741935483871 2.935483870967742 2.6129032258064515 3.0 1.3225806451612903 1.5161290322580645 1.5161290322580645 2.3870967741935485 2.7096774193548385 2.161290322580645 1.8387096774193548 2.3548387096774195 2.806451612903226 3.0 2.161290322580645 2.096774193548387 2.129032258064516 3.0
68 62.0 1.978494623655914 1.3333333333333333 1.978494623655914 1.956989247311828 1.7419354838709677 2.0 0.8817204301075269 1.010752688172043 1.010752688172043 1.5913978494623655 1.8064516129032258 1.4408602150537635 1.2258064516129032 1.5698924731182795 1.8709677419354838 2.0 1.4408602150537635 1.3978494623655915 1.4193548387096775 2.0
69 218.23905442084725 1.978494623655914 1.3333333333333333 1.978494623655914 1.956989247311828 1.7419354838709677 2.0 0.8817204301075269 1.010752688172043 1.010752688172043 1.5913978494623655 1.8064516129032258 1.4408602150537635 1.2258064516129032 1.5698924731182795 1.8709677419354838 2.0 1.4408602150537635 1.3978494623655915 1.4193548387096775 2.0
70 95.2041866759851 2.967741935483871 2.0 2.967741935483871 2.935483870967742 2.6129032258064515 3.0 1.3225806451612903 1.5161290322580645 1.5161290322580645 2.3870967741935485 2.7096774193548385 2.161290322580645 1.8387096774193548 2.3548387096774195 2.806451612903226 3.0 2.161290322580645 2.096774193548387 2.129032258064516 3.0
71 134.7682578146999 2.967741935483871 2.0 2.967741935483871 2.935483870967742 2.6129032258064515 3.0 1.3225806451612903 1.5161290322580645 1.5161290322580645 2.3870967741935485 2.7096774193548385 2.161290322580645 1.8387096774193548 2.3548387096774195 2.806451612903226 3.0 2.161290322580645 2.096774193548387 2.129032258064516 3.0
72 168.46318394089116 2.967741935483871 2.0 2.967741935483871 2.935483870967742 2.6129032258064515 3.0 1.3225806451612903 1.5161290322580645 1.5161290322580645 2.3870967741935485 2.7096774193548385 2.161290322580645 1.8387096774193548 2.3548387096774195 2.806451612903226 3.0 2.161290322580645 2.096774193548387 2.129032258064516 3.0
73 31.06880758032313 2.967741935483871 2.0 2.967741935483871 2.935483870967742 2.6129032258064515 3.0 1.3225806451612903 1.5161290322580645 1.5161290322580645 2.3870967741935485 2.7096774193548385 2.161290322580645 1.8387096774193548 2.3548387096774195 2.806451612903226 3.0 2.161290322580645 2.096774193548387 2.129032258064516 3.0
74 0.5426728110599088 2.967741935483871 2.0 2.967741935483871 2.935483870967742 2.6129032258064515 3.0 1.3225806451612903 1.5161290322580645 1.5161290322580645 2.3870967741935485 2.7096774193548385 2.161290322580645 1.8387096774193548 2.3548387096774195 2.806451612903226 3.0 2.161290322580645 2.096774193548387 2.129032258064516 3.0
75 108.509492116112 1.978494623655914 1.3333333333333333 1.978494623655914 1.956989247311828 1.7419354838709677 2.0 0.8817204301075269 1.010752688172043 1.010752688172043 1.5913978494623655 1.8064516129032258 1.4408602150537635 1.2258064516129032 1.5698924731182795 1.8709677419354838 2.0 1.4408602150537635 1.3978494623655915 1.4193548387096775 2.0
76 39.252718731114385 1.978494623655914 1.3333333333333333 1.978494623655914 1.956989247311828 1.7419354838709677 2.0 0.8817204301075269 1.010752688172043 1.010752688172043 1.5913978494623655 1.8064516129032258 1.4408602150537635 1.2258064516129032 1.5698924731182795 1.8709677419354838 2.0 1.4408602150537635 1.3978494623655915 1.4193548387096775 2.0
77 51.91910023008734 2.967741935483871 2.0 2.967741935483871 2.935483870967742 2.6129032258064515 3.0 1.3225806451612903 1.5161290322580645 1.5161290322580645 2.3870967741935485 2.7096774193548385 2.161290322580645 1.8387096774193548 2.3548387096774195 2.806451612903226 3.0 2.161290322580645 2.096774193548387 2.129032258064516 3.0
78 13.325590947710765 1.978494623655914 1.3333333333333333 1.978494623655914 1.956989247311828 1.7419354838709677 2.0 0.8817204301075269 1.010752688172043 1.010752688172043 1.5913978494623655 1.8064516129032258 1.4408602150537635 1.2258064516129032 1.5698924731182795 1.8709677419354838 2.0 1.4408602150537635 1.3978494623655915 1.4193548387096775 2.0
79 260.3755743757263 1.978494623655914 1.3333333333333333 1.978494623655914 1.956989247311828 1.7419354838709677 2.0 0.8817204301075269 1.010752688172043 1.010752688172043 1.5913978494623655 1.8064516129032258 1.4408602150537635 1.2258064516129032 1.5698924731182795 1.8709677419354838 2.0 1.4408602150537635 1.3978494623655915 1.4193548387096775 2.0
80 94.91221151608244 1.978494623655914 1.3333333333333333 1.978494623655914 1.956989247311828 1.7419354838709677 2.0 0.8817204301075269 1.010752688172043 1.010752688172043 1.5913978494623655 1.8064516129032258 1.4408602150537635 1.2258064516129032 1.5698924731182795 1.8709677419354838 2.0 1.4408602150537635 1.3978494623655915 1.4193548387096775 2.0
81 23.583243160921974 2.967741935483871 2.0 2.967741935483871 2.935483870967742 2.6129032258064515 3.0 1.3225806451612903 1.5161290322580645 1.5161290322580645 2.3870967741935485 2.7096774193548385 2.161290322580645 1.8387096774193548 2.3548387096774195 2.806451612903226 3.0 2.161290322580645 2.096774193548387 2.129032258064516 3.0
82 220.09794564420739 2.967741935483871 2.0 2.967741935483871 2.935483870967742 2.6129032258064515 3.0 1.3225806451612903 1.5161290322580645 1.5161290322580645 2.3870967741935485 2.7096774193548385 2.161290322580645 1.8387096774193548 2.3548387096774195 2.806451612903226 3.0 2.161290322580645 2.096774193548387 2.129032258064516 3.0
83 45.95660749182158 2.967741935483871 2.0 2.967741935483871 2.935483870967742 2.6129032258064515 3.0 1.3225806451612903 1.5161290322580645 1.5161290322580645 2.3870967741935485 2.7096774193548385 2.161290322580645 1.8387096774193548 2.3548387096774195 2.806451612903226 3.0 2.161290322580645 2.096774193548387 2.129032258064516 3.0
84 30.0052043709813 1.978494623655914 1.3333333333333333 1.978494623655914 1.956989247311828 1.7419354838709677 2.0 0.8817204301075269 1.010752688172043 1.010752688172043 1.5913978494623655 1.8064516129032258 1.4408602150537635 1.2258064516129032 1.5698924731182795 1.8709677419354838 2.0 1.4408602150537635 1.3978494623655915 1.4193548387096775 2.0
85 48.79398305637015 2.967741935483871 2.0 2.967741935483871 2.935483870967742 2.6129032258064515 3.0 1.3225806451612903 1.5161290322580645 1.5161290322580645 2.3870967741935485 2.7096774193548385 2.161290322580645 1.8387096774193548 2.3548387096774195 2.806451612903226 3.0 2.161290322580645 2.096774193548387 2.129032258064516 3.0
86 265.57263846787816 2.967741935483871 2.0 2.967741935483871 2.935483870967742 2.6129032258064515 3.0 1.3225806451612903 1.5161290322580645 1.5161290322580645 2.3870967741935485 2.7096774193548385 2.161290322580645 1.8387096774193548 2.3548387096774195 2.806451612903226 3.0 2.161290322580645 2.096774193548387 2.129032258064516 3.0
87 30.336039330688294 2.967741935483871 2.0 2.967741935483871 2.935483870967742 2.6129032258064515 3.0 1.3225806451612903 1.5161290322580645 1.5161290322580645 2.3870967741935485 2.7096774193548385 2.161290322580645 1.8387096774193548 2.3548387096774195 2.806451612903226 3.0 2.161290322580645 2.096774193548387 2.129032258064516 3.0
88 34.0 2.967741935483871 2.0 2.967741935483871 2.935483870967742 2.6129032258064515 3.0 1.3225806451612903 1.5161290322580645 1.5161290322580645 2.3870967741935485 2.7096774193548385 2.161290322580645 1.8387096774193548 2.3548387096774195 2.806451612903226 3.0 2.161290322580645 2.096774193548387 2.129032258064516 3.0
89 55.714919206086094 1.978494623655914 1.3333333333333333 1.978494623655914 1.956989247311828 1.7419354838709677 2.0 0.8817204301075269 1.010752688172043 1.010752688172043 1.5913978494623655 1.8064516129032258 1.4408602150537635 1.2258064516129032 1.5698924731182795 1.8709677419354838 2.0 1.4408602150537635 1.3978494623655915 1.4193548387096775 2.0
90 57.43126331139365 2.967741935483871 2.0 2.967741935483871 2.935483870967742 2.6129032258064515 3.0 1.3225806451612903 1.5161290322580645 1.5161290322580645 2.3870967741935485 2.7096774193548385 2.161290322580645 1.8387096774193548 2.3548387096774195 2.806451612903226 3.0 2.161290322580645 2.096774193548387 2.129032258064516 3.0
91 72.8755650397989 1.978494623655914 1.3333333333333333 1.978494623655914 1.956989247311828 1.7419354838709677 2.0 0.8817204301075269 1.010752688172043 1.010752688172043 1.5913978494623655 1.8064516129032258 1.4408602150537635 1.2258064516129032 1.5698924731182795 1.8709677419354838 2.0 1.4408602150537635 1.3978494623655915 1.4193548387096775 2.0
92 72.35299863828962 2.967741935483871 2.0 2.967741935483871 2.935483870967742 2.6129032258064515 3.0 1.3225806451612903 1.5161290322580645 1.5161290322580645 2.3870967741935485 2.7096774193548385 2.161290322580645 1.8387096774193548 2.3548387096774195 2.806451612903226 3.0 2.161290322580645 2.096774193548387 2.129032258064516 3.0
93 56.0 1.978494623655914 1.3333333333333333 1.978494623655914 1.956989247311828 1.7419354838709677 2.0 0.8817204301075269 1.010752688172043 1.010752688172043 1.5913978494623655 1.8064516129032258 1.4408602150537635 1.2258064516129032 1.5698924731182795 1.8709677419354838 2.0 1.4408602150537635 1.3978494623655915 1.4193548387096775 2.0
94 159.2793557696783 1.978494623655914 1.3333333333333333 1.978494623655914 1.956989247311828 1.7419354838709677 2.0 0.8817204301075269 1.010752688172043 1.010752688172043 1.5913978494623655 1.8064516129032258 1.4408602150537635 1.2258064516129032 1.5698924731182795 1.8709677419354838 2.0 1.4408602150537635 1.3978494623655915 1.4193548387096775 2.0
95 74.82964414617638 1.978494623655914 1.3333333333333333 1.978494623655914 1.956989247311828 1.7419354838709677 2.0 0.8817204301075269 1.010752688172043 1.010752688172043 1.5913978494623655 1.8064516129032258 1.4408602150537635 1.2258064516129032 1.5698924731182795 1.8709677419354838 2.0 1.4408602150537635 1.3978494623655915 1.4193548387096775 2.0
96 22.865593720680565 2.967741935483871 2.0 2.967741935483871 2.935483870967742 2.6129032258064515 3.0 1.3225806451612903 1.5161290322580645 1.5161290322580645 2.3870967741935485 2.7096774193548385 2.161290322580645 1.8387096774193548 2.3548387096774195 2.806451612903226 3.0 2.161290322580645 2.096774193548387 2.129032258064516 3.0
97 224.11842520743133 1.978494623655914 1.3333333333333333 1.978494623655914 1.956989247311828 1.7419354838709677 2.0 0.8817204301075269 1.010752688172043 1.010752688172043 1.5913978494623655 1.8064516129032258 1.4408602150537635 1.2258064516129032 1.5698924731182795 1.8709677419354838 2.0 1.4408602150537635 1.3978494623655915 1.4193548387096775 2.0
98 43.941502217294904 2.967741935483871 2.0 2.967741935483871 2.935483870967742 2.6129032258064515 3.0 1.3225806451612903 1.5161290322580645 1.5161290322580645 2.3870967741935485 2.7096774193548385 2.161290322580645 1.8387096774193548 2.3548387096774195 2.806451612903226 3.0 2.161290322580645 2.096774193548387 2.129032258064516 3.0
99 175.1880757757011 1.978494623655914 1.3333333333333333 1.978494623655914 1.956989247311828 1.7419354838709677 2.0 0.8817204301075269 1.010752688172043 1.010752688172043 1.5913978494623655 1.8064516129032258 1.4408602150537635 1.2258064516129032 1.5698924731182795 1.8709677419354838 2.0 1.4408602150537635 1.3978494623655915 1.4193548387096775 2.0
