40 40
TREE NETWORK (nID nID Weight):
32 0 45
10 0 37
34 0 58
22 34 44
24 22 49
23 24 39
39 34 31
35 39 40
28 34 33
14 34 31
29 24 31
12 14 47
18 39 59
27 22 48
5 27 33
31 29 56
2 5 33
15 34 34
25 22 47
8 29 53
20 28 30
19 10 43
26 22 31
30 0 30
17 19 43
21 2 57
38 15 51
3 32 57
16 14 43
11 28 57
1 15 46
4 39 35
36 34 37
37 30 50
9 25 52
7 24 38
33 8 52
13 35 52
6 30 48
PROGRAMS ASSIGNED TO NODES (nID pID1 pID2 ...):
0 1 2 3 4 5 6 7 8 9 10 11 12 13 14 15 16 17 18 19 20 21 22 23 24 25 26 27 28 29 30 31 32 33 34 35 36 37 38 39 40
1 32 2 18 19 40 8 9 12
2 1 2 3 4 5 6 7 8 9 10 11 12 13 14 15 16 17 19 21 22 23 24 25 27 28 29 30 31 32 33 34 35 38 39 40
3 1 3 4 5 6 7 8 9 11 12 13 14 17 18 20 21 22 24 25 26 27 28 29 32 33 35 36 37 39 40
4 17 24 15
5 2 34 3 38 39 8 40 17 20 27 28 30 31
7 1 2 34 35 4 36 5 38 39 7 40 10 12 17 18 20 21 22 25 26 27 28 29 30
8 1 3 4 9 11 13 15 17 18 19 21 22 23 24 25 26 28 29 30 32 33 34 35 36 38 39 40
9 1 3 4 5 6 7 9 10 11 12 15 16 17 18 20 23 25 27 28 29 30 31 32 34 35 39
10 1 3 4 5 6 7 8 9 10 11 13 14 16 17 18 19 20 21 22 23 24 25 26 27 28 29 30 31 33 34 35 36 37 38 39 40
11 17 2 35 37 6 29 13
12 2 3 4 5 6 7 8 9 10 11 12 13 14 15 16 17 18 19 20 21 22 23 24 25 26 27 28 29 30 31 32 33 35 36 37 38 39 40
13 35 9 11 12 13 14 15 16 22 23 28 29 30
14 1 3 4 5 6 7 8 9 10 11 12 13 14 16 17 18 19 21 22 23 24 25 26 27 28 29 30 31 32 33 34 35 37 38 39 40
15 32 16 3 21 7 26 29
16 1 2 3 4 5 6 7 8 9 10 11 12 13 15 17 18 19 20 23 24 26 27 28 29 30 31 32 33 34 35 36 39 40
17 32 34 12 13 14 18 21 24 25 26 28 29 30 31
18 2 3 4 5 6 9 12 13 14 15 16 19 20 21 22 24 25 26 27 28 29 30 32 33 34 35 38 39 40
19 33 18 4 20 37 22 23 9 26 12 13 31
20 1 2 3 5 6 7 9 11 13 16 17 18 19 20 22 23 25 27 30 32 33 34 37 38 39 40
21 33 37 6 7 8 40 9 11 12 13 14 17 19 23 24 25 26 28 29 30
22 33 37 22 9 26 30 31
23 1 3 7 9 10 11 14 15 18 19 20 21 22 23 24 26 28 29 30 32 33 34 36 37 39 40
24 32 33 34 35 4 40 9 12 14 18 28 29 30 31
25 1 34 35 3 38 6 7 8 40 11 13 14 15 16 18 20 25 26 29 31
26 32 33 2 34 35 3 4 38 6 8 13 18 19 20 26 29 30 31
27 16 33 19 36 39 8 28 30
28 32 33 34 2 35 4 5 38 39 7 40 11 17 18 19 20 21 22 23 31
29 1 2 3 4 5 6 8 9 10 11 12 14 15 16 17 18 19 20 21 23 24 25 26 27 29 30 31 32 33 34 35 36 37 38 39 40
30 1 2 3 4 5 6 7 8 9 10 11 12 13 15 16 17 18 19 20 21 23 24 25 26 27 28 29 30 31 32 33 34 35 36 37 38 40
31 32 1 33 3 4 36 5 38 40 9 10 11 12 13 16 18 24 25 26 27
32 33 1 35 3 6 38 7 39 10 13 16 18 21 22 24
33 16 20 5 38 39 7 8 26 27 28 30 15
34 3 4 37 38 6 8 12 13 15 21 24 25 27 29 30 31
36 1 2 3 4 5 6 7 8 9 10 11 12 14 15 17 18 19 20 21 22 23 24 25 26 27 28 29 30 32 33 34 35 36 37 38 39 40
38 33 34 3 4 5 39 40 8 10 13 18 21 22 23 25 26 28
39 32 5
SIZE OF PROGRAMS (pID SIZE):
1 97.0
2 63.0
3 86.0
4 71.0
5 56.0
6 50.0
7 89.0
8 57.0
9 63.0
10 55.0
11 48.0
12 82.0
13 72.0
14 53.0
15 45.0
16 47.0
17 81.0
18 49.0
19 75.0
20 56.0
21 97.0
22 85.0
23 56.0
24 91.0
25 64.0
26 50.0
27 53.0
28 78.0
29 55.0
30 70.0
31 51.0
32 61.0
33 96.0
34 45.0
35 80.0
36 76.0
37 69.0
38 65.0
39 89.0
40 64.0
COST TO INSTALL SERVERS AND PROGRAMS ON NODES (COST_TO_INSTALL_SERVER COST_TO_INSTALL_pID1 ...):
0 9319.58762886598 3.0 1.9484536082474226 2.6597938144329896 2.195876288659794 1.731958762886598 1.5463917525773196 2.752577319587629 1.7628865979381443 1.9484536082474226 1.7010309278350515 1.4845360824742269 2.536082474226804 2.2268041237113403 1.6391752577319587 1.3917525773195876 1.4536082474226804 2.5051546391752577 1.5154639175257731 2.3195876288659796 1.731958762886598 3.0 2.6288659793814433 1.731958762886598 2.814432989690722 1.9793814432989691 1.5463917525773196 1.6391752577319587 2.4123711340206184 1.7010309278350515 2.1649484536082473 1.577319587628866 1.8865979381443299 2.9690721649484537 1.3917525773195876 2.4742268041237114 2.350515463917526 2.134020618556701 2.0103092783505154 2.752577319587629 1.9793814432989691
1 7.639548287307732 2.0 1.2989690721649485 1.7731958762886597 1.4639175257731958 1.1546391752577319 1.0309278350515463 1.8350515463917525 1.175257731958763 1.2989690721649485 1.134020618556701 0.9896907216494846 1.690721649484536 1.4845360824742269 1.092783505154639 0.9278350515463918 0.9690721649484536 1.6701030927835052 1.0103092783505154 1.5463917525773196 1.1546391752577319 2.0 1.7525773195876289 1.1546391752577319 1.8762886597938144 1.3195876288659794 1.0309278350515463 1.092783505154639 1.6082474226804124 1.134020618556701 1.443298969072165 1.0515463917525774 1.2577319587628866 1.9793814432989691 0.9278350515463918 1.6494845360824741 1.5670103092783505 1.422680412371134 1.3402061855670102 1.8350515463917525 1.3195876288659794
2 157.05230407381774 2.0 1.2989690721649485 1.7731958762886597 1.4639175257731958 1.1546391752577319 1.0309278350515463 1.8350515463917525 1.175257731958763 1.2989690721649485 1.134020618556701 0.9896907216494846 1.690721649484536 1.4845360824742269 1.092783505154639 0.9278350515463918 0.9690721649484536 1.6701030927835052 1.0103092783505154 1.5463917525773196 1.1546391752577319 2.0 1.7525773195876289 1.1546391752577319 1.8762886597938144 1.3195876288659794 1.0309278350515463 1.092783505154639 1.6082474226804124 1.134020618556701 1.443298969072165 1.0515463917525774 1.2577319587628866 1.9793814432989691 0.9278350515463918 1.6494845360824741 1.5670103092783505 1.422680412371134 1.3402061855670102 1.8350515463917525 1.3195876288659794
3 13.343724992561208 2.0 1.2989690721649485 1.7731958762886597 1.4639175257731958 1.1546391752577319 1.0309278350515463 1.8350515463917525 1.175257731958763 1.2989690721649485 1.134020618556701 0.9896907216494846 1.690721649484536 1.4845360824742269 1.092783505154639 0.9278350515463918 0.9690721649484536 1.6701030927835052 1.0103092783505154 1.5463917525773196 1.1546391752577319 2.0 1.7525773195876289 1.1546391752577319 1.8762886597938144 1.3195876288659794 1.0309278350515463 1.092783505154639 1.6082474226804124 1.134020618556701 1.443298969072165 1.0515463917525774 1.2577319587628866 1.9793814432989691 0.9278350515463918 1.6494845360824741 1.5670103092783505 1.422680412371134 1.3402061855670102 1.8350515463917525 1.3195876288659794
4 5.610218627799501 2.0 1.2989690721649485 1.7731958762886597 1.4639175257731958 1.1546391752577319 1.0309278350515463 1.8350515463917525 1.175257731958763 1.2989690721649485 1.134020618556701 0.9896907216494846 1.690721649484536 1.4845360824742269 1.092783505154639 0.9278350515463918 0.9690721649484536 1.6701030927835052 1.0103092783505154 1.5463917525773196 1.1546391752577319 2.0 1.7525773195876289 1.1546391752577319 1.8762886597938144 1.3195876288659794 1.0309278350515463 1.092783505154639 1.6082474226804124 1.134020618556701 1.443298969072165 1.0515463917525774 1.2577319587628866 1.9793814432989691 0.9278350515463918 1.6494845360824741 1.5670103092783505 1.422680412371134 1.3402061855670102 1.8350515463917525 1.3195876288659794
5 137.73167940307124 3.0 1.9484536082474226 2.6597938144329896 2.195876288659794 1.731958762886598 1.5463917525773196 2.752577319587629 1.7628865979381443 1.9484536082474226 1.7010309278350515 1.4845360824742269 2.536082474226804 2.2268041237113403 1.6391752577319587 1.3917525773195876 1.4536082474226804 2.5051546391752577 1.5154639175257731 2.3195876288659796 1.731958762886598 3.0 2.6288659793814433 1.731958762886598 2.814432989690722 1.9793814432989691 1.5463917525773196 1.6391752577319587 2.4123711340206184 1.7010309278350515 2.1649484536082473 1.577319587628866 1.8865979381443299 2.9690721649484537 1.3917525773195876 2.4742268041237114 2.350515463917526 2.134020618556701 2.0103092783505154 2.752577319587629 1.9793814432989691
6 73.0 3.0 1.9484536082474226 2.6597938144329896 2.195876288659794 1.731958762886598 1.5463917525773196 2.752577319587629 1.7628865979381443 1.9484536082474226 1.7010309278350515 1.4845360824742269 2.536082474226804 2.2268041237113403 1.6391752577319587 1.3917525773195876 1.4536082474226804 2.5051546391752577 1.5154639175257731 2.3195876288659796 1.731958762886598 3.0 2.6288659793814433 1.731958762886598 2.814432989690722 1.9793814432989691 1.5463917525773196 1.6391752577319587 2.4123711340206184 1.7010309278350515 2.1649484536082473 1.577319587628866 1.8865979381443299 2.9690721649484537 1.3917525773195876 2.4742268041237114 2.350515463917526 2.134020618556701 2.0103092783505154 2.752577319587629 1.9793814432989691
7 63.326472499779776 3.0 1.9484536082474226 2.6597938144329896 2.195876288659794 1.731958762886598 1.5463917525773196 2.752577319587629 1.7628865979381443 1.9484536082474226 1.7010309278350515 1.4845360824742269 2.536082474226804 2.2268041237113403 1.6391752577319587 1.3917525773195876 1.4536082474226804 2.5051546391752577 1.5154639175257731 2.3195876288659796 1.731958762886598 3.0 2.6288659793814433 1.731958762886598 2.814432989690722 1.9793814432989691 1.5463917525773196 1.6391752577319587 2.4123711340206184 1.7010309278350515 2.1649484536082473 1.577319587628866 1.8865979381443299 2.9690721649484537 1.3917525773195876 2.4742268041237114 2.350515463917526 2.134020618556701 2.0103092783505154 2.752577319587629 1.9793814432989691
8 89.68564480383512 2.0 1.2989690721649485 1.7731958762886597 1.4639175257731958 1.1546391752577319 1.0309278350515463 1.8350515463917525 1.175257731958763 1.2989690721649485 1.134020618556701 0.9896907216494846 1.690721649484536 1.4845360824742269 1.092783505154639 0.9278350515463918 0.9690721649484536 1.6701030927835052 1.0103092783505154 1.5463917525773196 1.1546391752577319 2.0 1.7525773195876289 1.1546391752577319 1.8762886597938144 1.3195876288659794 1.0309278350515463 1.092783505154639 1.6082474226804124 1.134020618556701 1.443298969072165 1.0515463917525774 1.2577319587628866 1.9793814432989691 0.9278350515463918 1.6494845360824741 1.5670103092783505 1.422680412371134 1.3402061855670102 1.8350515463917525 1.3195876288659794
9 60.97213923962526 2.0 1.2989690721649485 1.7731958762886597 1.4639175257731958 1.1546391752577319 1.0309278350515463 1.8350515463917525 1.175257731958763 1.2989690721649485 1.134020618556701 0.9896907216494846 1.690721649484536 1.4845360824742269 1.092783505154639 0.9278350515463918 0.9690721649484536 1.6701030927835052 1.0103092783505154 1.5463917525773196 1.1546391752577319 2.0 1.7525773195876289 1.1546391752577319 1.8762886597938144 1.3195876288659794 1.0309278350515463 1.092783505154639 1.6082474226804124 1.134020618556701 1.443298969072165 1.0515463917525774 1.2577319587628866 1.9793814432989691 0.9278350515463918 1.6494845360824741 1.5670103092783505 1.422680412371134 1.3402061855670102 1.8350515463917525 1.3195876288659794
10 7.43032199527045 3.0 1.9484536082474226 2.6597938144329896 2.195876288659794 1.731958762886598 1.5463917525773196 2.752577319587629 1.7628865979381443 1.9484536082474226 1.7010309278350515 1.4845360824742269 2.536082474226804 2.2268041237113403 1.6391752577319587 1.3917525773195876 1.4536082474226804 2.5051546391752577 1.5154639175257731 2.3195876288659796 1.731958762886598 3.0 2.6288659793814433 1.731958762886598 2.814432989690722 1.9793814432989691 1.5463917525773196 1.6391752577319587 2.4123711340206184 1.7010309278350515 2.1649484536082473 1.577319587628866 1.8865979381443299 2.9690721649484537 1.3917525773195876 2.4742268041237114 2.350515463917526 2.134020618556701 2.0103092783505154 2.752577319587629 1.9793814432989691
11 14.63053543272265 2.0 1.2989690721649485 1.7731958762886597 1.4639175257731958 1.1546391752577319 1.0309278350515463 1.8350515463917525 1.175257731958763 1.2989690721649485 1.134020618556701 0.9896907216494846 1.690721649484536 1.4845360824742269 1.092783505154639 0.9278350515463918 0.9690721649484536 1.6701030927835052 1.0103092783505154 1.5463917525773196 1.1546391752577319 2.0 1.7525773195876289 1.1546391752577319 1.8762886597938144 1.3195876288659794 1.0309278350515463 1.092783505154639 1.6082474226804124 1.134020618556701 1.443298969072165 1.0515463917525774 1.2577319587628866 1.9793814432989691 0.9278350515463918 1.6494845360824741 1.5670103092783505 1.422680412371134 1.3402061855670102 1.8350515463917525 1.3195876288659794
12 119.23645411053991 3.0 1.9484536082474226 2.6597938144329896 2.195876288659794 1.731958762886598 1.5463917525773196 2.752577319587629 1.7628865979381443 1.9484536082474226 1.7010309278350515 1.4845360824742269 2.536082474226804 2.2268041237113403 1.6391752577319587 1.3917525773195876 1.4536082474226804 2.5051546391752577 1.5154639175257731 2.3195876288659796 1.731958762886598 3.0 2.6288659793814433 1.731958762886598 2.814432989690722 1.9793814432989691 1.5463917525773196 1.6391752577319587 2.4123711340206184 1.7010309278350515 2.1649484536082473 1.577319587628866 1.8865979381443299 2.9690721649484537 1.3917525773195876 2.4742268041237114 2.350515463917526 2.134020618556701 2.0103092783505154 2.752577319587629 1.9793814432989691
13 42.682584980756666 2.0 1.2989690721649485 1.7731958762886597 1.4639175257731958 1.1546391752577319 1.0309278350515463 1.8350515463917525 1.175257731958763 1.2989690721649485 1.134020618556701 0.9896907216494846 1.690721649484536 1.4845360824742269 1.092783505154639 0.9278350515463918 0.9690721649484536 1.6701030927835052 1.0103092783505154 1.5463917525773196 1.1546391752577319 2.0 1.7525773195876289 1.1546391752577319 1.8762886597938144 1.3195876288659794 1.0309278350515463 1.092783505154639 1.6082474226804124 1.134020618556701 1.443298969072165 1.0515463917525774 1.2577319587628866 1.9793814432989691 0.9278350515463918 1.6494845360824741 1.5670103092783505 1.422680412371134 1.3402061855670102 1.8350515463917525 1.3195876288659794
14 66.69935219838877 2.0 1.2989690721649485 1.7731958762886597 1.4639175257731958 1.1546391752577319 1.0309278350515463 1.8350515463917525 1.175257731958763 1.2989690721649485 1.134020618556701 0.9896907216494846 1.690721649484536 1.4845360824742269 1.092783505154639 0.9278350515463918 0.9690721649484536 1.6701030927835052 1.0103092783505154 1.5463917525773196 1.1546391752577319 2.0 1.7525773195876289 1.1546391752577319 1.8762886597938144 1.3195876288659794 1.0309278350515463 1.092783505154639 1.6082474226804124 1.134020618556701 1.443298969072165 1.0515463917525774 1.2577319587628866 1.9793814432989691 0.9278350515463918 1.6494845360824741 1.5670103092783505 1.422680412371134 1.3402061855670102 1.8350515463917525 1.3195876288659794
15 25.986677883710577 3.0 1.9484536082474226 2.6597938144329896 2.195876288659794 1.731958762886598 1.5463917525773196 2.752577319587629 1.7628865979381443 1.9484536082474226 1.7010309278350515 1.4845360824742269 2.536082474226804 2.2268041237113403 1.6391752577319587 1.3917525773195876 1.4536082474226804 2.5051546391752577 1.5154639175257731 2.3195876288659796 1.731958762886598 3.0 2.6288659793814433 1.731958762886598 2.814432989690722 1.9793814432989691 1.5463917525773196 1.6391752577319587 2.4123711340206184 1.7010309278350515 2.1649484536082473 1.577319587628866 1.8865979381443299 2.9690721649484537 1.3917525773195876 2.4742268041237114 2.350515463917526 2.134020618556701 2.0103092783505154 2.752577319587629 1.9793814432989691
16 61.9882404835123 3.0 1.9484536082474226 2.6597938144329896 2.195876288659794 1.731958762886598 1.5463917525773196 2.752577319587629 1.7628865979381443 1.9484536082474226 1.7010309278350515 1.4845360824742269 2.536082474226804 2.2268041237113403 1.6391752577319587 1.3917525773195876 1.4536082474226804 2.5051546391752577 1.5154639175257731 2.3195876288659796 1.731958762886598 3.0 2.6288659793814433 1.731958762886598 2.814432989690722 1.9793814432989691 1.5463917525773196 1.6391752577319587 2.4123711340206184 1.7010309278350515 2.1649484536082473 1.577319587628866 1.8865979381443299 2.9690721649484537 1.3917525773195876 2.4742268041237114 2.350515463917526 2.134020618556701 2.0103092783505154 2.752577319587629 1.9793814432989691
17 13.038910884031955 3.0 1.9484536082474226 2.6597938144329896 2.195876288659794 1.731958762886598 1.5463917525773196 2.752577319587629 1.7628865979381443 1.9484536082474226 1.7010309278350515 1.4845360824742269 2.536082474226804 2.2268041237113403 1.6391752577319587 1.3917525773195876 1.4536082474226804 2.5051546391752577 1.5154639175257731 2.3195876288659796 1.731958762886598 3.0 2.6288659793814433 1.731958762886598 2.814432989690722 1.9793814432989691 1.5463917525773196 1.6391752577319587 2.4123711340206184 1.7010309278350515 2.1649484536082473 1.577319587628866 1.8865979381443299 2.9690721649484537 1.3917525773195876 2.4742268041237114 2.350515463917526 2.134020618556701 2.0103092783505154 2.752577319587629 1.9793814432989691
18 71.93483026260367 2.0 1.2989690721649485 1.7731958762886597 1.4639175257731958 1.1546391752577319 1.0309278350515463 1.8350515463917525 1.175257731958763 1.2989690721649485 1.134020618556701 0.9896907216494846 1.690721649484536 1.4845360824742269 1.092783505154639 0.9278350515463918 0.9690721649484536 1.6701030927835052 1.0103092783505154 1.5463917525773196 1.1546391752577319 2.0 1.7525773195876289 1.1546391752577319 1.8762886597938144 1.3195876288659794 1.0309278350515463 1.092783505154639 1.6082474226804124 1.134020618556701 1.443298969072165 1.0515463917525774 1.2577319587628866 1.9793814432989691 0.9278350515463918 1.6494845360824741 1.5670103092783505 1.422680412371134 1.3402061855670102 1.8350515463917525 1.3195876288659794
19 38.89473084601351 2.0 1.2989690721649485 1.7731958762886597 1.4639175257731958 1.1546391752577319 1.0309278350515463 1.8350515463917525 1.175257731958763 1.2989690721649485 1.134020618556701 0.9896907216494846 1.690721649484536 1.4845360824742269 1.092783505154639 0.9278350515463918 0.9690721649484536 1.6701030927835052 1.0103092783505154 1.5463917525773196 1.1546391752577319 2.0 1.7525773195876289 1.1546391752577319 1.8762886597938144 1.3195876288659794 1.0309278350515463 1.092783505154639 1.6082474226804124 1.134020618556701 1.443298969072165 1.0515463917525774 1.2577319587628866 1.9793814432989691 0.9278350515463918 1.6494845360824741 1.5670103092783505 1.422680412371134 1.3402061855670102 1.8350515463917525 1.3195876288659794
20 99.14778686258246 2.0 1.2989690721649485 1.7731958762886597 1.4639175257731958 1.1546391752577319 1.0309278350515463 1.8350515463917525 1.175257731958763 1.2989690721649485 1.134020618556701 0.9896907216494846 1.690721649484536 1.4845360824742269 1.092783505154639 0.9278350515463918 0.9690721649484536 1.6701030927835052 1.0103092783505154 1.5463917525773196 1.1546391752577319 2.0 1.7525773195876289 1.1546391752577319 1.8762886597938144 1.3195876288659794 1.0309278350515463 1.092783505154639 1.6082474226804124 1.134020618556701 1.443298969072165 1.0515463917525774 1.2577319587628866 1.9793814432989691 0.9278350515463918 1.6494845360824741 1.5670103092783505 1.422680412371134 1.3402061855670102 1.8350515463917525 1.3195876288659794
21 170.50483198976823 2.0 1.2989690721649485 1.7731958762886597 1.4639175257731958 1.1546391752577319 1.0309278350515463 1.8350515463917525 1.175257731958763 1.2989690721649485 1.134020618556701 0.9896907216494846 1.690721649484536 1.4845360824742269 1.092783505154639 0.9278350515463918 0.9690721649484536 1.6701030927835052 1.0103092783505154 1.5463917525773196 1.1546391752577319 2.0 1.7525773195876289 1.1546391752577319 1.8762886597938144 1.3195876288659794 1.0309278350515463 1.092783505154639 1.6082474226804124 1.134020618556701 1.443298969072165 1.0515463917525774 1.2577319587628866 1.9793814432989691 0.9278350515463918 1.6494845360824741 1.5670103092783505 1.422680412371134 1.3402061855670102 1.8350515463917525 1.3195876288659794
22 13.761446499188498 3.0 1.9484536082474226 2.6597938144329896 2.195876288659794 1.731958762886598 1.5463917525773196 2.752577319587629 1.7628865979381443 1.9484536082474226 1.7010309278350515 1.4845360824742269 2.536082474226804 2.2268041237113403 1.6391752577319587 1.3917525773195876 1.4536082474226804 2.5051546391752577 1.5154639175257731 2.3195876288659796 1.731958762886598 3.0 2.6288659793814433 1.731958762886598 2.814432989690722 1.9793814432989691 1.5463917525773196 1.6391752577319587 2.4123711340206184 1.7010309278350515 2.1649484536082473 1.577319587628866 1.8865979381443299 2.9690721649484537 1.3917525773195876 2.4742268041237114 2.350515463917526 2.134020618556701 2.0103092783505154 2.752577319587629 1.9793814432989691
23 27.147538755540698 3.0 1.9484536082474226 2.6597938144329896 2.195876288659794 1.731958762886598 1.5463917525773196 2.752577319587629 1.7628865979381443 1.9484536082474226 1.7010309278350515 1.4845360824742269 2.536082474226804 2.2268041237113403 1.6391752577319587 1.3917525773195876 1.4536082474226804 2.5051546391752577 1.5154639175257731 2.3195876288659796 1.731958762886598 3.0 2.6288659793814433 1.731958762886598 2.814432989690722 1.9793814432989691 1.5463917525773196 1.6391752577319587 2.4123711340206184 1.7010309278350515 2.1649484536082473 1.577319587628866 1.8865979381443299 2.9690721649484537 1.3917525773195876 2.4742268041237114 2.350515463917526 2.134020618556701 2.0103092783505154 2.752577319587629 1.9793814432989691
24 31.300674668159 3.0 1.9484536082474226 2.6597938144329896 2.195876288659794 1.731958762886598 1.5463917525773196 2.752577319587629 1.7628865979381443 1.9484536082474226 1.7010309278350515 1.4845360824742269 2.536082474226804 2.2268041237113403 1.6391752577319587 1.3917525773195876 1.4536082474226804 2.5051546391752577 1.5154639175257731 2.3195876288659796 1.731958762886598 3.0 2.6288659793814433 1.731958762886598 2.814432989690722 1.9793814432989691 1.5463917525773196 1.6391752577319587 2.4123711340206184 1.7010309278350515 2.1649484536082473 1.577319587628866 1.8865979381443299 2.9690721649484537 1.3917525773195876 2.4742268041237114 2.350515463917526 2.134020618556701 2.0103092783505154 2.752577319587629 1.9793814432989691
25 26.59546309364862 2.0 1.2989690721649485 1.7731958762886597 1.4639175257731958 1.1546391752577319 1.0309278350515463 1.8350515463917525 1.175257731958763 1.2989690721649485 1.134020618556701 0.9896907216494846 1.690721649484536 1.4845360824742269 1.092783505154639 0.9278350515463918 0.9690721649484536 1.6701030927835052 1.0103092783505154 1.5463917525773196 1.1546391752577319 2.0 1.7525773195876289 1.1546391752577319 1.8762886597938144 1.3195876288659794 1.0309278350515463 1.092783505154639 1.6082474226804124 1.134020618556701 1.443298969072165 1.0515463917525774 1.2577319587628866 1.9793814432989691 0.9278350515463918 1.6494845360824741 1.5670103092783505 1.422680412371134 1.3402061855670102 1.8350515463917525 1.3195876288659794
26 30.665025340695724 2.0 1.2989690721649485 1.7731958762886597 1.4639175257731958 1.1546391752577319 1.0309278350515463 1.8350515463917525 1.175257731958763 1.2989690721649485 1.134020618556701 0.9896907216494846 1.690721649484536 1.4845360824742269 1.092783505154639 0.9278350515463918 0.9690721649484536 1.6701030927835052 1.0103092783505154 1.5463917525773196 1.1546391752577319 2.0 1.7525773195876289 1.1546391752577319 1.8762886597938144 1.3195876288659794 1.0309278350515463 1.092783505154639 1.6082474226804124 1.134020618556701 1.443298969072165 1.0515463917525774 1.2577319587628866 1.9793814432989691 0.9278350515463918 1.6494845360824741 1.5670103092783505 1.422680412371134 1.3402061855670102 1.8350515463917525 1.3195876288659794
27 23.669289298064182 3.0 1.9484536082474226 2.6597938144329896 2.195876288659794 1.731958762886598 1.5463917525773196 2.752577319587629 1.7628865979381443 1.9484536082474226 1.7010309278350515 1.4845360824742269 2.536082474226804 2.2268041237113403 1.6391752577319587 1.3917525773195876 1.4536082474226804 2.5051546391752577 1.5154639175257731 2.3195876288659796 1.731958762886598 3.0 2.6288659793814433 1.731958762886598 2.814432989690722 1.9793814432989691 1.5463917525773196 1.6391752577319587 2.4123711340206184 1.7010309278350515 2.1649484536082473 1.577319587628866 1.8865979381443299 2.9690721649484537 1.3917525773195876 2.4742268041237114 2.350515463917526 2.134020618556701 2.0103092783505154 2.752577319587629 1.9793814432989691
28 21.185197884012553 3.0 1.9484536082474226 2.6597938144329896 2.195876288659794 1.731958762886598 1.5463917525773196 2.752577319587629 1.7628865979381443 1.9484536082474226 1.7010309278350515 1.4845360824742269 2.536082474226804 2.2268041237113403 1.6391752577319587 1.3917525773195876 1.4536082474226804 2.5051546391752577 1.5154639175257731 2.3195876288659796 1.731958762886598 3.0 2.6288659793814433 1.731958762886598 2.814432989690722 1.9793814432989691 1.5463917525773196 1.6391752577319587 2.4123711340206184 1.7010309278350515 2.1649484536082473 1.577319587628866 1.8865979381443299 2.9690721649484537 1.3917525773195876 2.4742268041237114 2.350515463917526 2.134020618556701 2.0103092783505154 2.752577319587629 1.9793814432989691
29 174.89883556932628 3.0 1.9484536082474226 2.6597938144329896 2.195876288659794 1.731958762886598 1.5463917525773196 2.752577319587629 1.7628865979381443 1.9484536082474226 1.7010309278350515 1.4845360824742269 2.536082474226804 2.2268041237113403 1.6391752577319587 1.3917525773195876 1.4536082474226804 2.5051546391752577 1.5154639175257731 2.3195876288659796 1.731958762886598 3.0 2.6288659793814433 1.731958762886598 2.814432989690722 1.9793814432989691 1.5463917525773196 1.6391752577319587 2.4123711340206184 1.7010309278350515 2.1649484536082473 1.577319587628866 1.8865979381443299 2.9690721649484537 1.3917525773195876 2.4742268041237114 2.350515463917526 2.134020618556701 2.0103092783505154 2.752577319587629 1.9793814432989691
30 12.856245252306024 2.0 1.2989690721649485 1.7731958762886597 1.4639175257731958 1.1546391752577319 1.0309278350515463 1.8350515463917525 1.175257731958763 1.2989690721649485 1.134020618556701 0.9896907216494846 1.690721649484536 1.4845360824742269 1.092783505154639 0.9278350515463918 0.9690721649484536 1.6701030927835052 1.0103092783505154 1.5463917525773196 1.1546391752577319 2.0 1.7525773195876289 1.1546391752577319 1.8762886597938144 1.3195876288659794 1.0309278350515463 1.092783505154639 1.6082474226804124 1.134020618556701 1.443298969072165 1.0515463917525774 1.2577319587628866 1.9793814432989691 0.9278350515463918 1.6494845360824741 1.5670103092783505 1.422680412371134 1.3402061855670102 1.8350515463917525 1.3195876288659794
31 104.84039384222868 2.0 1.2989690721649485 1.7731958762886597 1.4639175257731958 1.1546391752577319 1.0309278350515463 1.8350515463917525 1.175257731958763 1.2989690721649485 1.134020618556701 0.9896907216494846 1.690721649484536 1.4845360824742269 1.092783505154639 0.9278350515463918 0.9690721649484536 1.6701030927835052 1.0103092783505154 1.5463917525773196 1.1546391752577319 2.0 1.7525773195876289 1.1546391752577319 1.8762886597938144 1.3195876288659794 1.0309278350515463 1.092783505154639 1.6082474226804124 1.134020618556701 1.443298969072165 1.0515463917525774 1.2577319587628866 1.9793814432989691 0.9278350515463918 1.6494845360824741 1.5670103092783505 1.422680412371134 1.3402061855670102 1.8350515463917525 1.3195876288659794
32 24.397351930462904 3.0 1.9484536082474226 2.6597938144329896 2.195876288659794 1.731958762886598 1.5463917525773196 2.752577319587629 1.7628865979381443 1.9484536082474226 1.7010309278350515 1.4845360824742269 2.536082474226804 2.2268041237113403 1.6391752577319587 1.3917525773195876 1.4536082474226804 2.5051546391752577 1.5154639175257731 2.3195876288659796 1.731958762886598 3.0 2.6288659793814433 1.731958762886598 2.814432989690722 1.9793814432989691 1.5463917525773196 1.6391752577319587 2.4123711340206184 1.7010309278350515 2.1649484536082473 1.577319587628866 1.8865979381443299 2.9690721649484537 1.3917525773195876 2.4742268041237114 2.350515463917526 2.134020618556701 2.0103092783505154 2.752577319587629 1.9793814432989691
33 80.5787811962911 2.0 1.2989690721649485 1.7731958762886597 1.4639175257731958 1.1546391752577319 1.0309278350515463 1.8350515463917525 1.175257731958763 1.2989690721649485 1.134020618556701 0.9896907216494846 1.690721649484536 1.4845360824742269 1.092783505154639 0.9278350515463918 0.9690721649484536 1.6701030927835052 1.0103092783505154 1.5463917525773196 1.1546391752577319 2.0 1.7525773195876289 1.1546391752577319 1.8762886597938144 1.3195876288659794 1.0309278350515463 1.092783505154639 1.6082474226804124 1.134020618556701 1.443298969072165 1.0515463917525774 1.2577319587628866 1.9793814432989691 0.9278350515463918 1.6494845360824741 1.5670103092783505 1.422680412371134 1.3402061855670102 1.8350515463917525 1.3195876288659794
34 64.0 3.0 1.9484536082474226 2.6597938144329896 2.195876288659794 1.731958762886598 1.5463917525773196 2.752577319587629 1.7628865979381443 1.9484536082474226 1.7010309278350515 1.4845360824742269 2.536082474226804 2.2268041237113403 1.6391752577319587 1.3917525773195876 1.4536082474226804 2.5051546391752577 1.5154639175257731 2.3195876288659796 1.731958762886598 3.0 2.6288659793814433 1.731958762886598 2.814432989690722 1.9793814432989691 1.5463917525773196 1.6391752577319587 2.4123711340206184 1.7010309278350515 2.1649484536082473 1.577319587628866 1.8865979381443299 2.9690721649484537 1.3917525773195876 2.4742268041237114 2.350515463917526 2.134020618556701 2.0103092783505154 2.752577319587629 1.9793814432989691
35 9.863367323535725 3.0 1.9484536082474226 2.6597938144329896 2.195876288659794 1.731958762886598 1.5463917525773196 2.752577319587629 1.7628865979381443 1.9484536082474226 1.7010309278350515 1.4845360824742269 2.536082474226804 2.2268041237113403 1.6391752577319587 1.3917525773195876 1.4536082474226804 2.5051546391752577 1.5154639175257731 2.3195876288659796 1.731958762886598 3.0 2.6288659793814433 1.731958762886598 2.814432989690722 1.9793814432989691 1.5463917525773196 1.6391752577319587 2.4123711340206184 1.7010309278350515 2.1649484536082473 1.577319587628866 1.8865979381443299 2.9690721649484537 1.3917525773195876 2.4742268041237114 2.350515463917526 2.134020618556701 2.0103092783505154 2.752577319587629 1.9793814432989691
36 23.532767748196115 3.0 1.9484536082474226 2.6597938144329896 2.195876288659794 1.731958762886598 1.5463917525773196 2.752577319587629 1.7628865979381443 1.9484536082474226 1.7010309278350515 1.4845360824742269 2.536082474226804 2.2268041237113403 1.6391752577319587 1.3917525773195876 1.4536082474226804 2.5051546391752577 1.5154639175257731 2.3195876288659796 1.731958762886598 3.0 2.6288659793814433 1.731958762886598 2.814432989690722 1.9793814432989691 1.5463917525773196 1.6391752577319587 2.4123711340206184 1.7010309278350515 2.1649484536082473 1.577319587628866 1.8865979381443299 2.9690721649484537 1.3917525773195876 2.4742268041237114 2.350515463917526 2.134020618556701 2.0103092783505154 2.752577319587629 1.9793814432989691
37 25.0 3.0 1.9484536082474226 2.6597938144329896 2.195876288659794 1.731958762886598 1.5463917525773196 2.752577319587629 1.7628865979381443 1.9484536082474226 1.7010309278350515 1.4845360824742269 2.536082474226804 2.2268041237113403 1.6391752577319587 1.3917525773195876 1.4536082474226804 2.5051546391752577 1.5154639175257731 2.3195876288659796 1.731958762886598 3.0 2.6288659793814433 1.731958762886598 2.814432989690722 1.9793814432989691 1.5463917525773196 1.6391752577319587 2.4123711340206184 1.7010309278350515 2.1649484536082473 1.577319587628866 1.8865979381443299 2.9690721649484537 1.3917525773195876 2.4742268041237114 2.350515463917526 2.134020618556701 2.0103092783505154 2.752577319587629 1.9793814432989691
38 35.82781623136276 3.0 1.9484536082474226 2.6597938144329896 2.195876288659794 1.731958762886598 1.5463917525773196 2.752577319587629 1.7628865979381443 1.9484536082474226 1.7010309278350515 1.4845360824742269 2.536082474226804 2.2268041237113403 1.6391752577319587 1.3917525773195876 1.4536082474226804 2.5051546391752577 1.5154639175257731 2.3195876288659796 1.731958762886598 3.0 2.6288659793814433 1.731958762886598 2.814432989690722 1.9793814432989691 1.5463917525773196 1.6391752577319587 2.4123711340206184 1.7010309278350515 2.1649484536082473 1.577319587628866 1.8865979381443299 2.9690721649484537 1.3917525773195876 2.4742268041237114 2.350515463917526 2.134020618556701 2.0103092783505154 2.752577319587629 1.9793814432989691
39 36.97337174596789 3.0 1.9484536082474226 2.6597938144329896 2.195876288659794 1.731958762886598 1.5463917525773196 2.752577319587629 1.7628865979381443 1.9484536082474226 1.7010309278350515 1.4845360824742269 2.536082474226804 2.2268041237113403 1.6391752577319587 1.3917525773195876 1.4536082474226804 2.5051546391752577 1.5154639175257731 2.3195876288659796 1.731958762886598 3.0 2.6288659793814433 1.731958762886598 2.814432989690722 1.9793814432989691 1.5463917525773196 1.6391752577319587 2.4123711340206184 1.7010309278350515 2.1649484536082473 1.577319587628866 1.8865979381443299 2.9690721649484537 1.3917525773195876 2.4742268041237114 2.350515463917526 2.134020618556701 2.0103092783505154 2.752577319587629 1.9793814432989691
