80 10
TREE NETWORK (nID nID Weight):
67 0 47
3 67 47
40 3 33
44 0 36
25 67 53
29 44 36
17 29 30
12 3 31
59 67 39
14 44 49
8 67 50
78 17 50
30 8 58
32 12 43
19 25 57
27 32 42
50 40 46
57 44 56
20 67 56
47 30 47
69 8 39
60 20 43
23 3 32
2 30 48
16 23 51
33 25 58
61 78 45
36 33 41
28 8 31
39 78 51
79 61 56
73 0 57
46 30 56
48 47 39
45 79 38
38 45 59
75 27 32
74 50 36
51 69 49
55 12 46
68 40 35
9 48 53
37 30 46
10 55 43
71 73 36
13 79 33
18 30 34
1 27 58
77 74 49
11 18 37
4 30 46
24 78 53
7 36 57
63 44 45
21 20 46
5 37 39
76 40 54
26 11 34
34 23 32
15 18 37
52 30 49
58 51 30
22 28 52
31 3 35
49 31 59
43 26 52
62 30 48
72 76 56
54 23 35
35 14 31
70 40 44
64 57 46
41 71 34
56 69 57
6 62 52
66 68 59
53 21 32
42 5 43
65 68 52
PROGRAMS ASSIGNED TO NODES (nID pID1 pID2 ...):
0 1 2 3 4 5 6 7 8 9 10
1 2 4
2 2 3 4 5 6 7
3 2 6 10
4 2 3 5 6 7 8
6 3 6 10
7 2 3 5 7 8 9
8 6
9 2 7 8 10
10 1 2 3 4 5 6 7 9 10
11 2 3 4 5 6 7 9
14 2 5 7
15 1 4 5 6
16 1 2 3 7 9 10
17 2 4 5 8 9 10
19 1 2 3 4 5 6 7 8 9
20 1 6 7 10
21 1 2 3 4 7 9 10
22 1 2 5 7 8 9 10
23 1 2 3 4 6 7 9
24 1 2 5 6 7 8 10
26 2 6 10
27 1 2 3 4 6 7 8 9 10
28 1 2 3 4 5 6 8 10
29 1 4 5 7 8 9 10
30 10
31 1 5 7
32 6
33 2 6 8
34 2 3 5 6 8 9 10
35 2 5 6 7 9
36 1 2 4 5 7 10
37 3 6 10
38 9
39 2 3 4 5 6 7 8
40 1 7 8
41 5 9
42 5
43 1 3 4 5 6 7 8
44 1 2 3 4 7 8 10
45 1 2 3 4 6 7 8 9 10
46 2 7
47 8
48 7 8
51 3 5 6 9 10
52 1 2 5 6 7 9
53 1 2 3 4 5 6 7 8 10
54 1 3 4 6 9
55 9
56 1 2 3 4 5 7 8 9 10
57 1 2 5 7 8
58 1 3 4 5 7 8 9 10
59 2 4 5 8 9
60 2 5 6
61 2 3 4 5 6 7 10
62 3 5 6 7
64 1 3 9
65 1
66 1 2 3 5 6 7 10
67 1 2 3 4 6 7 8 9 10
68 1 2 3 4 5 6 9 10
69 3 10
70 3 4 5 6 7 8 10
71 2 4 6 9
72 1 5 6 7 9 10
74 1 3 5 6 7 9
75 1 3 6
76 5 9
77 1 4 5 6 8 10
78 10
79 1 2 3 5 7 9 10
SIZE OF PROGRAMS (pID SIZE):
1 97.0
2 42.0
3 75.0
4 93.0
5 92.0
6 77.0
7 97.0
8 92.0
9 64.0
10 80.0
COST TO INSTALL SERVERS AND PROGRAMS ON NODES (COST_TO_INSTALL_SERVER COST_TO_INSTALL_pID1 ...):
0 3502.061855670103 3.0 1.2989690721649485 2.3195876288659796 2.8762886597938144 2.845360824742268 2.381443298969072 3.0 2.845360824742268 1.9793814432989691 2.4742268041237114
1 7.789689937965698 3.0 1.2989690721649485 2.3195876288659796 2.8762886597938144 2.845360824742268 2.381443298969072 3.0 2.845360824742268 1.9793814432989691 2.4742268041237114
2 24.366691783084107 3.0 1.2989690721649485 2.3195876288659796 2.8762886597938144 2.845360824742268 2.381443298969072 3.0 2.845360824742268 1.9793814432989691 2.4742268041237114
3 16.454565395122533 2.0 0.865979381443299 1.5463917525773196 1.9175257731958764 1.8969072164948453 1.5876288659793814 2.0 1.8969072164948453 1.3195876288659794 1.6494845360824741
4 5.665662134933848 2.0 0.865979381443299 1.5463917525773196 1.9175257731958764 1.8969072164948453 1.5876288659793814 2.0 1.8969072164948453 1.3195876288659794 1.6494845360824741
5 1.5691441695083754 2.0 0.865979381443299 1.5463917525773196 1.9175257731958764 1.8969072164948453 1.5876288659793814 2.0 1.8969072164948453 1.3195876288659794 1.6494845360824741
6 3.1391568551357985 3.0 1.2989690721649485 2.3195876288659796 2.8762886597938144 2.845360824742268 2.381443298969072 3.0 2.845360824742268 1.9793814432989691 2.4742268041237114
7 17.66060457975784 2.0 0.865979381443299 1.5463917525773196 1.9175257731958764 1.8969072164948453 1.5876288659793814 2.0 1.8969072164948453 1.3195876288659794 1.6494845360824741
8 4.7188467167839825 3.0 1.2989690721649485 2.3195876288659796 2.8762886597938144 2.845360824742268 2.381443298969072 3.0 2.845360824742268 1.9793814432989691 2.4742268041237114
9 6.449204777469795 2.0 0.865979381443299 1.5463917525773196 1.9175257731958764 1.8969072164948453 1.5876288659793814 2.0 1.8969072164948453 1.3195876288659794 1.6494845360824741
10 44.60805156525787 3.0 1.2989690721649485 2.3195876288659796 2.8762886597938144 2.845360824742268 2.381443298969072 3.0 2.845360824742268 1.9793814432989691 2.4742268041237114
11 49.95465510129084 2.0 0.865979381443299 1.5463917525773196 1.9175257731958764 1.8969072164948453 1.5876288659793814 2.0 1.8969072164948453 1.3195876288659794 1.6494845360824741
12 32.91974663888708 3.0 1.2989690721649485 2.3195876288659796 2.8762886597938144 2.845360824742268 2.381443298969072 3.0 2.845360824742268 1.9793814432989691 2.4742268041237114
13 36.0 2.0 0.865979381443299 1.5463917525773196 1.9175257731958764 1.8969072164948453 1.5876288659793814 2.0 1.8969072164948453 1.3195876288659794 1.6494845360824741
14 1.2840030857703912 3.0 1.2989690721649485 2.3195876288659796 2.8762886597938144 2.845360824742268 2.381443298969072 3.0 2.845360824742268 1.9793814432989691 2.4742268041237114
15 6.7734834842397165 2.0 0.865979381443299 1.5463917525773196 1.9175257731958764 1.8969072164948453 1.5876288659793814 2.0 1.8969072164948453 1.3195876288659794 1.6494845360824741
16 21.93160305084964 3.0 1.2989690721649485 2.3195876288659796 2.8762886597938144 2.845360824742268 2.381443298969072 3.0 2.845360824742268 1.9793814432989691 2.4742268041237114
17 41.17197542434655 2.0 0.865979381443299 1.5463917525773196 1.9175257731958764 1.8969072164948453 1.5876288659793814 2.0 1.8969072164948453 1.3195876288659794 1.6494845360824741
18 35.64310718974293 2.0 0.865979381443299 1.5463917525773196 1.9175257731958764 1.8969072164948453 1.5876288659793814 2.0 1.8969072164948453 1.3195876288659794 1.6494845360824741
19 17.557593489573854 3.0 1.2989690721649485 2.3195876288659796 2.8762886597938144 2.845360824742268 2.381443298969072 3.0 2.845360824742268 1.9793814432989691 2.4742268041237114
20 16.612831120404053 2.0 0.865979381443299 1.5463917525773196 1.9175257731958764 1.8969072164948453 1.5876288659793814 2.0 1.8969072164948453 1.3195876288659794 1.6494845360824741
21 30.197321320972815 2.0 0.865979381443299 1.5463917525773196 1.9175257731958764 1.8969072164948453 1.5876288659793814 2.0 1.8969072164948453 1.3195876288659794 1.6494845360824741
22 15.694381468880305 3.0 1.2989690721649485 2.3195876288659796 2.8762886597938144 2.845360824742268 2.381443298969072 3.0 2.845360824742268 1.9793814432989691 2.4742268041237114
23 35.31682087379608 3.0 1.2989690721649485 2.3195876288659796 2.8762886597938144 2.845360824742268 2.381443298969072 3.0 2.845360824742268 1.9793814432989691 2.4742268041237114
24 11.174064103395361 3.0 1.2989690721649485 2.3195876288659796 2.8762886597938144 2.845360824742268 2.381443298969072 3.0 2.845360824742268 1.9793814432989691 2.4742268041237114
25 5.558331492905858 3.0 1.2989690721649485 2.3195876288659796 2.8762886597938144 2.845360824742268 2.381443298969072 3.0 2.845360824742268 1.9793814432989691 2.4742268041237114
26 42.256659424745955 3.0 1.2989690721649485 2.3195876288659796 2.8762886597938144 2.845360824742268 2.381443298969072 3.0 2.845360824742268 1.9793814432989691 2.4742268041237114
27 21.78060377321323 2.0 0.865979381443299 1.5463917525773196 1.9175257731958764 1.8969072164948453 1.5876288659793814 2.0 1.8969072164948453 1.3195876288659794 1.6494845360824741
28 35.09562925964498 3.0 1.2989690721649485 2.3195876288659796 2.8762886597938144 2.845360824742268 2.381443298969072 3.0 2.845360824742268 1.9793814432989691 2.4742268041237114
29 22.097334166406323 3.0 1.2989690721649485 2.3195876288659796 2.8762886597938144 2.845360824742268 2.381443298969072 3.0 2.845360824742268 1.9793814432989691 2.4742268041237114
30 10.55147281514879 3.0 1.2989690721649485 2.3195876288659796 2.8762886597938144 2.845360824742268 2.381443298969072 3.0 2.845360824742268 1.9793814432989691 2.4742268041237114
31 8.047396358850623 3.0 1.2989690721649485 2.3195876288659796 2.8762886597938144 2.845360824742268 2.381443298969072 3.0 2.845360824742268 1.9793814432989691 2.4742268041237114
32 33.318350403569305 2.0 0.865979381443299 1.5463917525773196 1.9175257731958764 1.8969072164948453 1.5876288659793814 2.0 1.8969072164948453 1.3195876288659794 1.6494845360824741
33 19.469310801891037 2.0 0.865979381443299 1.5463917525773196 1.9175257731958764 1.8969072164948453 1.5876288659793814 2.0 1.8969072164948453 1.3195876288659794 1.6494845360824741
34 36.36177547159464 2.0 0.865979381443299 1.5463917525773196 1.9175257731958764 1.8969072164948453 1.5876288659793814 2.0 1.8969072164948453 1.3195876288659794 1.6494845360824741
35 19.03401594314703 3.0 1.2989690721649485 2.3195876288659796 2.8762886597938144 2.845360824742268 2.381443298969072 3.0 2.845360824742268 1.9793814432989691 2.4742268041237114
36 29.776769419079358 3.0 1.2989690721649485 2.3195876288659796 2.8762886597938144 2.845360824742268 2.381443298969072 3.0 2.845360824742268 1.9793814432989691 2.4742268041237114
37 7.729155923025548 2.0 0.865979381443299 1.5463917525773196 1.9175257731958764 1.8969072164948453 1.5876288659793814 2.0 1.8969072164948453 1.3195876288659794 1.6494845360824741
38 2.1966673828259853 2.0 0.865979381443299 1.5463917525773196 1.9175257731958764 1.8969072164948453 1.5876288659793814 2.0 1.8969072164948453 1.3195876288659794 1.6494845360824741
39 31.86600175190351 3.0 1.2989690721649485 2.3195876288659796 2.8762886597938144 2.845360824742268 2.381443298969072 3.0 2.845360824742268 1.9793814432989691 2.4742268041237114
40 37.620435586799815 3.0 1.2989690721649485 2.3195876288659796 2.8762886597938144 2.845360824742268 2.381443298969072 3.0 2.845360824742268 1.9793814432989691 2.4742268041237114
41 1.3667336929345801 3.0 1.2989690721649485 2.3195876288659796 2.8762886597938144 2.845360824742268 2.381443298969072 3.0 2.845360824742268 1.9793814432989691 2.4742268041237114
42 6.3257614861107685 3.0 1.2989690721649485 2.3195876288659796 2.8762886597938144 2.845360824742268 2.381443298969072 3.0 2.845360824742268 1.9793814432989691 2.4742268041237114
43 57.85802618001285 3.0 1.2989690721649485 2.3195876288659796 2.8762886597938144 2.845360824742268 2.381443298969072 3.0 2.845360824742268 1.9793814432989691 2.4742268041237114
44 49.0 3.0 1.2989690721649485 2.3195876288659796 2.8762886597938144 2.845360824742268 2.381443298969072 3.0 2.845360824742268 1.9793814432989691 2.4742268041237114
45 55.44757699661525 2.0 0.865979381443299 1.5463917525773196 1.9175257731958764 1.8969072164948453 1.5876288659793814 2.0 1.8969072164948453 1.3195876288659794 1.6494845360824741
46 4.133419737785668 2.0 0.865979381443299 1.5463917525773196 1.9175257731958764 1.8969072164948453 1.5876288659793814 2.0 1.8969072164948453 1.3195876288659794 1.6494845360824741
47 14.722992307750491 2.0 0.865979381443299 1.5463917525773196 1.9175257731958764 1.8969072164948453 1.5876288659793814 2.0 1.8969072164948453 1.3195876288659794 1.6494845360824741
48 23.171913792036783 3.0 1.2989690721649485 2.3195876288659796 2.8762886597938144 2.845360824742268 2.381443298969072 3.0 2.845360824742268 1.9793814432989691 2.4742268041237114
49 102.0 2.0 0.865979381443299 1.5463917525773196 1.9175257731958764 1.8969072164948453 1.5876288659793814 2.0 1.8969072164948453 1.3195876288659794 1.6494845360824741
50 43.94968710633616 3.0 1.2989690721649485 2.3195876288659796 2.8762886597938144 2.845360824742268 2.381443298969072 3.0 2.845360824742268 1.9793814432989691 2.4742268041237114
51 25.954336405674354 3.0 1.2989690721649485 2.3195876288659796 2.8762886597938144 2.845360824742268 2.381443298969072 3.0 2.845360824742268 1.9793814432989691 2.4742268041237114
52 14.149899803637936 3.0 1.2989690721649485 2.3195876288659796 2.8762886597938144 2.845360824742268 2.381443298969072 3.0 2.845360824742268 1.9793814432989691 2.4742268041237114
53 15.981213807001103 2.0 0.865979381443299 1.5463917525773196 1.9175257731958764 1.8969072164948453 1.5876288659793814 2.0 1.8969072164948453 1.3195876288659794 1.6494845360824741
54 15.470610514001606 3.0 1.2989690721649485 2.3195876288659796 2.8762886597938144 2.845360824742268 2.381443298969072 3.0 2.845360824742268 1.9793814432989691 2.4742268041237114
55 42.34623241114549 3.0 1.2989690721649485 2.3195876288659796 2.8762886597938144 2.845360824742268 2.381443298969072 3.0 2.845360824742268 1.9793814432989691 2.4742268041237114
56 23.511977315857862 3.0 1.2989690721649485 2.3195876288659796 2.8762886597938144 2.845360824742268 2.381443298969072 3.0 2.845360824742268 1.9793814432989691 2.4742268041237114
57 9.788903207331039 2.0 0.865979381443299 1.5463917525773196 1.9175257731958764 1.8969072164948453 1.5876288659793814 2.0 1.8969072164948453 1.3195876288659794 1.6494845360824741
58 59.824255647422376 2.0 0.865979381443299 1.5463917525773196 1.9175257731958764 1.8969072164948453 1.5876288659793814 2.0 1.8969072164948453 1.3195876288659794 1.6494845360824741
59 2.2454989941938828 3.0 1.2989690721649485 2.3195876288659796 2.8762886597938144 2.845360824742268 2.381443298969072 3.0 2.845360824742268 1.9793814432989691 2.4742268041237114
60 6.306501273629832 3.0 1.2989690721649485 2.3195876288659796 2.8762886597938144 2.845360824742268 2.381443298969072 3.0 2.845360824742268 1.9793814432989691 2.4742268041237114
61 16.209654066437572 3.0 1.2989690721649485 2.3195876288659796 2.8762886597938144 2.845360824742268 2.381443298969072 3.0 2.845360824742268 1.9793814432989691 2.4742268041237114
62 4.077256454959623 3.0 1.2989690721649485 2.3195876288659796 2.8762886597938144 2.845360824742268 2.381443298969072 3.0 2.845360824742268 1.9793814432989691 2.4742268041237114
63 107.0 3.0 1.2989690721649485 2.3195876288659796 2.8762886597938144 2.845360824742268 2.381443298969072 3.0 2.845360824742268 1.9793814432989691 2.4742268041237114
64 7.7240076697046645 2.0 0.865979381443299 1.5463917525773196 1.9175257731958764 1.8969072164948453 1.5876288659793814 2.0 1.8969072164948453 1.3195876288659794 1.6494845360824741
65 6.792706690472647 2.0 0.865979381443299 1.5463917525773196 1.9175257731958764 1.8969072164948453 1.5876288659793814 2.0 1.8969072164948453 1.3195876288659794 1.6494845360824741
66 52.00738698114647 2.0 0.865979381443299 1.5463917525773196 1.9175257731958764 1.8969072164948453 1.5876288659793814 2.0 1.8969072164948453 1.3195876288659794 1.6494845360824741
67 0.10647071726255747 2.0 0.865979381443299 1.5463917525773196 1.9175257731958764 1.8969072164948453 1.5876288659793814 2.0 1.8969072164948453 1.3195876288659794 1.6494845360824741
68 57.940120156220175 2.0 0.865979381443299 1.5463917525773196 1.9175257731958764 1.8969072164948453 1.5876288659793814 2.0 1.8969072164948453 1.3195876288659794 1.6494845360824741
69 7.491188665980508 2.0 0.865979381443299 1.5463917525773196 1.9175257731958764 1.8969072164948453 1.5876288659793814 2.0 1.8969072164948453 1.3195876288659794 1.6494845360824741
70 17.631598336955868 3.0 1.2989690721649485 2.3195876288659796 2.8762886597938144 2.845360824742268 2.381443298969072 3.0 2.845360824742268 1.9793814432989691 2.4742268041237114
71 4.848391310464018 2.0 0.865979381443299 1.5463917525773196 1.9175257731958764 1.8969072164948453 1.5876288659793814 2.0 1.8969072164948453 1.3195876288659794 1.6494845360824741
72 7.940030479013806 3.0 1.2989690721649485 2.3195876288659796 2.8762886597938144 2.845360824742268 2.381443298969072 3.0 2.845360824742268 1.9793814432989691 2.4742268041237114
73 2.4981491529511066 3.0 1.2989690721649485 2.3195876288659796 2.8762886597938144 2.845360824742268 2.381443298969072 3.0 2.845360824742268 1.9793814432989691 2.4742268041237114
74 15.609151544821556 2.0 0.865979381443299 1.5463917525773196 1.9175257731958764 1.8969072164948453 1.5876288659793814 2.0 1.8969072164948453 1.3195876288659794 1.6494845360824741
75 14.847525553410234 2.0 0.865979381443299 1.5463917525773196 1.9175257731958764 1.8969072164948453 1.5876288659793814 2.0 1.8969072164948453 1.3195876288659794 1.6494845360824741
76 6.1293161932995215 3.0 1.2989690721649485 2.3195876288659796 2.8762886597938144 2.845360824742268 2.381443298969072 3.0 2.845360824742268 1.9793814432989691 2.4742268041237114
77 62.78813981780106 3.0 1.2989690721649485 2.3195876288659796 2.8762886597938144 2.845360824742268 2.381443298969072 3.0 2.845360824742268 1.9793814432989691 2.4742268041237114
78 46.74154826616682 2.0 0.865979381443299 1.5463917525773196 1.9175257731958764 1.8969072164948453 1.5876288659793814 2.0 1.8969072164948453 1.3195876288659794 1.6494845360824741
79 97.23096615640948 3.0 1.2989690721649485 2.3195876288659796 2.8762886597938144 2.845360824742268 2.381443298969072 3.0 2.845360824742268 1.9793814432989691 2.4742268041237114
