60 10
TREE NETWORK (nID nID Weight):
15 0 50
9 0 43
22 9 48
47 9 36
41 15 35
32 9 32
30 32 40
1 47 49
2 47 48
13 22 48
56 0 54
6 0 43
38 2 56
52 38 32
26 13 47
18 15 32
53 2 44
27 9 34
5 52 51
14 32 58
36 22 39
19 22 37
42 30 58
51 56 53
28 51 42
25 18 59
44 42 57
16 25 30
45 53 43
43 41 31
49 56 36
21 9 42
10 21 35
48 27 42
33 5 43
20 14 55
23 33 52
4 51 30
7 27 48
37 18 31
24 51 41
8 20 58
11 21 53
57 30 34
39 9 59
40 16 54
55 0 39
35 14 31
12 6 30
29 19 46
34 21 46
50 6 45
3 38 37
54 13 49
31 32 37
59 47 52
58 45 33
46 44 44
17 40 58
PROGRAMS ASSIGNED TO NODES (nID pID1 pID2 ...):
0 1 2 3 4 5 6 7 8 9 10
1 3 7 9
3 1 3 8
4 1 2 4 5 6
5 2 3 6 10
6 7
7 1 2 3 4 5 6 7 8 10
8 4 8 9
9 3
10 1 4 5 6 7 8
11 2 3 4 5 7 8 9 10
12 4 6 7 8 10
13 1 2 3 4 5
14 2 7 10
15 8 9 10
16 3
17 1 3 4 5 6 7 8 9 10
18 1 2 4 5 6 7 10
19 3
20 6 8
21 2 3 4 8 9
22 1 9
23 2 4 9
25 1 2 3 4 6 7 9 10
26 1 2 3 5 6 7 8 9 10
27 2 3 5 8 9
28 4 8
29 1 2 3 7 9
30 2 4 9
31 1 3 7 9
32 2 3 4 5 6 7 8 9 10
33 5 7 8
35 4 5 9
36 2 3 4 5 6 8 9 10
37 1 2 4 5 6 7 8 10
38 2 4 5 6 7 8
39 1 2 3 9
40 1 2 3 5 6 7 8 9
41 1 4 8 9
42 1 2
43 1 3 4 5 7 8 10
44 2 3 4 5 6 10
46 1 2 3 4 6 7 10
47 1 8
48 1 2 3 4 5 6 8 9 10
49 1 2 3 4 5 6 9 10
50 1 2 3 4 6 7 8
51 1 4 8
52 2 3 4 5 6
53 1 2 3 4 6 7 8 9 10
54 1 2 4 7 8 9 10
55 6
56 2 4 6 7 9 10
57 2 3 4 5 6 7 8 9 10
58 1 2 4 5 6 7 8 9 10
59 1 4 6
SIZE OF PROGRAMS (pID SIZE):
1 58.0
2 93.0
3 89.0
4 80.0
5 93.0
6 62.0
7 46.0
8 80.0
9 71.0
10 60.0
COST TO INSTALL SERVERS AND PROGRAMS ON NODES (COST_TO_INSTALL_SERVER COST_TO_INSTALL_pID1 ...):
0 3361.290322580645 1.8709677419354838 3.0 2.870967741935484 2.5806451612903225 3.0 2.0 1.4838709677419355 2.5806451612903225 2.2903225806451615 1.935483870967742
1 1.614368047794261 1.8709677419354838 3.0 2.870967741935484 2.5806451612903225 3.0 2.0 1.4838709677419355 2.5806451612903225 2.2903225806451615 1.935483870967742
2 13.706106071972538 1.8709677419354838 3.0 2.870967741935484 2.5806451612903225 3.0 2.0 1.4838709677419355 2.5806451612903225 2.2903225806451615 1.935483870967742
3 4.324155624652624 1.2473118279569892 2.0 1.913978494623656 1.7204301075268817 2.0 1.3333333333333333 0.989247311827957 1.7204301075268817 1.5268817204301075 1.2903225806451613
4 13.297730889745495 1.2473118279569892 2.0 1.913978494623656 1.7204301075268817 2.0 1.3333333333333333 0.989247311827957 1.7204301075268817 1.5268817204301075 1.2903225806451613
5 65.70924531290387 1.8709677419354838 3.0 2.870967741935484 2.5806451612903225 3.0 2.0 1.4838709677419355 2.5806451612903225 2.2903225806451615 1.935483870967742
6 55.0 1.8709677419354838 3.0 2.870967741935484 2.5806451612903225 3.0 2.0 1.4838709677419355 2.5806451612903225 2.2903225806451615 1.935483870967742
7 24.535369963814475 1.8709677419354838 3.0 2.870967741935484 2.5806451612903225 3.0 2.0 1.4838709677419355 2.5806451612903225 2.2903225806451615 1.935483870967742
8 7.7871363126341935 1.8709677419354838 3.0 2.870967741935484 2.5806451612903225 3.0 2.0 1.4838709677419355 2.5806451612903225 2.2903225806451615 1.935483870967742
9 55.0 1.8709677419354838 3.0 2.870967741935484 2.5806451612903225 3.0 2.0 1.4838709677419355 2.5806451612903225 2.2903225806451615 1.935483870967742
10 20.736962199733608 1.2473118279569892 2.0 1.913978494623656 1.7204301075268817 2.0 1.3333333333333333 0.989247311827957 1.7204301075268817 1.5268817204301075 1.2903225806451613
11 11.480165728763728 1.2473118279569892 2.0 1.913978494623656 1.7204301075268817 2.0 1.3333333333333333 0.989247311827957 1.7204301075268817 1.5268817204301075 1.2903225806451613
12 5.5864166041510375 1.8709677419354838 3.0 2.870967741935484 2.5806451612903225 3.0 2.0 1.4838709677419355 2.5806451612903225 2.2903225806451615 1.935483870967742
13 24.345086271567908 1.8709677419354838 3.0 2.870967741935484 2.5806451612903225 3.0 2.0 1.4838709677419355 2.5806451612903225 2.2903225806451615 1.935483870967742
14 32.00403737787895 1.2473118279569892 2.0 1.913978494623656 1.7204301075268817 2.0 1.3333333333333333 0.989247311827957 1.7204301075268817 1.5268817204301075 1.2903225806451613
15 2.040727272727267 1.2473118279569892 2.0 1.913978494623656 1.7204301075268817 2.0 1.3333333333333333 0.989247311827957 1.7204301075268817 1.5268817204301075 1.2903225806451613
16 51.630856006759785 1.8709677419354838 3.0 2.870967741935484 2.5806451612903225 3.0 2.0 1.4838709677419355 2.5806451612903225 2.2903225806451615 1.935483870967742
17 60.40523696527214 1.8709677419354838 3.0 2.870967741935484 2.5806451612903225 3.0 2.0 1.4838709677419355 2.5806451612903225 2.2903225806451615 1.935483870967742
18 4.044246334310853 1.8709677419354838 3.0 2.870967741935484 2.5806451612903225 3.0 2.0 1.4838709677419355 2.5806451612903225 2.2903225806451615 1.935483870967742
19 9.445895933442818 1.2473118279569892 2.0 1.913978494623656 1.7204301075268817 2.0 1.3333333333333333 0.989247311827957 1.7204301075268817 1.5268817204301075 1.2903225806451613
20 13.518069960280037 1.8709677419354838 3.0 2.870967741935484 2.5806451612903225 3.0 2.0 1.4838709677419355 2.5806451612903225 2.2903225806451615 1.935483870967742
21 19.05007160881129 1.2473118279569892 2.0 1.913978494623656 1.7204301075268817 2.0 1.3333333333333333 0.989247311827957 1.7204301075268817 1.5268817204301075 1.2903225806451613
22 8.817813544295163 1.8709677419354838 3.0 2.870967741935484 2.5806451612903225 3.0 2.0 1.4838709677419355 2.5806451612903225 2.2903225806451615 1.935483870967742
23 17.739630345328738 1.2473118279569892 2.0 1.913978494623656 1.7204301075268817 2.0 1.3333333333333333 0.989247311827957 1.7204301075268817 1.5268817204301075 1.2903225806451613
24 53.0 1.8709677419354838 3.0 2.870967741935484 2.5806451612903225 3.0 2.0 1.4838709677419355 2.5806451612903225 2.2903225806451615 1.935483870967742
25 28.586778766340277 1.2473118279569892 2.0 1.913978494623656 1.7204301075268817 2.0 1.3333333333333333 0.989247311827957 1.7204301075268817 1.5268817204301075 1.2903225806451613
26 17.584769862678435 1.8709677419354838 3.0 2.870967741935484 2.5806451612903225 3.0 2.0 1.4838709677419355 2.5806451612903225 2.2903225806451615 1.935483870967742
27 2.9879528705705867 1.8709677419354838 3.0 2.870967741935484 2.5806451612903225 3.0 2.0 1.4838709677419355 2.5806451612903225 2.2903225806451615 1.935483870967742
28 5.503761884366468 1.2473118279569892 2.0 1.913978494623656 1.7204301075268817 2.0 1.3333333333333333 0.989247311827957 1.7204301075268817 1.5268817204301075 1.2903225806451613
29 4.326642952600665 1.8709677419354838 3.0 2.870967741935484 2.5806451612903225 3.0 2.0 1.4838709677419355 2.5806451612903225 2.2903225806451615 1.935483870967742
30 35.21417718065881 1.8709677419354838 3.0 2.870967741935484 2.5806451612903225 3.0 2.0 1.4838709677419355 2.5806451612903225 2.2903225806451615 1.935483870967742
31 9.508350398410414 1.2473118279569892 2.0 1.913978494623656 1.7204301075268817 2.0 1.3333333333333333 0.989247311827957 1.7204301075268817 1.5268817204301075 1.2903225806451613
32 6.218043715474325 1.8709677419354838 3.0 2.870967741935484 2.5806451612903225 3.0 2.0 1.4838709677419355 2.5806451612903225 2.2903225806451615 1.935483870967742
33 69.66558471538154 1.2473118279569892 2.0 1.913978494623656 1.7204301075268817 2.0 1.3333333333333333 0.989247311827957 1.7204301075268817 1.5268817204301075 1.2903225806451613
34 18.0 1.2473118279569892 2.0 1.913978494623656 1.7204301075268817 2.0 1.3333333333333333 0.989247311827957 1.7204301075268817 1.5268817204301075 1.2903225806451613
35 14.090979749247657 1.2473118279569892 2.0 1.913978494623656 1.7204301075268817 2.0 1.3333333333333333 0.989247311827957 1.7204301075268817 1.5268817204301075 1.2903225806451613
36 12.787072729720897 1.2473118279569892 2.0 1.913978494623656 1.7204301075268817 2.0 1.3333333333333333 0.989247311827957 1.7204301075268817 1.5268817204301075 1.2903225806451613
37 9.120222222222225 1.8709677419354838 3.0 2.870967741935484 2.5806451612903225 3.0 2.0 1.4838709677419355 2.5806451612903225 2.2903225806451615 1.935483870967742
38 19.885326851193312 1.8709677419354838 3.0 2.870967741935484 2.5806451612903225 3.0 2.0 1.4838709677419355 2.5806451612903225 2.2903225806451615 1.935483870967742
39 1.9771892125573745 1.8709677419354838 3.0 2.870967741935484 2.5806451612903225 3.0 2.0 1.4838709677419355 2.5806451612903225 2.2903225806451615 1.935483870967742
40 47.90621293857105 1.8709677419354838 3.0 2.870967741935484 2.5806451612903225 3.0 2.0 1.4838709677419355 2.5806451612903225 2.2903225806451615 1.935483870967742
41 17.00529988052569 1.2473118279569892 2.0 1.913978494623656 1.7204301075268817 2.0 1.3333333333333333 0.989247311827957 1.7204301075268817 1.5268817204301075 1.2903225806451613
42 28.309294428492173 1.8709677419354838 3.0 2.870967741935484 2.5806451612903225 3.0 2.0 1.4838709677419355 2.5806451612903225 2.2903225806451615 1.935483870967742
43 9.755850998463904 1.2473118279569892 2.0 1.913978494623656 1.7204301075268817 2.0 1.3333333333333333 0.989247311827957 1.7204301075268817 1.5268817204301075 1.2903225806451613
44 25.419288671230117 1.8709677419354838 3.0 2.870967741935484 2.5806451612903225 3.0 2.0 1.4838709677419355 2.5806451612903225 2.2903225806451615 1.935483870967742
45 55.035622068395874 1.8709677419354838 3.0 2.870967741935484 2.5806451612903225 3.0 2.0 1.4838709677419355 2.5806451612903225 2.2903225806451615 1.935483870967742
46 60.59809320075646 1.2473118279569892 2.0 1.913978494623656 1.7204301075268817 2.0 1.3333333333333333 0.989247311827957 1.7204301075268817 1.5268817204301075 1.2903225806451613
47 16.11274182181909 1.2473118279569892 2.0 1.913978494623656 1.7204301075268817 2.0 1.3333333333333333 0.989247311827957 1.7204301075268817 1.5268817204301075 1.2903225806451613
48 9.100278010679144 1.8709677419354838 3.0 2.870967741935484 2.5806451612903225 3.0 2.0 1.4838709677419355 2.5806451612903225 2.2903225806451615 1.935483870967742
49 3.0046594982078845 1.2473118279569892 2.0 1.913978494623656 1.7204301075268817 2.0 1.3333333333333333 0.989247311827957 1.7204301075268817 1.5268817204301075 1.2903225806451613
50 3.022085521380343 1.8709677419354838 3.0 2.870967741935484 2.5806451612903225 3.0 2.0 1.4838709677419355 2.5806451612903225 2.2903225806451615 1.935483870967742
51 2.526385789319449 1.8709677419354838 3.0 2.870967741935484 2.5806451612903225 3.0 2.0 1.4838709677419355 2.5806451612903225 2.2903225806451615 1.935483870967742
52 23.917834518153352 1.8709677419354838 3.0 2.870967741935484 2.5806451612903225 3.0 2.0 1.4838709677419355 2.5806451612903225 2.2903225806451615 1.935483870967742
53 13.274196235009164 1.8709677419354838 3.0 2.870967741935484 2.5806451612903225 3.0 2.0 1.4838709677419355 2.5806451612903225 2.2903225806451615 1.935483870967742
54 25.696052712157638 1.2473118279569892 2.0 1.913978494623656 1.7204301075268817 2.0 1.3333333333333333 0.989247311827957 1.7204301075268817 1.5268817204301075 1.2903225806451613
55 108.0 1.8709677419354838 3.0 2.870967741935484 2.5806451612903225 3.0 2.0 1.4838709677419355 2.5806451612903225 2.2903225806451615 1.935483870967742
56 60.0 1.2473118279569892 2.0 1.913978494623656 1.7204301075268817 2.0 1.3333333333333333 0.989247311827957 1.7204301075268817 1.5268817204301075 1.2903225806451613
57 47.132659488401515 1.2473118279569892 2.0 1.913978494623656 1.7204301075268817 2.0 1.3333333333333333 0.989247311827957 1.7204301075268817 1.5268817204301075 1.2903225806451613
58 89.57789395265488 1.2473118279569892 2.0 1.913978494623656 1.7204301075268817 2.0 1.3333333333333333 0.989247311827957 1.7204301075268817 1.5268817204301075 1.2903225806451613
59 7.221196324722206 1.8709677419354838 3.0 2.870967741935484 2.5806451612903225 3.0 2.0 1.4838709677419355 2.5806451612903225 2.2903225806451615 1.935483870967742
