20 50
TREE NETWORK (nID nID Weight):
1 0 54
6 1 50
10 6 39
17 10 39
16 1 33
14 0 32
12 16 50
13 1 53
2 10 59
9 1 56
11 14 49
3 10 36
18 11 32
8 16 40
4 18 48
5 14 37
7 11 34
15 14 48
19 2 40
PROGRAMS ASSIGNED TO NODES (nID pID1 pID2 ...):
0 1 2 3 4 5 6 7 8 9 10 11 12 13 14 15 16 17 18 19 20 21 22 23 24 25 26 27 28 29 30 31 32 33 34 35 36 37 38 39 40 41 42 43 44 45 46 47 48 49 50
1 1 2 4 5 9 10 12 14 18 19 23 24 25 27 28 30 31 33 35 36 37 38 39 42 43 44 45 47 49 50
2 1 3 4 5 6 7 8 9 10 12 13 15 16 20 21 22 23 25 28 29 31 32 33 34 37 38 43 44 46 47 49
3 3 4 6 7 9 10 14 15 16 17 19 20 24 25 27 31 33 34 36 37 43 45 46 47 50
4 1 4 39 7 8 42 10 43 45 13 46 47 49 17 18 20 21 23 24 25 27 28 29
5 3 7 8 9 10 12 13 15 16 17 18 19 20 21 22 23 24 27 28 29 30 31 32 33 34 35 36 37 40 41 42 43 44 45 46 47 48
6 32 16 17 1 34 18 50 36 22 9 10
7 33 19 23 40 8
9 32 1 34 35 6 38 9 10 11 12 44 13 14 15 49 21 22 23 26 27 29
10 3 5 37 38 39 45 46 49 18 50 20 22 23 25 26
11 33 34 3 35 37 39 7 41 14 46 15 17 50 23 27 30
12 1 2 3 4 6 7 9 10 12 14 15 16 17 18 19 20 21 23 24 26 27 28 29 31 32 33 34 35 36 40 41 44 46 48 49 50
13 1 2 4 5 6 8 9 10 15 18 21 23 24 27 28 29 31 33 34 35 36 37 40 41 42 43 44 47 48 50
14 2 3 4 5 9 10 11 12 18 19 22 24 26 29 30 32 35 36 38 39 40 42 44 45 47 48 49 50
15 1 2 3 4 5 6 7 9 11 12 13 14 15 17 18 19 20 21 23 24 25 26 28 29 30 31 32 38 39 40 42 44 45 48 49 50
16 33 1 36 38 22 24 41 9 12 31
17 1 2 3 4 5 6 8 9 10 12 13 14 15 16 17 18 19 20 22 23 24 25 26 27 28 29 31 32 33 34 35 36 37 39 40 41 42 43 44 45 48 49 50
18 33 2 35 3 5 6 40 8 10 44 13 14 48 50 18 20 21 22 25 26 28 29 31
19 1 2 3 4 5 6 7 8 9 10 11 12 13 14 15 16 17 18 19 20 21 22 23 24 25 26 28 29 30 31 32 33 34 35 36 37 38 39 40 41 42 44 45 46 47 48 49 50
SIZE OF PROGRAMS (pID SIZE):
1 51.0
2 57.0
3 40.0
4 88.0
5 72.0
6 82.0
7 59.0
8 58.0
9 77.0
10 41.0
11 40.0
12 56.0
13 93.0
14 75.0
15 66.0
16 94.0
17 56.0
18 44.0
19 67.0
20 42.0
21 67.0
22 68.0
23 81.0
24 83.0
25 50.0
26 79.0
27 74.0
28 81.0
29 43.0
30 70.0
31 58.0
32 44.0
33 63.0
34 58.0
35 42.0
36 96.0
37 65.0
38 95.0
39 81.0
40 42.0
41 91.0
42 61.0
43 94.0
44 94.0
45 50.0
46 71.0
47 43.0
48 89.0
49 82.0
50 66.0
COST TO INSTALL SERVERS AND PROGRAMS ON NODES (COST_TO_INSTALL_SERVER COST_TO_INSTALL_pID1 ...):
0 11434.375 1.59375 1.78125 1.25 2.75 2.25 2.5625 1.84375 1.8125 2.40625 1.28125 1.25 1.75 2.90625 2.34375 2.0625 2.9375 1.75 1.375 2.09375 1.3125 2.09375 2.125 2.53125 2.59375 1.5625 2.46875 2.3125 2.53125 1.34375 2.1875 1.8125 1.375 1.96875 1.8125 1.3125 3.0 2.03125 2.96875 2.53125 1.3125 2.84375 1.90625 2.9375 2.9375 1.5625 2.21875 1.34375 2.78125 2.5625 2.0625
1 92.0 1.0625 1.1875 0.8333333333333334 1.8333333333333333 1.5 1.7083333333333333 1.2291666666666667 1.2083333333333333 1.6041666666666667 0.8541666666666666 0.8333333333333334 1.1666666666666667 1.9375 1.5625 1.375 1.9583333333333333 1.1666666666666667 0.9166666666666666 1.3958333333333333 0.875 1.3958333333333333 1.4166666666666667 1.6875 1.7291666666666667 1.0416666666666667 1.6458333333333333 1.5416666666666667 1.6875 0.8958333333333334 1.4583333333333333 1.2083333333333333 0.9166666666666666 1.3125 1.2083333333333333 0.875 2.0 1.3541666666666667 1.9791666666666667 1.6875 0.875 1.8958333333333333 1.2708333333333333 1.9583333333333333 1.9583333333333333 1.0416666666666667 1.4791666666666667 0.8958333333333334 1.8541666666666667 1.7083333333333333 1.375
2 55.103737191559226 1.0625 1.1875 0.8333333333333334 1.8333333333333333 1.5 1.7083333333333333 1.2291666666666667 1.2083333333333333 1.6041666666666667 0.8541666666666666 0.8333333333333334 1.1666666666666667 1.9375 1.5625 1.375 1.9583333333333333 1.1666666666666667 0.9166666666666666 1.3958333333333333 0.875 1.3958333333333333 1.4166666666666667 1.6875 1.7291666666666667 1.0416666666666667 1.6458333333333333 1.5416666666666667 1.6875 0.8958333333333334 1.4583333333333333 1.2083333333333333 0.9166666666666666 1.3125 1.2083333333333333 0.875 2.0 1.3541666666666667 1.9791666666666667 1.6875 0.875 1.8958333333333333 1.2708333333333333 1.9583333333333333 1.9583333333333333 1.0416666666666667 1.4791666666666667 0.8958333333333334 1.8541666666666667 1.7083333333333333 1.375
3 74.30368967784352 1.59375 1.78125 1.25 2.75 2.25 2.5625 1.84375 1.8125 2.40625 1.28125 1.25 1.75 2.90625 2.34375 2.0625 2.9375 1.75 1.375 2.09375 1.3125 2.09375 2.125 2.53125 2.59375 1.5625 2.46875 2.3125 2.53125 1.34375 2.1875 1.8125 1.375 1.96875 1.8125 1.3125 3.0 2.03125 2.96875 2.53125 1.3125 2.84375 1.90625 2.9375 2.9375 1.5625 2.21875 1.34375 2.78125 2.5625 2.0625
4 53.21298717403627 1.59375 1.78125 1.25 2.75 2.25 2.5625 1.84375 1.8125 2.40625 1.28125 1.25 1.75 2.90625 2.34375 2.0625 2.9375 1.75 1.375 2.09375 1.3125 2.09375 2.125 2.53125 2.59375 1.5625 2.46875 2.3125 2.53125 1.34375 2.1875 1.8125 1.375 1.96875 1.8125 1.3125 3.0 2.03125 2.96875 2.53125 1.3125 2.84375 1.90625 2.9375 2.9375 1.5625 2.21875 1.34375 2.78125 2.5625 2.0625
5 64.74366998577527 1.59375 1.78125 1.25 2.75 2.25 2.5625 1.84375 1.8125 2.40625 1.28125 1.25 1.75 2.90625 2.34375 2.0625 2.9375 1.75 1.375 2.09375 1.3125 2.09375 2.125 2.53125 2.59375 1.5625 2.46875 2.3125 2.53125 1.34375 2.1875 1.8125 1.375 1.96875 1.8125 1.3125 3.0 2.03125 2.96875 2.53125 1.3125 2.84375 1.90625 2.9375 2.9375 1.5625 2.21875 1.34375 2.78125 2.5625 2.0625
6 65.07170261437906 1.0625 1.1875 0.8333333333333334 1.8333333333333333 1.5 1.7083333333333333 1.2291666666666667 1.2083333333333333 1.6041666666666667 0.8541666666666666 0.8333333333333334 1.1666666666666667 1.9375 1.5625 1.375 1.9583333333333333 1.1666666666666667 0.9166666666666666 1.3958333333333333 0.875 1.3958333333333333 1.4166666666666667 1.6875 1.7291666666666667 1.0416666666666667 1.6458333333333333 1.5416666666666667 1.6875 0.8958333333333334 1.4583333333333333 1.2083333333333333 0.9166666666666666 1.3125 1.2083333333333333 0.875 2.0 1.3541666666666667 1.9791666666666667 1.6875 0.875 1.8958333333333333 1.2708333333333333 1.9583333333333333 1.9583333333333333 1.0416666666666667 1.4791666666666667 0.8958333333333334 1.8541666666666667 1.7083333333333333 1.375
7 10.84579831932773 1.59375 1.78125 1.25 2.75 2.25 2.5625 1.84375 1.8125 2.40625 1.28125 1.25 1.75 2.90625 2.34375 2.0625 2.9375 1.75 1.375 2.09375 1.3125 2.09375 2.125 2.53125 2.59375 1.5625 2.46875 2.3125 2.53125 1.34375 2.1875 1.8125 1.375 1.96875 1.8125 1.3125 3.0 2.03125 2.96875 2.53125 1.3125 2.84375 1.90625 2.9375 2.9375 1.5625 2.21875 1.34375 2.78125 2.5625 2.0625
8 40.0 1.59375 1.78125 1.25 2.75 2.25 2.5625 1.84375 1.8125 2.40625 1.28125 1.25 1.75 2.90625 2.34375 2.0625 2.9375 1.75 1.375 2.09375 1.3125 2.09375 2.125 2.53125 2.59375 1.5625 2.46875 2.3125 2.53125 1.34375 2.1875 1.8125 1.375 1.96875 1.8125 1.3125 3.0 2.03125 2.96875 2.53125 1.3125 2.84375 1.90625 2.9375 2.9375 1.5625 2.21875 1.34375 2.78125 2.5625 2.0625
9 22.281481481481485 1.0625 1.1875 0.8333333333333334 1.8333333333333333 1.5 1.7083333333333333 1.2291666666666667 1.2083333333333333 1.6041666666666667 0.8541666666666666 0.8333333333333334 1.1666666666666667 1.9375 1.5625 1.375 1.9583333333333333 1.1666666666666667 0.9166666666666666 1.3958333333333333 0.875 1.3958333333333333 1.4166666666666667 1.6875 1.7291666666666667 1.0416666666666667 1.6458333333333333 1.5416666666666667 1.6875 0.8958333333333334 1.4583333333333333 1.2083333333333333 0.9166666666666666 1.3125 1.2083333333333333 0.875 2.0 1.3541666666666667 1.9791666666666667 1.6875 0.875 1.8958333333333333 1.2708333333333333 1.9583333333333333 1.9583333333333333 1.0416666666666667 1.4791666666666667 0.8958333333333334 1.8541666666666667 1.7083333333333333 1.375
10 62.972353695324266 1.0625 1.1875 0.8333333333333334 1.8333333333333333 1.5 1.7083333333333333 1.2291666666666667 1.2083333333333333 1.6041666666666667 0.8541666666666666 0.8333333333333334 1.1666666666666667 1.9375 1.5625 1.375 1.9583333333333333 1.1666666666666667 0.9166666666666666 1.3958333333333333 0.875 1.3958333333333333 1.4166666666666667 1.6875 1.7291666666666667 1.0416666666666667 1.6458333333333333 1.5416666666666667 1.6875 0.8958333333333334 1.4583333333333333 1.2083333333333333 0.9166666666666666 1.3125 1.2083333333333333 0.875 2.0 1.3541666666666667 1.9791666666666667 1.6875 0.875 1.8958333333333333 1.2708333333333333 1.9583333333333333 1.9583333333333333 1.0416666666666667 1.4791666666666667 0.8958333333333334 1.8541666666666667 1.7083333333333333 1.375
11 37.36501816635743 1.0625 1.1875 0.8333333333333334 1.8333333333333333 1.5 1.7083333333333333 1.2291666666666667 1.2083333333333333 1.6041666666666667 0.8541666666666666 0.8333333333333334 1.1666666666666667 1.9375 1.5625 1.375 1.9583333333333333 1.1666666666666667 0.9166666666666666 1.3958333333333333 0.875 1.3958333333333333 1.4166666666666667 1.6875 1.7291666666666667 1.0416666666666667 1.6458333333333333 1.5416666666666667 1.6875 0.8958333333333334 1.4583333333333333 1.2083333333333333 0.9166666666666666 1.3125 1.2083333333333333 0.875 2.0 1.3541666666666667 1.9791666666666667 1.6875 0.875 1.8958333333333333 1.2708333333333333 1.9583333333333333 1.9583333333333333 1.0416666666666667 1.4791666666666667 0.8958333333333334 1.8541666666666667 1.7083333333333333 1.375
12 22.898945104195086 1.59375 1.78125 1.25 2.75 2.25 2.5625 1.84375 1.8125 2.40625 1.28125 1.25 1.75 2.90625 2.34375 2.0625 2.9375 1.75 1.375 2.09375 1.3125 2.09375 2.125 2.53125 2.59375 1.5625 2.46875 2.3125 2.53125 1.34375 2.1875 1.8125 1.375 1.96875 1.8125 1.3125 3.0 2.03125 2.96875 2.53125 1.3125 2.84375 1.90625 2.9375 2.9375 1.5625 2.21875 1.34375 2.78125 2.5625 2.0625
13 28.35782641284013 1.0625 1.1875 0.8333333333333334 1.8333333333333333 1.5 1.7083333333333333 1.2291666666666667 1.2083333333333333 1.6041666666666667 0.8541666666666666 0.8333333333333334 1.1666666666666667 1.9375 1.5625 1.375 1.9583333333333333 1.1666666666666667 0.9166666666666666 1.3958333333333333 0.875 1.3958333333333333 1.4166666666666667 1.6875 1.7291666666666667 1.0416666666666667 1.6458333333333333 1.5416666666666667 1.6875 0.8958333333333334 1.4583333333333333 1.2083333333333333 0.9166666666666666 1.3125 1.2083333333333333 0.875 2.0 1.3541666666666667 1.9791666666666667 1.6875 0.875 1.8958333333333333 1.2708333333333333 1.9583333333333333 1.9583333333333333 1.0416666666666667 1.4791666666666667 0.8958333333333334 1.8541666666666667 1.7083333333333333 1.375
14 29.461764705882356 1.0625 1.1875 0.8333333333333334 1.8333333333333333 1.5 1.7083333333333333 1.2291666666666667 1.2083333333333333 1.6041666666666667 0.8541666666666666 0.8333333333333334 1.1666666666666667 1.9375 1.5625 1.375 1.9583333333333333 1.1666666666666667 0.9166666666666666 1.3958333333333333 0.875 1.3958333333333333 1.4166666666666667 1.6875 1.7291666666666667 1.0416666666666667 1.6458333333333333 1.5416666666666667 1.6875 0.8958333333333334 1.4583333333333333 1.2083333333333333 0.9166666666666666 1.3125 1.2083333333333333 0.875 2.0 1.3541666666666667 1.9791666666666667 1.6875 0.875 1.8958333333333333 1.2708333333333333 1.9583333333333333 1.9583333333333333 1.0416666666666667 1.4791666666666667 0.8958333333333334 1.8541666666666667 1.7083333333333333 1.375
15 67.16672297297298 1.0625 1.1875 0.8333333333333334 1.8333333333333333 1.5 1.7083333333333333 1.2291666666666667 1.2083333333333333 1.6041666666666667 0.8541666666666666 0.8333333333333334 1.1666666666666667 1.9375 1.5625 1.375 1.9583333333333333 1.1666666666666667 0.9166666666666666 1.3958333333333333 0.875 1.3958333333333333 1.4166666666666667 1.6875 1.7291666666666667 1.0416666666666667 1.6458333333333333 1.5416666666666667 1.6875 0.8958333333333334 1.4583333333333333 1.2083333333333333 0.9166666666666666 1.3125 1.2083333333333333 0.875 2.0 1.3541666666666667 1.9791666666666667 1.6875 0.875 1.8958333333333333 1.2708333333333333 1.9583333333333333 1.9583333333333333 1.0416666666666667 1.4791666666666667 0.8958333333333334 1.8541666666666667 1.7083333333333333 1.375
16 32.727266252266254 1.0625 1.1875 0.8333333333333334 1.8333333333333333 1.5 1.7083333333333333 1.2291666666666667 1.2083333333333333 1.6041666666666667 0.8541666666666666 0.8333333333333334 1.1666666666666667 1.9375 1.5625 1.375 1.9583333333333333 1.1666666666666667 0.9166666666666666 1.3958333333333333 0.875 1.3958333333333333 1.4166666666666667 1.6875 1.7291666666666667 1.0416666666666667 1.6458333333333333 1.5416666666666667 1.6875 0.8958333333333334 1.4583333333333333 1.2083333333333333 0.9166666666666666 1.3125 1.2083333333333333 0.875 2.0 1.3541666666666667 1.9791666666666667 1.6875 0.875 1.8958333333333333 1.2708333333333333 1.9583333333333333 1.9583333333333333 1.0416666666666667 1.4791666666666667 0.8958333333333334 1.8541666666666667 1.7083333333333333 1.375
17 62.59905264180261 1.0625 1.1875 0.8333333333333334 1.8333333333333333 1.5 1.7083333333333333 1.2291666666666667 1.2083333333333333 1.6041666666666667 0.8541666666666666 0.8333333333333334 1.1666666666666667 1.9375 1.5625 1.375 1.9583333333333333 1.1666666666666667 0.9166666666666666 1.3958333333333333 0.875 1.3958333333333333 1.4166666666666667 1.6875 1.7291666666666667 1.0416666666666667 1.6458333333333333 1.5416666666666667 1.6875 0.8958333333333334 1.4583333333333333 1.2083333333333333 0.9166666666666666 1.3125 1.2083333333333333 0.875 2.0 1.3541666666666667 1.9791666666666667 1.6875 0.875 1.8958333333333333 1.2708333333333333 1.9583333333333333 1.9583333333333333 1.0416666666666667 1.4791666666666667 0.8958333333333334 1.8541666666666667 1.7083333333333333 1.375
18 176.312119584676 1.0625 1.1875 0.8333333333333334 1.8333333333333333 1.5 1.7083333333333333 1.2291666666666667 1.2083333333333333 1.6041666666666667 0.8541666666666666 0.8333333333333334 1.1666666666666667 1.9375 1.5625 1.375 1.9583333333333333 1.1666666666666667 0.9166666666666666 1.3958333333333333 0.875 1.3958333333333333 1.4166666666666667 1.6875 1.7291666666666667 1.0416666666666667 1.6458333333333333 1.5416666666666667 1.6875 0.8958333333333334 1.4583333333333333 1.2083333333333333 0.9166666666666666 1.3125 1.2083333333333333 0.875 2.0 1.3541666666666667 1.9791666666666667 1.6875 0.875 1.8958333333333333 1.2708333333333333 1.9583333333333333 1.9583333333333333 1.0416666666666667 1.4791666666666667 0.8958333333333334 1.8541666666666667 1.7083333333333333 1.375
19 129.83064591999346 1.59375 1.78125 1.25 2.75 2.25 2.5625 1.84375 1.8125 2.40625 1.28125 1.25 1.75 2.90625 2.34375 2.0625 2.9375 1.75 1.375 2.09375 1.3125 2.09375 2.125 2.53125 2.59375 1.5625 2.46875 2.3125 2.53125 1.34375 2.1875 1.8125 1.375 1.96875 1.8125 1.3125 3.0 2.03125 2.96875 2.53125 1.3125 2.84375 1.90625 2.9375 2.9375 1.5625 2.21875 1.34375 2.78125 2.5625 2.0625
