40 50
TREE NETWORK (nID nID Weight):
39 0 59
12 39 49
36 12 41
8 36 47
15 12 32
25 0 51
37 15 32
32 15 48
29 25 58
31 36 50
3 39 57
2 8 59
6 2 41
27 15 40
22 3 36
30 36 38
17 30 52
9 2 53
35 31 55
21 35 33
11 30 46
4 8 36
33 2 33
16 15 38
13 0 52
10 2 46
23 0 55
7 12 40
5 7 53
19 21 58
28 15 34
20 33 57
38 16 38
18 0 32
1 9 44
34 4 49
26 15 31
24 7 54
14 28 52
PROGRAMS ASSIGNED TO NODES (nID pID1 pID2 ...):
0 1 2 3 4 5 6 7 8 9 10 11 12 13 14 15 16 17 18 19 20 21 22 23 24 25 26 27 28 29 30 31 32 33 34 35 36 37 38 39 40 41 42 43 44 45 46 47 48 49 50
3 33 34 3 36 37 7 40 42 10 11 12 45 13 46 17 18 20 21 23 25 27 28
4 1 2 5 6 7 9 10 13 14 18 20 21 22 27 28 30 33 34 38 39 40 41 42 43 44 49
5 33 3 5 37 41 42 11 45 46 47 18 19 22 23 25 28 30
6 32 33 37 23 8 40 25 10 12 13 46 30
7 2 3 4 5 7 9 10 11 13 14 16 17 18 19 20 22 23 24 27 28 31 32 34 35 36 37 38 39 40 41 43 44 45 46 47 50
8 32 34 36 37 6 7 8 41 10 42 43 13 46 14 47 16 17 49 19 23 24 28
9 32 33 34 38 7 39 9 10 43 12 13 46 47 15 50 20
10 1 2 3 4 5 7 8 9 11 12 13 14 15 16 17 18 19 20 21 22 23 24 25 26 27 28 29 30 31 32 33 34 35 36 37 38 39 40 41 42 43 44 45 46 47 48 50
11 36 37 42 11 43 13 16 20 23 26 27 29 30 31
12 1 2 3 4 5 6 7 8 9 10 11 12 13 14 15 16 17 19 20 21 22 23 24 25 26 27 28 32 33 34 35 37 38 40 42 43 45 46 47 48 50
13 32 34 35 36 4 37 38 27 11 12 31
15 3 4 5 7 8 9 10 11 12 13 14 15 16 17 18 21 22 24 25 27 28 29 30 32 34 35 38 39 40 44 45 46 47 48 49
16 47
17 1 7 23 24 10 11 45 14 15 31
18 5 38 41 25 10 27
19 1 2 3 7 8 10 11 12 14 15 16 17 18 19 20 21 22 24 25 31 33 34 36 41 42 43 46 47 48 50
20 1 4 5 6 7 8 9 10 11 12 13 14 15 16 17 18 19 20 21 22 23 24 25 26 27 28 29 30 31 32 33 34 35 36 37 38 39 41 42 43 44 45 46 47 48 49 50
21 1 2 3 5 6 8 9 10 11 12 13 14 15 16 18 20 21 22 24 25 27 29 30 31 35 36 37 38 40 41 42 44 45 50
22 2 3 4 5 7 8 9 10 11 12 13 14 15 16 17 18 19 20 21 22 23 25 26 28 29 30 31 32 33 34 35 37 38 39 40 41 42 45 47 48 49 50
23 1 2 3 4 6 7 8 9 10 11 12 13 14 15 16 17 18 19 20 21 22 23 24 25 26 27 28 29 30 31 32 33 34 35 36 38 39 40 41 42 43 44 45 46 47 48 49 50
24 2 3 4 6 7 9 10 11 12 13 14 15 19 20 21 22 23 24 26 27 28 30 31 32 33 34 35 36 37 38 40 41 42 43 44 45 46 47 48 49 50
25 19 20 22 38
26 17 50 20 24 25 45
27 2 35 4 38 39 8 41 42 11 44 13 47 15 17 50 19 21 23 24 26 30 31
28 1 2 3 4 6 7 8 9 10 11 12 13 14 15 16 17 18 22 23 24 25 26 27 28 29 30 32 34 35 36 37 38 40 41 42 43 44 45 46 47 48 49 50
29 32 2 5 6 38 40 44 45 46 15 17 49 50 20 29
30 16 50 23 24 41 27
31 27 31
32 32 33 2 37 40 11 12 44 46 15 16 17 18 50 24 31
33 32 3 38 9 42 43 11 44 12 48 50 18 24 25 28 31
34 32 1 17 35 20 36 26 10 11 28 47
35 1 4 5 6 9 10 11 12 16 17 18 20 22 23 24 25 26 27 28 29 31 32 33 35 36 37 41 43 44 47 49
36 1 2 3 4 5 6 7 8 9 10 11 12 13 14 15 17 18 19 20 21 22 23 24 26 27 28 29 30 32 34 36 39 41 42 44 45 47 48 49 50
37 1 2 3 4 5 6 7 8 10 11 12 13 14 15 16 17 18 19 20 21 22 23 24 25 26 27 29 30 31 32 33 34 37 38 39 41 42 43 44 47 48 49 50
38 48 39 8 10
39 50 2 22 44
SIZE OF PROGRAMS (pID SIZE):
1 70.0
2 83.0
3 70.0
4 95.0
5 83.0
6 70.0
7 64.0
8 51.0
9 55.0
10 79.0
11 48.0
12 67.0
13 42.0
14 71.0
15 85.0
16 82.0
17 97.0
18 99.0
19 93.0
20 54.0
21 74.0
22 86.0
23 94.0
24 57.0
25 79.0
26 71.0
27 59.0
28 45.0
29 98.0
30 85.0
31 78.0
32 47.0
33 82.0
34 65.0
35 50.0
36 87.0
37 54.0
38 87.0
39 78.0
40 47.0
41 51.0
42 84.0
43 52.0
44 65.0
45 65.0
46 84.0
47 52.0
48 83.0
49 42.0
50 69.0
COST TO INSTALL SERVERS AND PROGRAMS ON NODES (COST_TO_INSTALL_SERVER COST_TO_INSTALL_pID1 ...):
0 11690.909090909092 2.121212121212121 2.515151515151515 2.121212121212121 2.878787878787879 2.515151515151515 2.121212121212121 1.9393939393939394 1.5454545454545454 1.6666666666666667 2.393939393939394 1.4545454545454546 2.0303030303030303 1.2727272727272727 2.1515151515151514 2.5757575757575757 2.484848484848485 2.9393939393939394 3.0 2.8181818181818183 1.6363636363636365 2.242424242424242 2.606060606060606 2.8484848484848486 1.7272727272727273 2.393939393939394 2.1515151515151514 1.7878787878787878 1.3636363636363635 2.9696969696969697 2.5757575757575757 2.3636363636363638 1.4242424242424243 2.484848484848485 1.9696969696969697 1.5151515151515151 2.6363636363636362 1.6363636363636365 2.6363636363636362 2.3636363636363638 1.4242424242424243 1.5454545454545454 2.5454545454545454 1.5757575757575757 1.9696969696969697 1.9696969696969697 2.5454545454545454 1.5757575757575757 2.515151515151515 1.2727272727272727 2.090909090909091
1 106.0 2.121212121212121 2.515151515151515 2.121212121212121 2.878787878787879 2.515151515151515 2.121212121212121 1.9393939393939394 1.5454545454545454 1.6666666666666667 2.393939393939394 1.4545454545454546 2.0303030303030303 1.2727272727272727 2.1515151515151514 2.5757575757575757 2.484848484848485 2.9393939393939394 3.0 2.8181818181818183 1.6363636363636365 2.242424242424242 2.606060606060606 2.8484848484848486 1.7272727272727273 2.393939393939394 2.1515151515151514 1.7878787878787878 1.3636363636363635 2.9696969696969697 2.5757575757575757 2.3636363636363638 1.4242424242424243 2.484848484848485 1.9696969696969697 1.5151515151515151 2.6363636363636362 1.6363636363636365 2.6363636363636362 2.3636363636363638 1.4242424242424243 1.5454545454545454 2.5454545454545454 1.5757575757575757 1.9696969696969697 1.9696969696969697 2.5454545454545454 1.5757575757575757 2.515151515151515 1.2727272727272727 2.090909090909091
2 63.61797968833514 2.121212121212121 2.515151515151515 2.121212121212121 2.878787878787879 2.515151515151515 2.121212121212121 1.9393939393939394 1.5454545454545454 1.6666666666666667 2.393939393939394 1.4545454545454546 2.0303030303030303 1.2727272727272727 2.1515151515151514 2.5757575757575757 2.484848484848485 2.9393939393939394 3.0 2.8181818181818183 1.6363636363636365 2.242424242424242 2.606060606060606 2.8484848484848486 1.7272727272727273 2.393939393939394 2.1515151515151514 1.7878787878787878 1.3636363636363635 2.9696969696969697 2.5757575757575757 2.3636363636363638 1.4242424242424243 2.484848484848485 1.9696969696969697 1.5151515151515151 2.6363636363636362 1.6363636363636365 2.6363636363636362 2.3636363636363638 1.4242424242424243 1.5454545454545454 2.5454545454545454 1.5757575757575757 1.9696969696969697 1.9696969696969697 2.5454545454545454 1.5757575757575757 2.515151515151515 1.2727272727272727 2.090909090909091
3 40.13991695256094 1.4141414141414141 1.6767676767676767 1.4141414141414141 1.9191919191919191 1.6767676767676767 1.4141414141414141 1.292929292929293 1.0303030303030303 1.1111111111111112 1.595959595959596 0.9696969696969697 1.3535353535353536 0.8484848484848485 1.4343434343434343 1.7171717171717171 1.6565656565656566 1.9595959595959596 2.0 1.878787878787879 1.0909090909090908 1.494949494949495 1.7373737373737375 1.898989898989899 1.1515151515151516 1.595959595959596 1.4343434343434343 1.1919191919191918 0.9090909090909091 1.97979797979798 1.7171717171717171 1.5757575757575757 0.9494949494949495 1.6565656565656566 1.3131313131313131 1.0101010101010102 1.7575757575757576 1.0909090909090908 1.7575757575757576 1.5757575757575757 0.9494949494949495 1.0303030303030303 1.696969696969697 1.0505050505050506 1.3131313131313131 1.3131313131313131 1.696969696969697 1.0505050505050506 1.6767676767676767 0.8484848484848485 1.393939393939394
4 176.6037457671393 1.4141414141414141 1.6767676767676767 1.4141414141414141 1.9191919191919191 1.6767676767676767 1.4141414141414141 1.292929292929293 1.0303030303030303 1.1111111111111112 1.595959595959596 0.9696969696969697 1.3535353535353536 0.8484848484848485 1.4343434343434343 1.7171717171717171 1.6565656565656566 1.9595959595959596 2.0 1.878787878787879 1.0909090909090908 1.494949494949495 1.7373737373737375 1.898989898989899 1.1515151515151516 1.595959595959596 1.4343434343434343 1.1919191919191918 0.9090909090909091 1.97979797979798 1.7171717171717171 1.5757575757575757 0.9494949494949495 1.6565656565656566 1.3131313131313131 1.0101010101010102 1.7575757575757576 1.0909090909090908 1.7575757575757576 1.5757575757575757 0.9494949494949495 1.0303030303030303 1.696969696969697 1.0505050505050506 1.3131313131313131 1.3131313131313131 1.696969696969697 1.0505050505050506 1.6767676767676767 0.8484848484848485 1.393939393939394
5 23.41403217315069 2.121212121212121 2.515151515151515 2.121212121212121 2.878787878787879 2.515151515151515 2.121212121212121 1.9393939393939394 1.5454545454545454 1.6666666666666667 2.393939393939394 1.4545454545454546 2.0303030303030303 1.2727272727272727 2.1515151515151514 2.5757575757575757 2.484848484848485 2.9393939393939394 3.0 2.8181818181818183 1.6363636363636365 2.242424242424242 2.606060606060606 2.8484848484848486 1.7272727272727273 2.393939393939394 2.1515151515151514 1.7878787878787878 1.3636363636363635 2.9696969696969697 2.5757575757575757 2.3636363636363638 1.4242424242424243 2.484848484848485 1.9696969696969697 1.5151515151515151 2.6363636363636362 1.6363636363636365 2.6363636363636362 2.3636363636363638 1.4242424242424243 1.5454545454545454 2.5454545454545454 1.5757575757575757 1.9696969696969697 1.9696969696969697 2.5454545454545454 1.5757575757575757 2.515151515151515 1.2727272727272727 2.090909090909091
6 50.464193379039294 2.121212121212121 2.515151515151515 2.121212121212121 2.878787878787879 2.515151515151515 2.121212121212121 1.9393939393939394 1.5454545454545454 1.6666666666666667 2.393939393939394 1.4545454545454546 2.0303030303030303 1.2727272727272727 2.1515151515151514 2.5757575757575757 2.484848484848485 2.9393939393939394 3.0 2.8181818181818183 1.6363636363636365 2.242424242424242 2.606060606060606 2.8484848484848486 1.7272727272727273 2.393939393939394 2.1515151515151514 1.7878787878787878 1.3636363636363635 2.9696969696969697 2.5757575757575757 2.3636363636363638 1.4242424242424243 2.484848484848485 1.9696969696969697 1.5151515151515151 2.6363636363636362 1.6363636363636365 2.6363636363636362 2.3636363636363638 1.4242424242424243 1.5454545454545454 2.5454545454545454 1.5757575757575757 1.9696969696969697 1.9696969696969697 2.5454545454545454 1.5757575757575757 2.515151515151515 1.2727272727272727 2.090909090909091
7 114.0227030399986 2.121212121212121 2.515151515151515 2.121212121212121 2.878787878787879 2.515151515151515 2.121212121212121 1.9393939393939394 1.5454545454545454 1.6666666666666667 2.393939393939394 1.4545454545454546 2.0303030303030303 1.2727272727272727 2.1515151515151514 2.5757575757575757 2.484848484848485 2.9393939393939394 3.0 2.8181818181818183 1.6363636363636365 2.242424242424242 2.606060606060606 2.8484848484848486 1.7272727272727273 2.393939393939394 2.1515151515151514 1.7878787878787878 1.3636363636363635 2.9696969696969697 2.5757575757575757 2.3636363636363638 1.4242424242424243 2.484848484848485 1.9696969696969697 1.5151515151515151 2.6363636363636362 1.6363636363636365 2.6363636363636362 2.3636363636363638 1.4242424242424243 1.5454545454545454 2.5454545454545454 1.5757575757575757 1.9696969696969697 1.9696969696969697 2.5454545454545454 1.5757575757575757 2.515151515151515 1.2727272727272727 2.090909090909091
8 186.72954180812772 2.121212121212121 2.515151515151515 2.121212121212121 2.878787878787879 2.515151515151515 2.121212121212121 1.9393939393939394 1.5454545454545454 1.6666666666666667 2.393939393939394 1.4545454545454546 2.0303030303030303 1.2727272727272727 2.1515151515151514 2.5757575757575757 2.484848484848485 2.9393939393939394 3.0 2.8181818181818183 1.6363636363636365 2.242424242424242 2.606060606060606 2.8484848484848486 1.7272727272727273 2.393939393939394 2.1515151515151514 1.7878787878787878 1.3636363636363635 2.9696969696969697 2.5757575757575757 2.3636363636363638 1.4242424242424243 2.484848484848485 1.9696969696969697 1.5151515151515151 2.6363636363636362 1.6363636363636365 2.6363636363636362 2.3636363636363638 1.4242424242424243 1.5454545454545454 2.5454545454545454 1.5757575757575757 1.9696969696969697 1.9696969696969697 2.5454545454545454 1.5757575757575757 2.515151515151515 1.2727272727272727 2.090909090909091
9 119.54376256809688 1.4141414141414141 1.6767676767676767 1.4141414141414141 1.9191919191919191 1.6767676767676767 1.4141414141414141 1.292929292929293 1.0303030303030303 1.1111111111111112 1.595959595959596 0.9696969696969697 1.3535353535353536 0.8484848484848485 1.4343434343434343 1.7171717171717171 1.6565656565656566 1.9595959595959596 2.0 1.878787878787879 1.0909090909090908 1.494949494949495 1.7373737373737375 1.898989898989899 1.1515151515151516 1.595959595959596 1.4343434343434343 1.1919191919191918 0.9090909090909091 1.97979797979798 1.7171717171717171 1.5757575757575757 0.9494949494949495 1.6565656565656566 1.3131313131313131 1.0101010101010102 1.7575757575757576 1.0909090909090908 1.7575757575757576 1.5757575757575757 0.9494949494949495 1.0303030303030303 1.696969696969697 1.0505050505050506 1.3131313131313131 1.3131313131313131 1.696969696969697 1.0505050505050506 1.6767676767676767 0.8484848484848485 1.393939393939394
10 385.3170521578678 1.4141414141414141 1.6767676767676767 1.4141414141414141 1.9191919191919191 1.6767676767676767 1.4141414141414141 1.292929292929293 1.0303030303030303 1.1111111111111112 1.595959595959596 0.9696969696969697 1.3535353535353536 0.8484848484848485 1.4343434343434343 1.7171717171717171 1.6565656565656566 1.9595959595959596 2.0 1.878787878787879 1.0909090909090908 1.494949494949495 1.7373737373737375 1.898989898989899 1.1515151515151516 1.595959595959596 1.4343434343434343 1.1919191919191918 0.9090909090909091 1.97979797979798 1.7171717171717171 1.5757575757575757 0.9494949494949495 1.6565656565656566 1.3131313131313131 1.0101010101010102 1.7575757575757576 1.0909090909090908 1.7575757575757576 1.5757575757575757 0.9494949494949495 1.0303030303030303 1.696969696969697 1.0505050505050506 1.3131313131313131 1.3131313131313131 1.696969696969697 1.0505050505050506 1.6767676767676767 0.8484848484848485 1.393939393939394
11 52.36363728251194 2.121212121212121 2.515151515151515 2.121212121212121 2.878787878787879 2.515151515151515 2.121212121212121 1.9393939393939394 1.5454545454545454 1.6666666666666667 2.393939393939394 1.4545454545454546 2.0303030303030303 1.2727272727272727 2.1515151515151514 2.5757575757575757 2.484848484848485 2.9393939393939394 3.0 2.8181818181818183 1.6363636363636365 2.242424242424242 2.606060606060606 2.8484848484848486 1.7272727272727273 2.393939393939394 2.1515151515151514 1.7878787878787878 1.3636363636363635 2.9696969696969697 2.5757575757575757 2.3636363636363638 1.4242424242424243 2.484848484848485 1.9696969696969697 1.5151515151515151 2.6363636363636362 1.6363636363636365 2.6363636363636362 2.3636363636363638 1.4242424242424243 1.5454545454545454 2.5454545454545454 1.5757575757575757 1.9696969696969697 1.9696969696969697 2.5454545454545454 1.5757575757575757 2.515151515151515 1.2727272727272727 2.090909090909091
12 20.411976192634217 1.4141414141414141 1.6767676767676767 1.4141414141414141 1.9191919191919191 1.6767676767676767 1.4141414141414141 1.292929292929293 1.0303030303030303 1.1111111111111112 1.595959595959596 0.9696969696969697 1.3535353535353536 0.8484848484848485 1.4343434343434343 1.7171717171717171 1.6565656565656566 1.9595959595959596 2.0 1.878787878787879 1.0909090909090908 1.494949494949495 1.7373737373737375 1.898989898989899 1.1515151515151516 1.595959595959596 1.4343434343434343 1.1919191919191918 0.9090909090909091 1.97979797979798 1.7171717171717171 1.5757575757575757 0.9494949494949495 1.6565656565656566 1.3131313131313131 1.0101010101010102 1.7575757575757576 1.0909090909090908 1.7575757575757576 1.5757575757575757 0.9494949494949495 1.0303030303030303 1.696969696969697 1.0505050505050506 1.3131313131313131 1.3131313131313131 1.696969696969697 1.0505050505050506 1.6767676767676767 0.8484848484848485 1.393939393939394
13 16.0 2.121212121212121 2.515151515151515 2.121212121212121 2.878787878787879 2.515151515151515 2.121212121212121 1.9393939393939394 1.5454545454545454 1.6666666666666667 2.393939393939394 1.4545454545454546 2.0303030303030303 1.2727272727272727 2.1515151515151514 2.5757575757575757 2.484848484848485 2.9393939393939394 3.0 2.8181818181818183 1.6363636363636365 2.242424242424242 2.606060606060606 2.8484848484848486 1.7272727272727273 2.393939393939394 2.1515151515151514 1.7878787878787878 1.3636363636363635 2.9696969696969697 2.5757575757575757 2.3636363636363638 1.4242424242424243 2.484848484848485 1.9696969696969697 1.5151515151515151 2.6363636363636362 1.6363636363636365 2.6363636363636362 2.3636363636363638 1.4242424242424243 1.5454545454545454 2.5454545454545454 1.5757575757575757 1.9696969696969697 1.9696969696969697 2.5454545454545454 1.5757575757575757 2.515151515151515 1.2727272727272727 2.090909090909091
14 74.0 1.4141414141414141 1.6767676767676767 1.4141414141414141 1.9191919191919191 1.6767676767676767 1.4141414141414141 1.292929292929293 1.0303030303030303 1.1111111111111112 1.595959595959596 0.9696969696969697 1.3535353535353536 0.8484848484848485 1.4343434343434343 1.7171717171717171 1.6565656565656566 1.9595959595959596 2.0 1.878787878787879 1.0909090909090908 1.494949494949495 1.7373737373737375 1.898989898989899 1.1515151515151516 1.595959595959596 1.4343434343434343 1.1919191919191918 0.9090909090909091 1.97979797979798 1.7171717171717171 1.5757575757575757 0.9494949494949495 1.6565656565656566 1.3131313131313131 1.0101010101010102 1.7575757575757576 1.0909090909090908 1.7575757575757576 1.5757575757575757 0.9494949494949495 1.0303030303030303 1.696969696969697 1.0505050505050506 1.3131313131313131 1.3131313131313131 1.696969696969697 1.0505050505050506 1.6767676767676767 0.8484848484848485 1.393939393939394
15 156.8655125532493 2.121212121212121 2.515151515151515 2.121212121212121 2.878787878787879 2.515151515151515 2.121212121212121 1.9393939393939394 1.5454545454545454 1.6666666666666667 2.393939393939394 1.4545454545454546 2.0303030303030303 1.2727272727272727 2.1515151515151514 2.5757575757575757 2.484848484848485 2.9393939393939394 3.0 2.8181818181818183 1.6363636363636365 2.242424242424242 2.606060606060606 2.8484848484848486 1.7272727272727273 2.393939393939394 2.1515151515151514 1.7878787878787878 1.3636363636363635 2.9696969696969697 2.5757575757575757 2.3636363636363638 1.4242424242424243 2.484848484848485 1.9696969696969697 1.5151515151515151 2.6363636363636362 1.6363636363636365 2.6363636363636362 2.3636363636363638 1.4242424242424243 1.5454545454545454 2.5454545454545454 1.5757575757575757 1.9696969696969697 1.9696969696969697 2.5454545454545454 1.5757575757575757 2.515151515151515 1.2727272727272727 2.090909090909091
16 4.432937143513637 2.121212121212121 2.515151515151515 2.121212121212121 2.878787878787879 2.515151515151515 2.121212121212121 1.9393939393939394 1.5454545454545454 1.6666666666666667 2.393939393939394 1.4545454545454546 2.0303030303030303 1.2727272727272727 2.1515151515151514 2.5757575757575757 2.484848484848485 2.9393939393939394 3.0 2.8181818181818183 1.6363636363636365 2.242424242424242 2.606060606060606 2.8484848484848486 1.7272727272727273 2.393939393939394 2.1515151515151514 1.7878787878787878 1.3636363636363635 2.9696969696969697 2.5757575757575757 2.3636363636363638 1.4242424242424243 2.484848484848485 1.9696969696969697 1.5151515151515151 2.6363636363636362 1.6363636363636365 2.6363636363636362 2.3636363636363638 1.4242424242424243 1.5454545454545454 2.5454545454545454 1.5757575757575757 1.9696969696969697 1.9696969696969697 2.5454545454545454 1.5757575757575757 2.515151515151515 1.2727272727272727 2.090909090909091
17 23.643129425665496 1.4141414141414141 1.6767676767676767 1.4141414141414141 1.9191919191919191 1.6767676767676767 1.4141414141414141 1.292929292929293 1.0303030303030303 1.1111111111111112 1.595959595959596 0.9696969696969697 1.3535353535353536 0.8484848484848485 1.4343434343434343 1.7171717171717171 1.6565656565656566 1.9595959595959596 2.0 1.878787878787879 1.0909090909090908 1.494949494949495 1.7373737373737375 1.898989898989899 1.1515151515151516 1.595959595959596 1.4343434343434343 1.1919191919191918 0.9090909090909091 1.97979797979798 1.7171717171717171 1.5757575757575757 0.9494949494949495 1.6565656565656566 1.3131313131313131 1.0101010101010102 1.7575757575757576 1.0909090909090908 1.7575757575757576 1.5757575757575757 0.9494949494949495 1.0303030303030303 1.696969696969697 1.0505050505050506 1.3131313131313131 1.3131313131313131 1.696969696969697 1.0505050505050506 1.6767676767676767 0.8484848484848485 1.393939393939394
18 5.115530303030304 1.4141414141414141 1.6767676767676767 1.4141414141414141 1.9191919191919191 1.6767676767676767 1.4141414141414141 1.292929292929293 1.0303030303030303 1.1111111111111112 1.595959595959596 0.9696969696969697 1.3535353535353536 0.8484848484848485 1.4343434343434343 1.7171717171717171 1.6565656565656566 1.9595959595959596 2.0 1.878787878787879 1.0909090909090908 1.494949494949495 1.7373737373737375 1.898989898989899 1.1515151515151516 1.595959595959596 1.4343434343434343 1.1919191919191918 0.9090909090909091 1.97979797979798 1.7171717171717171 1.5757575757575757 0.9494949494949495 1.6565656565656566 1.3131313131313131 1.0101010101010102 1.7575757575757576 1.0909090909090908 1.7575757575757576 1.5757575757575757 0.9494949494949495 1.0303030303030303 1.696969696969697 1.0505050505050506 1.3131313131313131 1.3131313131313131 1.696969696969697 1.0505050505050506 1.6767676767676767 0.8484848484848485 1.393939393939394
19 300.46815412731524 2.121212121212121 2.515151515151515 2.121212121212121 2.878787878787879 2.515151515151515 2.121212121212121 1.9393939393939394 1.5454545454545454 1.6666666666666667 2.393939393939394 1.4545454545454546 2.0303030303030303 1.2727272727272727 2.1515151515151514 2.5757575757575757 2.484848484848485 2.9393939393939394 3.0 2.8181818181818183 1.6363636363636365 2.242424242424242 2.606060606060606 2.8484848484848486 1.7272727272727273 2.393939393939394 2.1515151515151514 1.7878787878787878 1.3636363636363635 2.9696969696969697 2.5757575757575757 2.3636363636363638 1.4242424242424243 2.484848484848485 1.9696969696969697 1.5151515151515151 2.6363636363636362 1.6363636363636365 2.6363636363636362 2.3636363636363638 1.4242424242424243 1.5454545454545454 2.5454545454545454 1.5757575757575757 1.9696969696969697 1.9696969696969697 2.5454545454545454 1.5757575757575757 2.515151515151515 1.2727272727272727 2.090909090909091
20 314.9956941944137 1.4141414141414141 1.6767676767676767 1.4141414141414141 1.9191919191919191 1.6767676767676767 1.4141414141414141 1.292929292929293 1.0303030303030303 1.1111111111111112 1.595959595959596 0.9696969696969697 1.3535353535353536 0.8484848484848485 1.4343434343434343 1.7171717171717171 1.6565656565656566 1.9595959595959596 2.0 1.878787878787879 1.0909090909090908 1.494949494949495 1.7373737373737375 1.898989898989899 1.1515151515151516 1.595959595959596 1.4343434343434343 1.1919191919191918 0.9090909090909091 1.97979797979798 1.7171717171717171 1.5757575757575757 0.9494949494949495 1.6565656565656566 1.3131313131313131 1.0101010101010102 1.7575757575757576 1.0909090909090908 1.7575757575757576 1.5757575757575757 0.9494949494949495 1.0303030303030303 1.696969696969697 1.0505050505050506 1.3131313131313131 1.3131313131313131 1.696969696969697 1.0505050505050506 1.6767676767676767 0.8484848484848485 1.393939393939394
21 61.07683576755143 2.121212121212121 2.515151515151515 2.121212121212121 2.878787878787879 2.515151515151515 2.121212121212121 1.9393939393939394 1.5454545454545454 1.6666666666666667 2.393939393939394 1.4545454545454546 2.0303030303030303 1.2727272727272727 2.1515151515151514 2.5757575757575757 2.484848484848485 2.9393939393939394 3.0 2.8181818181818183 1.6363636363636365 2.242424242424242 2.606060606060606 2.8484848484848486 1.7272727272727273 2.393939393939394 2.1515151515151514 1.7878787878787878 1.3636363636363635 2.9696969696969697 2.5757575757575757 2.3636363636363638 1.4242424242424243 2.484848484848485 1.9696969696969697 1.5151515151515151 2.6363636363636362 1.6363636363636365 2.6363636363636362 2.3636363636363638 1.4242424242424243 1.5454545454545454 2.5454545454545454 1.5757575757575757 1.9696969696969697 1.9696969696969697 2.5454545454545454 1.5757575757575757 2.515151515151515 1.2727272727272727 2.090909090909091
22 107.81491231213442 2.121212121212121 2.515151515151515 2.121212121212121 2.878787878787879 2.515151515151515 2.121212121212121 1.9393939393939394 1.5454545454545454 1.6666666666666667 2.393939393939394 1.4545454545454546 2.0303030303030303 1.2727272727272727 2.1515151515151514 2.5757575757575757 2.484848484848485 2.9393939393939394 3.0 2.8181818181818183 1.6363636363636365 2.242424242424242 2.606060606060606 2.8484848484848486 1.7272727272727273 2.393939393939394 2.1515151515151514 1.7878787878787878 1.3636363636363635 2.9696969696969697 2.5757575757575757 2.3636363636363638 1.4242424242424243 2.484848484848485 1.9696969696969697 1.5151515151515151 2.6363636363636362 1.6363636363636365 2.6363636363636362 2.3636363636363638 1.4242424242424243 1.5454545454545454 2.5454545454545454 1.5757575757575757 1.9696969696969697 1.9696969696969697 2.5454545454545454 1.5757575757575757 2.515151515151515 1.2727272727272727 2.090909090909091
23 33.0 1.4141414141414141 1.6767676767676767 1.4141414141414141 1.9191919191919191 1.6767676767676767 1.4141414141414141 1.292929292929293 1.0303030303030303 1.1111111111111112 1.595959595959596 0.9696969696969697 1.3535353535353536 0.8484848484848485 1.4343434343434343 1.7171717171717171 1.6565656565656566 1.9595959595959596 2.0 1.878787878787879 1.0909090909090908 1.494949494949495 1.7373737373737375 1.898989898989899 1.1515151515151516 1.595959595959596 1.4343434343434343 1.1919191919191918 0.9090909090909091 1.97979797979798 1.7171717171717171 1.5757575757575757 0.9494949494949495 1.6565656565656566 1.3131313131313131 1.0101010101010102 1.7575757575757576 1.0909090909090908 1.7575757575757576 1.5757575757575757 0.9494949494949495 1.0303030303030303 1.696969696969697 1.0505050505050506 1.3131313131313131 1.3131313131313131 1.696969696969697 1.0505050505050506 1.6767676767676767 0.8484848484848485 1.393939393939394
24 82.25115596428115 1.4141414141414141 1.6767676767676767 1.4141414141414141 1.9191919191919191 1.6767676767676767 1.4141414141414141 1.292929292929293 1.0303030303030303 1.1111111111111112 1.595959595959596 0.9696969696969697 1.3535353535353536 0.8484848484848485 1.4343434343434343 1.7171717171717171 1.6565656565656566 1.9595959595959596 2.0 1.878787878787879 1.0909090909090908 1.494949494949495 1.7373737373737375 1.898989898989899 1.1515151515151516 1.595959595959596 1.4343434343434343 1.1919191919191918 0.9090909090909091 1.97979797979798 1.7171717171717171 1.5757575757575757 0.9494949494949495 1.6565656565656566 1.3131313131313131 1.0101010101010102 1.7575757575757576 1.0909090909090908 1.7575757575757576 1.5757575757575757 0.9494949494949495 1.0303030303030303 1.696969696969697 1.0505050505050506 1.3131313131313131 1.3131313131313131 1.696969696969697 1.0505050505050506 1.6767676767676767 0.8484848484848485 1.393939393939394
25 93.0 2.121212121212121 2.515151515151515 2.121212121212121 2.878787878787879 2.515151515151515 2.121212121212121 1.9393939393939394 1.5454545454545454 1.6666666666666667 2.393939393939394 1.4545454545454546 2.0303030303030303 1.2727272727272727 2.1515151515151514 2.5757575757575757 2.484848484848485 2.9393939393939394 3.0 2.8181818181818183 1.6363636363636365 2.242424242424242 2.606060606060606 2.8484848484848486 1.7272727272727273 2.393939393939394 2.1515151515151514 1.7878787878787878 1.3636363636363635 2.9696969696969697 2.5757575757575757 2.3636363636363638 1.4242424242424243 2.484848484848485 1.9696969696969697 1.5151515151515151 2.6363636363636362 1.6363636363636365 2.6363636363636362 2.3636363636363638 1.4242424242424243 1.5454545454545454 2.5454545454545454 1.5757575757575757 1.9696969696969697 1.9696969696969697 2.5454545454545454 1.5757575757575757 2.515151515151515 1.2727272727272727 2.090909090909091
26 16.494504811189586 1.4141414141414141 1.6767676767676767 1.4141414141414141 1.9191919191919191 1.6767676767676767 1.4141414141414141 1.292929292929293 1.0303030303030303 1.1111111111111112 1.595959595959596 0.9696969696969697 1.3535353535353536 0.8484848484848485 1.4343434343434343 1.7171717171717171 1.6565656565656566 1.9595959595959596 2.0 1.878787878787879 1.0909090909090908 1.494949494949495 1.7373737373737375 1.898989898989899 1.1515151515151516 1.595959595959596 1.4343434343434343 1.1919191919191918 0.9090909090909091 1.97979797979798 1.7171717171717171 1.5757575757575757 0.9494949494949495 1.6565656565656566 1.3131313131313131 1.0101010101010102 1.7575757575757576 1.0909090909090908 1.7575757575757576 1.5757575757575757 0.9494949494949495 1.0303030303030303 1.696969696969697 1.0505050505050506 1.3131313131313131 1.3131313131313131 1.696969696969697 1.0505050505050506 1.6767676767676767 0.8484848484848485 1.393939393939394
27 89.2557330011346 1.4141414141414141 1.6767676767676767 1.4141414141414141 1.9191919191919191 1.6767676767676767 1.4141414141414141 1.292929292929293 1.0303030303030303 1.1111111111111112 1.595959595959596 0.9696969696969697 1.3535353535353536 0.8484848484848485 1.4343434343434343 1.7171717171717171 1.6565656565656566 1.9595959595959596 2.0 1.878787878787879 1.0909090909090908 1.494949494949495 1.7373737373737375 1.898989898989899 1.1515151515151516 1.595959595959596 1.4343434343434343 1.1919191919191918 0.9090909090909091 1.97979797979798 1.7171717171717171 1.5757575757575757 0.9494949494949495 1.6565656565656566 1.3131313131313131 1.0101010101010102 1.7575757575757576 1.0909090909090908 1.7575757575757576 1.5757575757575757 0.9494949494949495 1.0303030303030303 1.696969696969697 1.0505050505050506 1.3131313131313131 1.3131313131313131 1.696969696969697 1.0505050505050506 1.6767676767676767 0.8484848484848485 1.393939393939394
28 136.94463074258277 2.121212121212121 2.515151515151515 2.121212121212121 2.878787878787879 2.515151515151515 2.121212121212121 1.9393939393939394 1.5454545454545454 1.6666666666666667 2.393939393939394 1.4545454545454546 2.0303030303030303 1.2727272727272727 2.1515151515151514 2.5757575757575757 2.484848484848485 2.9393939393939394 3.0 2.8181818181818183 1.6363636363636365 2.242424242424242 2.606060606060606 2.8484848484848486 1.7272727272727273 2.393939393939394 2.1515151515151514 1.7878787878787878 1.3636363636363635 2.9696969696969697 2.5757575757575757 2.3636363636363638 1.4242424242424243 2.484848484848485 1.9696969696969697 1.5151515151515151 2.6363636363636362 1.6363636363636365 2.6363636363636362 2.3636363636363638 1.4242424242424243 1.5454545454545454 2.5454545454545454 1.5757575757575757 1.9696969696969697 1.9696969696969697 2.5454545454545454 1.5757575757575757 2.515151515151515 1.2727272727272727 2.090909090909091
29 11.419148380355274 1.4141414141414141 1.6767676767676767 1.4141414141414141 1.9191919191919191 1.6767676767676767 1.4141414141414141 1.292929292929293 1.0303030303030303 1.1111111111111112 1.595959595959596 0.9696969696969697 1.3535353535353536 0.8484848484848485 1.4343434343434343 1.7171717171717171 1.6565656565656566 1.9595959595959596 2.0 1.878787878787879 1.0909090909090908 1.494949494949495 1.7373737373737375 1.898989898989899 1.1515151515151516 1.595959595959596 1.4343434343434343 1.1919191919191918 0.9090909090909091 1.97979797979798 1.7171717171717171 1.5757575757575757 0.9494949494949495 1.6565656565656566 1.3131313131313131 1.0101010101010102 1.7575757575757576 1.0909090909090908 1.7575757575757576 1.5757575757575757 0.9494949494949495 1.0303030303030303 1.696969696969697 1.0505050505050506 1.3131313131313131 1.3131313131313131 1.696969696969697 1.0505050505050506 1.6767676767676767 0.8484848484848485 1.393939393939394
30 95.43737488669957 2.121212121212121 2.515151515151515 2.121212121212121 2.878787878787879 2.515151515151515 2.121212121212121 1.9393939393939394 1.5454545454545454 1.6666666666666667 2.393939393939394 1.4545454545454546 2.0303030303030303 1.2727272727272727 2.1515151515151514 2.5757575757575757 2.484848484848485 2.9393939393939394 3.0 2.8181818181818183 1.6363636363636365 2.242424242424242 2.606060606060606 2.8484848484848486 1.7272727272727273 2.393939393939394 2.1515151515151514 1.7878787878787878 1.3636363636363635 2.9696969696969697 2.5757575757575757 2.3636363636363638 1.4242424242424243 2.484848484848485 1.9696969696969697 1.5151515151515151 2.6363636363636362 1.6363636363636365 2.6363636363636362 2.3636363636363638 1.4242424242424243 1.5454545454545454 2.5454545454545454 1.5757575757575757 1.9696969696969697 1.9696969696969697 2.5454545454545454 1.5757575757575757 2.515151515151515 1.2727272727272727 2.090909090909091
31 169.8656890423502 1.4141414141414141 1.6767676767676767 1.4141414141414141 1.9191919191919191 1.6767676767676767 1.4141414141414141 1.292929292929293 1.0303030303030303 1.1111111111111112 1.595959595959596 0.9696969696969697 1.3535353535353536 0.8484848484848485 1.4343434343434343 1.7171717171717171 1.6565656565656566 1.9595959595959596 2.0 1.878787878787879 1.0909090909090908 1.494949494949495 1.7373737373737375 1.898989898989899 1.1515151515151516 1.595959595959596 1.4343434343434343 1.1919191919191918 0.9090909090909091 1.97979797979798 1.7171717171717171 1.5757575757575757 0.9494949494949495 1.6565656565656566 1.3131313131313131 1.0101010101010102 1.7575757575757576 1.0909090909090908 1.7575757575757576 1.5757575757575757 0.9494949494949495 1.0303030303030303 1.696969696969697 1.0505050505050506 1.3131313131313131 1.3131313131313131 1.696969696969697 1.0505050505050506 1.6767676767676767 0.8484848484848485 1.393939393939394
32 20.501150742782997 1.4141414141414141 1.6767676767676767 1.4141414141414141 1.9191919191919191 1.6767676767676767 1.4141414141414141 1.292929292929293 1.0303030303030303 1.1111111111111112 1.595959595959596 0.9696969696969697 1.3535353535353536 0.8484848484848485 1.4343434343434343 1.7171717171717171 1.6565656565656566 1.9595959595959596 2.0 1.878787878787879 1.0909090909090908 1.494949494949495 1.7373737373737375 1.898989898989899 1.1515151515151516 1.595959595959596 1.4343434343434343 1.1919191919191918 0.9090909090909091 1.97979797979798 1.7171717171717171 1.5757575757575757 0.9494949494949495 1.6565656565656566 1.3131313131313131 1.0101010101010102 1.7575757575757576 1.0909090909090908 1.7575757575757576 1.5757575757575757 0.9494949494949495 1.0303030303030303 1.696969696969697 1.0505050505050506 1.3131313131313131 1.3131313131313131 1.696969696969697 1.0505050505050506 1.6767676767676767 0.8484848484848485 1.393939393939394
33 151.13967655863092 1.4141414141414141 1.6767676767676767 1.4141414141414141 1.9191919191919191 1.6767676767676767 1.4141414141414141 1.292929292929293 1.0303030303030303 1.1111111111111112 1.595959595959596 0.9696969696969697 1.3535353535353536 0.8484848484848485 1.4343434343434343 1.7171717171717171 1.6565656565656566 1.9595959595959596 2.0 1.878787878787879 1.0909090909090908 1.494949494949495 1.7373737373737375 1.898989898989899 1.1515151515151516 1.595959595959596 1.4343434343434343 1.1919191919191918 0.9090909090909091 1.97979797979798 1.7171717171717171 1.5757575757575757 0.9494949494949495 1.6565656565656566 1.3131313131313131 1.0101010101010102 1.7575757575757576 1.0909090909090908 1.7575757575757576 1.5757575757575757 0.9494949494949495 1.0303030303030303 1.696969696969697 1.0505050505050506 1.3131313131313131 1.3131313131313131 1.696969696969697 1.0505050505050506 1.6767676767676767 0.8484848484848485 1.393939393939394
34 34.967544033196724 1.4141414141414141 1.6767676767676767 1.4141414141414141 1.9191919191919191 1.6767676767676767 1.4141414141414141 1.292929292929293 1.0303030303030303 1.1111111111111112 1.595959595959596 0.9696969696969697 1.3535353535353536 0.8484848484848485 1.4343434343434343 1.7171717171717171 1.6565656565656566 1.9595959595959596 2.0 1.878787878787879 1.0909090909090908 1.494949494949495 1.7373737373737375 1.898989898989899 1.1515151515151516 1.595959595959596 1.4343434343434343 1.1919191919191918 0.9090909090909091 1.97979797979798 1.7171717171717171 1.5757575757575757 0.9494949494949495 1.6565656565656566 1.3131313131313131 1.0101010101010102 1.7575757575757576 1.0909090909090908 1.7575757575757576 1.5757575757575757 0.9494949494949495 1.0303030303030303 1.696969696969697 1.0505050505050506 1.3131313131313131 1.3131313131313131 1.696969696969697 1.0505050505050506 1.6767676767676767 0.8484848484848485 1.393939393939394
35 139.32232152540084 2.121212121212121 2.515151515151515 2.121212121212121 2.878787878787879 2.515151515151515 2.121212121212121 1.9393939393939394 1.5454545454545454 1.6666666666666667 2.393939393939394 1.4545454545454546 2.0303030303030303 1.2727272727272727 2.1515151515151514 2.5757575757575757 2.484848484848485 2.9393939393939394 3.0 2.8181818181818183 1.6363636363636365 2.242424242424242 2.606060606060606 2.8484848484848486 1.7272727272727273 2.393939393939394 2.1515151515151514 1.7878787878787878 1.3636363636363635 2.9696969696969697 2.5757575757575757 2.3636363636363638 1.4242424242424243 2.484848484848485 1.9696969696969697 1.5151515151515151 2.6363636363636362 1.6363636363636365 2.6363636363636362 2.3636363636363638 1.4242424242424243 1.5454545454545454 2.5454545454545454 1.5757575757575757 1.9696969696969697 1.9696969696969697 2.5454545454545454 1.5757575757575757 2.515151515151515 1.2727272727272727 2.090909090909091
36 141.39951055923132 1.4141414141414141 1.6767676767676767 1.4141414141414141 1.9191919191919191 1.6767676767676767 1.4141414141414141 1.292929292929293 1.0303030303030303 1.1111111111111112 1.595959595959596 0.9696969696969697 1.3535353535353536 0.8484848484848485 1.4343434343434343 1.7171717171717171 1.6565656565656566 1.9595959595959596 2.0 1.878787878787879 1.0909090909090908 1.494949494949495 1.7373737373737375 1.898989898989899 1.1515151515151516 1.595959595959596 1.4343434343434343 1.1919191919191918 0.9090909090909091 1.97979797979798 1.7171717171717171 1.5757575757575757 0.9494949494949495 1.6565656565656566 1.3131313131313131 1.0101010101010102 1.7575757575757576 1.0909090909090908 1.7575757575757576 1.5757575757575757 0.9494949494949495 1.0303030303030303 1.696969696969697 1.0505050505050506 1.3131313131313131 1.3131313131313131 1.696969696969697 1.0505050505050506 1.6767676767676767 0.8484848484848485 1.393939393939394
37 165.36689456651843 2.121212121212121 2.515151515151515 2.121212121212121 2.878787878787879 2.515151515151515 2.121212121212121 1.9393939393939394 1.5454545454545454 1.6666666666666667 2.393939393939394 1.4545454545454546 2.0303030303030303 1.2727272727272727 2.1515151515151514 2.5757575757575757 2.484848484848485 2.9393939393939394 3.0 2.8181818181818183 1.6363636363636365 2.242424242424242 2.606060606060606 2.8484848484848486 1.7272727272727273 2.393939393939394 2.1515151515151514 1.7878787878787878 1.3636363636363635 2.9696969696969697 2.5757575757575757 2.3636363636363638 1.4242424242424243 2.484848484848485 1.9696969696969697 1.5151515151515151 2.6363636363636362 1.6363636363636365 2.6363636363636362 2.3636363636363638 1.4242424242424243 1.5454545454545454 2.5454545454545454 1.5757575757575757 1.9696969696969697 1.9696969696969697 2.5454545454545454 1.5757575757575757 2.515151515151515 1.2727272727272727 2.090909090909091
38 23.521384395944743 1.4141414141414141 1.6767676767676767 1.4141414141414141 1.9191919191919191 1.6767676767676767 1.4141414141414141 1.292929292929293 1.0303030303030303 1.1111111111111112 1.595959595959596 0.9696969696969697 1.3535353535353536 0.8484848484848485 1.4343434343434343 1.7171717171717171 1.6565656565656566 1.9595959595959596 2.0 1.878787878787879 1.0909090909090908 1.494949494949495 1.7373737373737375 1.898989898989899 1.1515151515151516 1.595959595959596 1.4343434343434343 1.1919191919191918 0.9090909090909091 1.97979797979798 1.7171717171717171 1.5757575757575757 0.9494949494949495 1.6565656565656566 1.3131313131313131 1.0101010101010102 1.7575757575757576 1.0909090909090908 1.7575757575757576 1.5757575757575757 0.9494949494949495 1.0303030303030303 1.696969696969697 1.0505050505050506 1.3131313131313131 1.3131313131313131 1.696969696969697 1.0505050505050506 1.6767676767676767 0.8484848484848485 1.393939393939394
39 15.339387896915323 1.4141414141414141 1.6767676767676767 1.4141414141414141 1.9191919191919191 1.6767676767676767 1.4141414141414141 1.292929292929293 1.0303030303030303 1.1111111111111112 1.595959595959596 0.9696969696969697 1.3535353535353536 0.8484848484848485 1.4343434343434343 1.7171717171717171 1.6565656565656566 1.9595959595959596 2.0 1.878787878787879 1.0909090909090908 1.494949494949495 1.7373737373737375 1.898989898989899 1.1515151515151516 1.595959595959596 1.4343434343434343 1.1919191919191918 0.9090909090909091 1.97979797979798 1.7171717171717171 1.5757575757575757 0.9494949494949495 1.6565656565656566 1.3131313131313131 1.0101010101010102 1.7575757575757576 1.0909090909090908 1.7575757575757576 1.5757575757575757 0.9494949494949495 1.0303030303030303 1.696969696969697 1.0505050505050506 1.3131313131313131 1.3131313131313131 1.696969696969697 1.0505050505050506 1.6767676767676767 0.8484848484848485 1.393939393939394
