40 20
TREE NETWORK (nID nID Weight):
21 0 54
36 0 56
25 21 34
1 21 48
30 25 32
11 25 39
15 1 40
12 36 32
20 36 48
7 25 41
29 25 30
31 0 43
19 11 38
13 7 57
17 29 49
10 19 34
5 13 42
34 25 36
8 0 56
6 17 57
16 31 54
38 5 43
3 16 52
32 10 31
33 34 48
2 12 44
14 31 59
22 20 43
18 2 31
28 11 36
37 19 44
35 16 57
23 38 38
27 37 42
24 10 35
4 27 56
26 18 53
39 4 46
9 28 45
PROGRAMS ASSIGNED TO NODES (nID pID1 pID2 ...):
0 1 2 3 4 5 6 7 8 9 10 11 12 13 14 15 16 17 18 19 20
1 18 19 20 8 12 13
2 2 4 6 7 15
3 1 2 3 4 5 6 7 9 10 11 12 13 14 15 16 17 18 19 20
4 1 4 5 8 9 10 12 15 16 17 18 19 20
5 1 2 3 4 5 7 8 9 10 11 13 14 15 16 17 18 19 20
6 2 3 4 5 6 7 8 9 12 13 15 18 19
7 4 20 13
8 1 3 5 7 8 9 10 11 12 13 14 15 16 17 18 19 20
9 16 3 9 10 11 12 13 15
10 17 1 2 18 19 6 7 9 10 11 15
11 18 15
12 18 19 4 10 11
13 18 6 14
15 1 3 4 5 7 9 10 13 14 15 16 17 18 19 20
16 3 5 7
17 1 2 4 5 6 7 8 9 10 11 12 13 14 15 16 17 18 19 20
18 16 18 2 19 20 7 8 10 11 12 13
19 5 14
20 1 2 3 4 5 6 7 8 10 11 12 13 14 18 19 20
21 2 3 7 9 12 15
22 2 3 4 5 6 7 8 9 10 11 12 13 14 15 16 18 19 20
23 3 4 6 7 12 13 14
24 17 3 20 5 6 8 12 15
25 2 3 4 5 7 8 9 11 12 13 14 15 16 18 20
26 2 3 4 5 10 11 13 14 15 16 17 18 19
27 1 2 3 4 5 6 7 8 9 10 12 13 15 17 19
28 5
29 1 2 3 4 5 6 7 8 9 10 11 12 13 14 15 17 18 19 20
30 1 2 3 4 5 6 7 8 9 10 12 13 14 15 16 18 19 20
31 16 17 1 2 20 5 7 8 10 14 15
32 1 17 18 3 8 12 14 15
33 1 18 2 5 7 8 12 13 14
34 16 1 18 4 6 11 14 15
35 1 3 4 5 6 9 10 11 12 14 15 16 17 18 19 20
36 17 2 3 19 5 9 10 11 12 14 15
37 2 4 5 7 9 10 11 12 13 14 16 17 18 19 20
38 1 2 3 4 6 7 8 9 10 11 12 13 14 15 18 19 20
39 1 17 2 19 4 20 7 8 9 10 11 15
SIZE OF PROGRAMS (pID SIZE):
1 77.0
2 88.0
3 63.0
4 60.0
5 60.0
6 50.0
7 99.0
8 45.0
9 85.0
10 88.0
11 90.0
12 50.0
13 92.0
14 64.0
15 84.0
16 53.0
17 92.0
18 60.0
19 63.0
20 87.0
COST TO INSTALL SERVERS AND PROGRAMS ON NODES (COST_TO_INSTALL_SERVER COST_TO_INSTALL_pID1 ...):
0 5393.939393939395 2.3333333333333335 2.6666666666666665 1.9090909090909092 1.8181818181818181 1.8181818181818181 1.5151515151515151 3.0 1.3636363636363635 2.5757575757575757 2.6666666666666665 2.727272727272727 1.5151515151515151 2.787878787878788 1.9393939393939394 2.5454545454545454 1.606060606060606 2.787878787878788 1.8181818181818181 1.9090909090909092 2.6363636363636362
1 6.511733071455301 2.3333333333333335 2.6666666666666665 1.9090909090909092 1.8181818181818181 1.8181818181818181 1.5151515151515151 3.0 1.3636363636363635 2.5757575757575757 2.6666666666666665 2.727272727272727 1.5151515151515151 2.787878787878788 1.9393939393939394 2.5454545454545454 1.606060606060606 2.787878787878788 1.8181818181818181 1.9090909090909092 2.6363636363636362
2 44.80170122275384 1.5555555555555556 1.7777777777777777 1.2727272727272727 1.2121212121212122 1.2121212121212122 1.0101010101010102 2.0 0.9090909090909091 1.7171717171717171 1.7777777777777777 1.8181818181818181 1.0101010101010102 1.8585858585858586 1.292929292929293 1.696969696969697 1.0707070707070707 1.8585858585858586 1.2121212121212122 1.2727272727272727 1.7575757575757576
3 63.06116245941828 1.5555555555555556 1.7777777777777777 1.2727272727272727 1.2121212121212122 1.2121212121212122 1.0101010101010102 2.0 0.9090909090909091 1.7171717171717171 1.7777777777777777 1.8181818181818181 1.0101010101010102 1.8585858585858586 1.292929292929293 1.696969696969697 1.0707070707070707 1.8585858585858586 1.2121212121212122 1.2727272727272727 1.7575757575757576
4 134.1240049432683 1.5555555555555556 1.7777777777777777 1.2727272727272727 1.2121212121212122 1.2121212121212122 1.0101010101010102 2.0 0.9090909090909091 1.7171717171717171 1.7777777777777777 1.8181818181818181 1.0101010101010102 1.8585858585858586 1.292929292929293 1.696969696969697 1.0707070707070707 1.8585858585858586 1.2121212121212122 1.2727272727272727 1.7575757575757576
5 156.18707778837296 1.5555555555555556 1.7777777777777777 1.2727272727272727 1.2121212121212122 1.2121212121212122 1.0101010101010102 2.0 0.9090909090909091 1.7171717171717171 1.7777777777777777 1.8181818181818181 1.0101010101010102 1.8585858585858586 1.292929292929293 1.696969696969697 1.0707070707070707 1.8585858585858586 1.2121212121212122 1.2727272727272727 1.7575757575757576
6 15.986487128610086 2.3333333333333335 2.6666666666666665 1.9090909090909092 1.8181818181818181 1.8181818181818181 1.5151515151515151 3.0 1.3636363636363635 2.5757575757575757 2.6666666666666665 2.727272727272727 1.5151515151515151 2.787878787878788 1.9393939393939394 2.5454545454545454 1.606060606060606 2.787878787878788 1.8181818181818181 1.9090909090909092 2.6363636363636362
7 55.70319578927904 2.3333333333333335 2.6666666666666665 1.9090909090909092 1.8181818181818181 1.8181818181818181 1.5151515151515151 3.0 1.3636363636363635 2.5757575757575757 2.6666666666666665 2.727272727272727 1.5151515151515151 2.787878787878788 1.9393939393939394 2.5454545454545454 1.606060606060606 2.787878787878788 1.8181818181818181 1.9090909090909092 2.6363636363636362
8 60.0 2.3333333333333335 2.6666666666666665 1.9090909090909092 1.8181818181818181 1.8181818181818181 1.5151515151515151 3.0 1.3636363636363635 2.5757575757575757 2.6666666666666665 2.727272727272727 1.5151515151515151 2.787878787878788 1.9393939393939394 2.5454545454545454 1.606060606060606 2.787878787878788 1.8181818181818181 1.9090909090909092 2.6363636363636362
9 11.285461706049945 2.3333333333333335 2.6666666666666665 1.9090909090909092 1.8181818181818181 1.8181818181818181 1.5151515151515151 3.0 1.3636363636363635 2.5757575757575757 2.6666666666666665 2.727272727272727 1.5151515151515151 2.787878787878788 1.9393939393939394 2.5454545454545454 1.606060606060606 2.787878787878788 1.8181818181818181 1.9090909090909092 2.6363636363636362
10 147.89895328079018 1.5555555555555556 1.7777777777777777 1.2727272727272727 1.2121212121212122 1.2121212121212122 1.0101010101010102 2.0 0.9090909090909091 1.7171717171717171 1.7777777777777777 1.8181818181818181 1.0101010101010102 1.8585858585858586 1.292929292929293 1.696969696969697 1.0707070707070707 1.8585858585858586 1.2121212121212122 1.2727272727272727 1.7575757575757576
11 15.535372398117504 2.3333333333333335 2.6666666666666665 1.9090909090909092 1.8181818181818181 1.8181818181818181 1.5151515151515151 3.0 1.3636363636363635 2.5757575757575757 2.6666666666666665 2.727272727272727 1.5151515151515151 2.787878787878788 1.9393939393939394 2.5454545454545454 1.606060606060606 2.787878787878788 1.8181818181818181 1.9090909090909092 2.6363636363636362
12 11.21754385964913 2.3333333333333335 2.6666666666666665 1.9090909090909092 1.8181818181818181 1.8181818181818181 1.5151515151515151 3.0 1.3636363636363635 2.5757575757575757 2.6666666666666665 2.727272727272727 1.5151515151515151 2.787878787878788 1.9393939393939394 2.5454545454545454 1.606060606060606 2.787878787878788 1.8181818181818181 1.9090909090909092 2.6363636363636362
13 29.61050293225783 2.3333333333333335 2.6666666666666665 1.9090909090909092 1.8181818181818181 1.8181818181818181 1.5151515151515151 3.0 1.3636363636363635 2.5757575757575757 2.6666666666666665 2.727272727272727 1.5151515151515151 2.787878787878788 1.9393939393939394 2.5454545454545454 1.606060606060606 2.787878787878788 1.8181818181818181 1.9090909090909092 2.6363636363636362
14 95.0 2.3333333333333335 2.6666666666666665 1.9090909090909092 1.8181818181818181 1.8181818181818181 1.5151515151515151 3.0 1.3636363636363635 2.5757575757575757 2.6666666666666665 2.727272727272727 1.5151515151515151 2.787878787878788 1.9393939393939394 2.5454545454545454 1.606060606060606 2.787878787878788 1.8181818181818181 1.9090909090909092 2.6363636363636362
15 34.82980218855221 1.5555555555555556 1.7777777777777777 1.2727272727272727 1.2121212121212122 1.2121212121212122 1.0101010101010102 2.0 0.9090909090909091 1.7171717171717171 1.7777777777777777 1.8181818181818181 1.0101010101010102 1.8585858585858586 1.292929292929293 1.696969696969697 1.0707070707070707 1.8585858585858586 1.2121212121212122 1.2727272727272727 1.7575757575757576
16 7.5772746848328225 1.5555555555555556 1.7777777777777777 1.2727272727272727 1.2121212121212122 1.2121212121212122 1.0101010101010102 2.0 0.9090909090909091 1.7171717171717171 1.7777777777777777 1.8181818181818181 1.0101010101010102 1.8585858585858586 1.292929292929293 1.696969696969697 1.0707070707070707 1.8585858585858586 1.2121212121212122 1.2727272727272727 1.7575757575757576
17 60.11967519090367 2.3333333333333335 2.6666666666666665 1.9090909090909092 1.8181818181818181 1.8181818181818181 1.5151515151515151 3.0 1.3636363636363635 2.5757575757575757 2.6666666666666665 2.727272727272727 1.5151515151515151 2.787878787878788 1.9393939393939394 2.5454545454545454 1.606060606060606 2.787878787878788 1.8181818181818181 1.9090909090909092 2.6363636363636362
18 18.270267769864546 2.3333333333333335 2.6666666666666665 1.9090909090909092 1.8181818181818181 1.8181818181818181 1.5151515151515151 3.0 1.3636363636363635 2.5757575757575757 2.6666666666666665 2.727272727272727 1.5151515151515151 2.787878787878788 1.9393939393939394 2.5454545454545454 1.606060606060606 2.787878787878788 1.8181818181818181 1.9090909090909092 2.6363636363636362
19 61.62312709268335 1.5555555555555556 1.7777777777777777 1.2727272727272727 1.2121212121212122 1.2121212121212122 1.0101010101010102 2.0 0.9090909090909091 1.7171717171717171 1.7777777777777777 1.8181818181818181 1.0101010101010102 1.8585858585858586 1.292929292929293 1.696969696969697 1.0707070707070707 1.8585858585858586 1.2121212121212122 1.2727272727272727 1.7575757575757576
20 7.532196969696976 1.5555555555555556 1.7777777777777777 1.2727272727272727 1.2121212121212122 1.2121212121212122 1.0101010101010102 2.0 0.9090909090909091 1.7171717171717171 1.7777777777777777 1.8181818181818181 1.0101010101010102 1.8585858585858586 1.292929292929293 1.696969696969697 1.0707070707070707 1.8585858585858586 1.2121212121212122 1.2727272727272727 1.7575757575757576
21 86.0 1.5555555555555556 1.7777777777777777 1.2727272727272727 1.2121212121212122 1.2121212121212122 1.0101010101010102 2.0 0.9090909090909091 1.7171717171717171 1.7777777777777777 1.8181818181818181 1.0101010101010102 1.8585858585858586 1.292929292929293 1.696969696969697 1.0707070707070707 1.8585858585858586 1.2121212121212122 1.2727272727272727 1.7575757575757576
22 29.441222042950912 2.3333333333333335 2.6666666666666665 1.9090909090909092 1.8181818181818181 1.8181818181818181 1.5151515151515151 3.0 1.3636363636363635 2.5757575757575757 2.6666666666666665 2.727272727272727 1.5151515151515151 2.787878787878788 1.9393939393939394 2.5454545454545454 1.606060606060606 2.787878787878788 1.8181818181818181 1.9090909090909092 2.6363636363636362
23 13.674958008297077 1.5555555555555556 1.7777777777777777 1.2727272727272727 1.2121212121212122 1.2121212121212122 1.0101010101010102 2.0 0.9090909090909091 1.7171717171717171 1.7777777777777777 1.8181818181818181 1.0101010101010102 1.8585858585858586 1.292929292929293 1.696969696969697 1.0707070707070707 1.8585858585858586 1.2121212121212122 1.2727272727272727 1.7575757575757576
24 14.620370424209435 1.5555555555555556 1.7777777777777777 1.2727272727272727 1.2121212121212122 1.2121212121212122 1.0101010101010102 2.0 0.9090909090909091 1.7171717171717171 1.7777777777777777 1.8181818181818181 1.0101010101010102 1.8585858585858586 1.292929292929293 1.696969696969697 1.0707070707070707 1.8585858585858586 1.2121212121212122 1.2727272727272727 1.7575757575757576
25 13.78490790255497 1.5555555555555556 1.7777777777777777 1.2727272727272727 1.2121212121212122 1.2121212121212122 1.0101010101010102 2.0 0.9090909090909091 1.7171717171717171 1.7777777777777777 1.8181818181818181 1.0101010101010102 1.8585858585858586 1.292929292929293 1.696969696969697 1.0707070707070707 1.8585858585858586 1.2121212121212122 1.2727272727272727 1.7575757575757576
26 81.07255518153701 2.3333333333333335 2.6666666666666665 1.9090909090909092 1.8181818181818181 1.8181818181818181 1.5151515151515151 3.0 1.3636363636363635 2.5757575757575757 2.6666666666666665 2.727272727272727 1.5151515151515151 2.787878787878788 1.9393939393939394 2.5454545454545454 1.606060606060606 2.787878787878788 1.8181818181818181 1.9090909090909092 2.6363636363636362
27 168.99069421290778 2.3333333333333335 2.6666666666666665 1.9090909090909092 1.8181818181818181 1.8181818181818181 1.5151515151515151 3.0 1.3636363636363635 2.5757575757575757 2.6666666666666665 2.727272727272727 1.5151515151515151 2.787878787878788 1.9393939393939394 2.5454545454545454 1.606060606060606 2.787878787878788 1.8181818181818181 1.9090909090909092 2.6363636363636362
28 14.17368823986471 2.3333333333333335 2.6666666666666665 1.9090909090909092 1.8181818181818181 1.8181818181818181 1.5151515151515151 3.0 1.3636363636363635 2.5757575757575757 2.6666666666666665 2.727272727272727 1.5151515151515151 2.787878787878788 1.9393939393939394 2.5454545454545454 1.606060606060606 2.787878787878788 1.8181818181818181 1.9090909090909092 2.6363636363636362
29 38.7886521612012 1.5555555555555556 1.7777777777777777 1.2727272727272727 1.2121212121212122 1.2121212121212122 1.0101010101010102 2.0 0.9090909090909091 1.7171717171717171 1.7777777777777777 1.8181818181818181 1.0101010101010102 1.8585858585858586 1.292929292929293 1.696969696969697 1.0707070707070707 1.8585858585858586 1.2121212121212122 1.2727272727272727 1.7575757575757576
30 34.63700263731226 1.5555555555555556 1.7777777777777777 1.2727272727272727 1.2121212121212122 1.2121212121212122 1.0101010101010102 2.0 0.9090909090909091 1.7171717171717171 1.7777777777777777 1.8181818181818181 1.0101010101010102 1.8585858585858586 1.292929292929293 1.696969696969697 1.0707070707070707 1.8585858585858586 1.2121212121212122 1.2727272727272727 1.7575757575757576
31 40.0 2.3333333333333335 2.6666666666666665 1.9090909090909092 1.8181818181818181 1.8181818181818181 1.5151515151515151 3.0 1.3636363636363635 2.5757575757575757 2.6666666666666665 2.727272727272727 1.5151515151515151 2.787878787878788 1.9393939393939394 2.5454545454545454 1.606060606060606 2.787878787878788 1.8181818181818181 1.9090909090909092 2.6363636363636362
32 76.4626870360195 2.3333333333333335 2.6666666666666665 1.9090909090909092 1.8181818181818181 1.8181818181818181 1.5151515151515151 3.0 1.3636363636363635 2.5757575757575757 2.6666666666666665 2.727272727272727 1.5151515151515151 2.787878787878788 1.9393939393939394 2.5454545454545454 1.606060606060606 2.787878787878788 1.8181818181818181 1.9090909090909092 2.6363636363636362
33 43.62795231729054 1.5555555555555556 1.7777777777777777 1.2727272727272727 1.2121212121212122 1.2121212121212122 1.0101010101010102 2.0 0.9090909090909091 1.7171717171717171 1.7777777777777777 1.8181818181818181 1.0101010101010102 1.8585858585858586 1.292929292929293 1.696969696969697 1.0707070707070707 1.8585858585858586 1.2121212121212122 1.2727272727272727 1.7575757575757576
34 8.826737967914443 2.3333333333333335 2.6666666666666665 1.9090909090909092 1.8181818181818181 1.8181818181818181 1.5151515151515151 3.0 1.3636363636363635 2.5757575757575757 2.6666666666666665 2.727272727272727 1.5151515151515151 2.787878787878788 1.9393939393939394 2.5454545454545454 1.606060606060606 2.787878787878788 1.8181818181818181 1.9090909090909092 2.6363636363636362
35 37.30854458618876 1.5555555555555556 1.7777777777777777 1.2727272727272727 1.2121212121212122 1.2121212121212122 1.0101010101010102 2.0 0.9090909090909091 1.7171717171717171 1.7777777777777777 1.8181818181818181 1.0101010101010102 1.8585858585858586 1.292929292929293 1.696969696969697 1.0707070707070707 1.8585858585858586 1.2121212121212122 1.2727272727272727 1.7575757575757576
36 4.4512299869442735 1.5555555555555556 1.7777777777777777 1.2727272727272727 1.2121212121212122 1.2121212121212122 1.0101010101010102 2.0 0.9090909090909091 1.7171717171717171 1.7777777777777777 1.8181818181818181 1.0101010101010102 1.8585858585858586 1.292929292929293 1.696969696969697 1.0707070707070707 1.8585858585858586 1.2121212121212122 1.2727272727272727 1.7575757575757576
37 43.842239727172654 1.5555555555555556 1.7777777777777777 1.2727272727272727 1.2121212121212122 1.2121212121212122 1.0101010101010102 2.0 0.9090909090909091 1.7171717171717171 1.7777777777777777 1.8181818181818181 1.0101010101010102 1.8585858585858586 1.292929292929293 1.696969696969697 1.0707070707070707 1.8585858585858586 1.2121212121212122 1.2727272727272727 1.7575757575757576
38 125.94919297957408 1.5555555555555556 1.7777777777777777 1.2727272727272727 1.2121212121212122 1.2121212121212122 1.0101010101010102 2.0 0.9090909090909091 1.7171717171717171 1.7777777777777777 1.8181818181818181 1.0101010101010102 1.8585858585858586 1.292929292929293 1.696969696969697 1.0707070707070707 1.8585858585858586 1.2121212121212122 1.2727272727272727 1.7575757575757576
39 29.835403614896137 2.3333333333333335 2.6666666666666665 1.9090909090909092 1.8181818181818181 1.8181818181818181 1.5151515151515151 3.0 1.3636363636363635 2.5757575757575757 2.6666666666666665 2.727272727272727 1.5151515151515151 2.787878787878788 1.9393939393939394 2.5454545454545454 1.606060606060606 2.787878787878788 1.8181818181818181 1.9090909090909092 2.6363636363636362
