60 30
TREE NETWORK (nID nID Weight):
13 0 48
4 13 57
11 13 35
52 13 43
50 4 58
53 13 57
8 52 58
30 8 35
48 8 38
6 52 44
32 52 35
12 48 38
24 8 59
49 11 35
28 24 35
33 49 55
44 0 31
35 12 33
5 52 50
38 50 47
7 38 50
15 50 37
10 38 45
3 35 48
26 24 34
20 50 55
42 5 44
55 50 52
43 44 47
22 26 58
17 35 49
19 13 42
27 28 49
58 30 46
2 43 40
34 10 40
57 48 49
59 53 50
1 32 55
29 33 53
23 3 34
37 24 32
36 52 45
51 28 44
41 7 35
39 59 47
45 27 49
46 6 52
25 7 54
31 25 42
21 2 48
14 13 43
40 1 59
16 22 49
18 17 57
56 17 39
54 49 45
47 14 51
9 53 41
PROGRAMS ASSIGNED TO NODES (nID pID1 pID2 ...):
0 1 2 3 4 5 6 7 8 9 10 11 12 13 14 15 16 17 18 19 20 21 22 23 24 25 26 27 28 29 30
1 1 2 4 6 7 8 10 11 14 16 17 22 23 25 26 27 28 30
2 17
3 1 3 5 6 7 8 9 10 11 12 15 16 17 18 19 20 21 22 23 24 26 27 28 29 30
4 17 19 3 21 6 22 23 7 8 24 26 10
5 1 2 4 9 10 11 13 14 15 17 18 19 23 26 27
6 23
7 1 2 3 4 5 6 8 9 11 13 14 17 20 21 22 23 25 26 28 29 30
8 17 1 18 20 22 28 12 30 15
9 1 2 3 4 6 7 8 9 11 12 13 14 15 16 18 19 20 21 22 23 24 25 26 27 28
10 16 21 22 9 25 14
11 16 17 3 5 8 9 25 12
12 1 2 3 4 6 7 8 9 11 12 13 14 16 24 25 27 28 29
13 3 4 5 6 8 9 13 14 15 16 20 23 27 30
14 1 2 3 5 7 8 9 10 11 12 13 14 15 16 17 18 19 21 22 23 24 25 26 27 28 29 30
15 1 2 3 5 6 7 8 9 10 11 12 13 14 15 16 17 19 20 21 22 23 24 27 28 29 30
17 21 6 24 8 25 26 11
18 2 4 5 6 7 8 11 12 13 14 15 17 18 19 20 22 23 24 25 26 27 28 29 30
19 1 2 5 6 8 9 12 13 15 16 17 22 23 24 28 30
20 16 17 2 3 20 5 6 11 28 14
21 1 2 3 4 5 7 10 12 14 18 19 20 22 24 25 26 28 29
22 1 2 4 5 6 8 9 10 11 13 14 15 16 18 19 20 21 22 24 26 28 29 30
23 1 3 4 5 6 7 9 10 11 12 16 17 18 19 20 22 24 25 26 27 28 29 30
25 24
26 16 1 20 6 22 9 10 26 11
27 1 2 3 6 7 8 10 11 13 15 16 17 20 22 25 27 29 30
28 1 3 6 8 11 13 15 17 18 21 22 23 25 29
29 1 19 4 20 21 7 26 10 28 14 30 15
30 16 1 29 30
31 1 2 18 19 3 22 23 12 29 14 15
33 21 6 25 27 28 29 14
34 1 2 4 5 6 7 8 9 10 11 12 13 14 16 18 19 20 21 22 25 27 28
35 3 6 25 11 15
36 2 3 4 5 6 9 10 11 12 13 14 15 16 17 18 20 22 23 24 25 27
37 1 2 3 4 5 6 7 10 11 13 14 19 25 26 27 28 29
38 23 24 26 28
39 19 23 24 9 28 12 29 30 15
40 2 4 6 22 25 10 26 11 13 30 14 15
41 1 3 4 5 7 8 9 10 11 13 14 16 17 18 19 20 21 22 23 24 25 26 27 28 29
42 1 5 6 7 8 9 14 15 16 18 19 21 29
44 1 2 3 4 5 6 7 8 9 10 12 13 15 16 19 20 22 23 24 25 26 27 28 29 30
45 1 17 2 19 20 4 5 6 7 10 26 30
46 1 2 3 4 5 7 9 11 13 17 18 19 20 21 22 24 25 28 29 30
47 1 2 4 7 8 9 10 11 12 13 15 17 18 20 21 23 24 25 27 28 29 30
48 1 2 4 5 6 7 8 9 11 12 13 14 15 16 17 18 20 21 22 23 24 25 27 28
49 1 3 6 8 9 10 11 14 18 22 23 24 26 29
50 2 4 5 6 7 8 10 12 14 15 16 18 19 20 21 22 23 24 26 28 29 30
51 1 2 3 4 5 6 7 8 9 10 11 13 14 15 16 17 18 19 20 21 22 23 24 25 26 27 28 29
52 1 2 3 4 5 6 7 8 9 10 11 12 13 14 15 16 17 18 19 20 22 23 24 25 26 27 28 29 30
53 26 13
54 2 3 5 6 7 8 9 11 12 14 15 16 18 20 21 22 24 25 26 28 29
55 1 3 4 6 7 8 9 10 11 12 14 15 16 17 18 20 22 24 27 28 29 30
56 1 2 3 4 5 6 7 9 10 12 14 15 17 18 19 21 22 23 24 25 29 30
57 1 2 3 4 6 7 9 10 11 12 13 14 15 16 17 18 19 20 21 23 24 25 26 27 29 30
58 18 6 7 9 26 27
59 1 17 19 3 22 8 10 28 15
SIZE OF PROGRAMS (pID SIZE):
1 65.0
2 66.0
3 73.0
4 99.0
5 83.0
6 97.0
7 88.0
8 48.0
9 75.0
10 66.0
11 75.0
12 52.0
13 64.0
14 55.0
15 61.0
16 94.0
17 93.0
18 71.0
19 62.0
20 56.0
21 42.0
22 69.0
23 53.0
24 98.0
25 41.0
26 96.0
27 72.0
28 45.0
29 44.0
30 57.0
COST TO INSTALL SERVERS AND PROGRAMS ON NODES (COST_TO_INSTALL_SERVER COST_TO_INSTALL_pID1 ...):
0 5161.616161616161 1.3131313131313131 1.3333333333333333 1.4747474747474747 2.0 1.6767676767676767 1.9595959595959596 1.7777777777777777 0.9696969696969697 1.5151515151515151 1.3333333333333333 1.5151515151515151 1.0505050505050506 1.292929292929293 1.1111111111111112 1.2323232323232323 1.898989898989899 1.878787878787879 1.4343434343434343 1.2525252525252526 1.1313131313131313 0.8484848484848485 1.393939393939394 1.0707070707070707 1.97979797979798 0.8282828282828283 1.9393939393939394 1.4545454545454546 0.9090909090909091 0.8888888888888888 1.1515151515151516
1 21.046942227208014 1.9696969696969697 2.0 2.212121212121212 3.0 2.515151515151515 2.9393939393939394 2.6666666666666665 1.4545454545454546 2.272727272727273 2.0 2.272727272727273 1.5757575757575757 1.9393939393939394 1.6666666666666667 1.8484848484848484 2.8484848484848486 2.8181818181818183 2.1515151515151514 1.878787878787879 1.696969696969697 1.2727272727272727 2.090909090909091 1.606060606060606 2.9696969696969697 1.2424242424242424 2.909090909090909 2.1818181818181817 1.3636363636363635 1.3333333333333333 1.7272727272727273
2 31.881107402092297 1.9696969696969697 2.0 2.212121212121212 3.0 2.515151515151515 2.9393939393939394 2.6666666666666665 1.4545454545454546 2.272727272727273 2.0 2.272727272727273 1.5757575757575757 1.9393939393939394 1.6666666666666667 1.8484848484848484 2.8484848484848486 2.8181818181818183 2.1515151515151514 1.878787878787879 1.696969696969697 1.2727272727272727 2.090909090909091 1.606060606060606 2.9696969696969697 1.2424242424242424 2.909090909090909 2.1818181818181817 1.3636363636363635 1.3333333333333333 1.7272727272727273
3 267.79968695203416 1.3131313131313131 1.3333333333333333 1.4747474747474747 2.0 1.6767676767676767 1.9595959595959596 1.7777777777777777 0.9696969696969697 1.5151515151515151 1.3333333333333333 1.5151515151515151 1.0505050505050506 1.292929292929293 1.1111111111111112 1.2323232323232323 1.898989898989899 1.878787878787879 1.4343434343434343 1.2525252525252526 1.1313131313131313 0.8484848484848485 1.393939393939394 1.0707070707070707 1.97979797979798 0.8282828282828283 1.9393939393939394 1.4545454545454546 0.9090909090909091 0.8888888888888888 1.1515151515151516
4 15.942558007923052 1.3131313131313131 1.3333333333333333 1.4747474747474747 2.0 1.6767676767676767 1.9595959595959596 1.7777777777777777 0.9696969696969697 1.5151515151515151 1.3333333333333333 1.5151515151515151 1.0505050505050506 1.292929292929293 1.1111111111111112 1.2323232323232323 1.898989898989899 1.878787878787879 1.4343434343434343 1.2525252525252526 1.1313131313131313 0.8484848484848485 1.393939393939394 1.0707070707070707 1.97979797979798 0.8282828282828283 1.9393939393939394 1.4545454545454546 0.9090909090909091 0.8888888888888888 1.1515151515151516
5 59.0028995312069 1.9696969696969697 2.0 2.212121212121212 3.0 2.515151515151515 2.9393939393939394 2.6666666666666665 1.4545454545454546 2.272727272727273 2.0 2.272727272727273 1.5757575757575757 1.9393939393939394 1.6666666666666667 1.8484848484848484 2.8484848484848486 2.8181818181818183 2.1515151515151514 1.878787878787879 1.696969696969697 1.2727272727272727 2.090909090909091 1.606060606060606 2.9696969696969697 1.2424242424242424 2.909090909090909 2.1818181818181817 1.3636363636363635 1.3333333333333333 1.7272727272727273
6 70.35511363636368 1.3131313131313131 1.3333333333333333 1.4747474747474747 2.0 1.6767676767676767 1.9595959595959596 1.7777777777777777 0.9696969696969697 1.5151515151515151 1.3333333333333333 1.5151515151515151 1.0505050505050506 1.292929292929293 1.1111111111111112 1.2323232323232323 1.898989898989899 1.878787878787879 1.4343434343434343 1.2525252525252526 1.1313131313131313 0.8484848484848485 1.393939393939394 1.0707070707070707 1.97979797979798 0.8282828282828283 1.9393939393939394 1.4545454545454546 0.9090909090909091 0.8888888888888888 1.1515151515151516
7 62.17587714196197 1.3131313131313131 1.3333333333333333 1.4747474747474747 2.0 1.6767676767676767 1.9595959595959596 1.7777777777777777 0.9696969696969697 1.5151515151515151 1.3333333333333333 1.5151515151515151 1.0505050505050506 1.292929292929293 1.1111111111111112 1.2323232323232323 1.898989898989899 1.878787878787879 1.4343434343434343 1.2525252525252526 1.1313131313131313 0.8484848484848485 1.393939393939394 1.0707070707070707 1.97979797979798 0.8282828282828283 1.9393939393939394 1.4545454545454546 0.9090909090909091 0.8888888888888888 1.1515151515151516
8 37.525254550314706 1.9696969696969697 2.0 2.212121212121212 3.0 2.515151515151515 2.9393939393939394 2.6666666666666665 1.4545454545454546 2.272727272727273 2.0 2.272727272727273 1.5757575757575757 1.9393939393939394 1.6666666666666667 1.8484848484848484 2.8484848484848486 2.8181818181818183 2.1515151515151514 1.878787878787879 1.696969696969697 1.2727272727272727 2.090909090909091 1.606060606060606 2.9696969696969697 1.2424242424242424 2.909090909090909 2.1818181818181817 1.3636363636363635 1.3333333333333333 1.7272727272727273
9 21.867774547339693 1.9696969696969697 2.0 2.212121212121212 3.0 2.515151515151515 2.9393939393939394 2.6666666666666665 1.4545454545454546 2.272727272727273 2.0 2.272727272727273 1.5757575757575757 1.9393939393939394 1.6666666666666667 1.8484848484848484 2.8484848484848486 2.8181818181818183 2.1515151515151514 1.878787878787879 1.696969696969697 1.2727272727272727 2.090909090909091 1.606060606060606 2.9696969696969697 1.2424242424242424 2.909090909090909 2.1818181818181817 1.3636363636363635 1.3333333333333333 1.7272727272727273
10 42.65293545836266 1.9696969696969697 2.0 2.212121212121212 3.0 2.515151515151515 2.9393939393939394 2.6666666666666665 1.4545454545454546 2.272727272727273 2.0 2.272727272727273 1.5757575757575757 1.9393939393939394 1.6666666666666667 1.8484848484848484 2.8484848484848486 2.8181818181818183 2.1515151515151514 1.878787878787879 1.696969696969697 1.2727272727272727 2.090909090909091 1.606060606060606 2.9696969696969697 1.2424242424242424 2.909090909090909 2.1818181818181817 1.3636363636363635 1.3333333333333333 1.7272727272727273
11 26.688939393939382 1.9696969696969697 2.0 2.212121212121212 3.0 2.515151515151515 2.9393939393939394 2.6666666666666665 1.4545454545454546 2.272727272727273 2.0 2.272727272727273 1.5757575757575757 1.9393939393939394 1.6666666666666667 1.8484848484848484 2.8484848484848486 2.8181818181818183 2.1515151515151514 1.878787878787879 1.696969696969697 1.2727272727272727 2.090909090909091 1.606060606060606 2.9696969696969697 1.2424242424242424 2.909090909090909 2.1818181818181817 1.3636363636363635 1.3333333333333333 1.7272727272727273
12 119.6257708215207 1.3131313131313131 1.3333333333333333 1.4747474747474747 2.0 1.6767676767676767 1.9595959595959596 1.7777777777777777 0.9696969696969697 1.5151515151515151 1.3333333333333333 1.5151515151515151 1.0505050505050506 1.292929292929293 1.1111111111111112 1.2323232323232323 1.898989898989899 1.878787878787879 1.4343434343434343 1.2525252525252526 1.1313131313131313 0.8484848484848485 1.393939393939394 1.0707070707070707 1.97979797979798 0.8282828282828283 1.9393939393939394 1.4545454545454546 0.9090909090909091 0.8888888888888888 1.1515151515151516
13 1.1410883023786262 1.3131313131313131 1.3333333333333333 1.4747474747474747 2.0 1.6767676767676767 1.9595959595959596 1.7777777777777777 0.9696969696969697 1.5151515151515151 1.3333333333333333 1.5151515151515151 1.0505050505050506 1.292929292929293 1.1111111111111112 1.2323232323232323 1.898989898989899 1.878787878787879 1.4343434343434343 1.2525252525252526 1.1313131313131313 0.8484848484848485 1.393939393939394 1.0707070707070707 1.97979797979798 0.8282828282828283 1.9393939393939394 1.4545454545454546 0.9090909090909091 0.8888888888888888 1.1515151515151516
14 13.531073819591274 1.9696969696969697 2.0 2.212121212121212 3.0 2.515151515151515 2.9393939393939394 2.6666666666666665 1.4545454545454546 2.272727272727273 2.0 2.272727272727273 1.5757575757575757 1.9393939393939394 1.6666666666666667 1.8484848484848484 2.8484848484848486 2.8181818181818183 2.1515151515151514 1.878787878787879 1.696969696969697 1.2727272727272727 2.090909090909091 1.606060606060606 2.9696969696969697 1.2424242424242424 2.909090909090909 2.1818181818181817 1.3636363636363635 1.3333333333333333 1.7272727272727273
15 93.1158793899492 1.9696969696969697 2.0 2.212121212121212 3.0 2.515151515151515 2.9393939393939394 2.6666666666666665 1.4545454545454546 2.272727272727273 2.0 2.272727272727273 1.5757575757575757 1.9393939393939394 1.6666666666666667 1.8484848484848484 2.8484848484848486 2.8181818181818183 2.1515151515151514 1.878787878787879 1.696969696969697 1.2727272727272727 2.090909090909091 1.606060606060606 2.9696969696969697 1.2424242424242424 2.909090909090909 2.1818181818181817 1.3636363636363635 1.3333333333333333 1.7272727272727273
16 99.0 1.3131313131313131 1.3333333333333333 1.4747474747474747 2.0 1.6767676767676767 1.9595959595959596 1.7777777777777777 0.9696969696969697 1.5151515151515151 1.3333333333333333 1.5151515151515151 1.0505050505050506 1.292929292929293 1.1111111111111112 1.2323232323232323 1.898989898989899 1.878787878787879 1.4343434343434343 1.2525252525252526 1.1313131313131313 0.8484848484848485 1.393939393939394 1.0707070707070707 1.97979797979798 0.8282828282828283 1.9393939393939394 1.4545454545454546 0.9090909090909091 0.8888888888888888 1.1515151515151516
17 123.07989821345116 1.3131313131313131 1.3333333333333333 1.4747474747474747 2.0 1.6767676767676767 1.9595959595959596 1.7777777777777777 0.9696969696969697 1.5151515151515151 1.3333333333333333 1.5151515151515151 1.0505050505050506 1.292929292929293 1.1111111111111112 1.2323232323232323 1.898989898989899 1.878787878787879 1.4343434343434343 1.2525252525252526 1.1313131313131313 0.8484848484848485 1.393939393939394 1.0707070707070707 1.97979797979798 0.8282828282828283 1.9393939393939394 1.4545454545454546 0.9090909090909091 0.8888888888888888 1.1515151515151516
18 119.95139583119787 1.9696969696969697 2.0 2.212121212121212 3.0 2.515151515151515 2.9393939393939394 2.6666666666666665 1.4545454545454546 2.272727272727273 2.0 2.272727272727273 1.5757575757575757 1.9393939393939394 1.6666666666666667 1.8484848484848484 2.8484848484848486 2.8181818181818183 2.1515151515151514 1.878787878787879 1.696969696969697 1.2727272727272727 2.090909090909091 1.606060606060606 2.9696969696969697 1.2424242424242424 2.909090909090909 2.1818181818181817 1.3636363636363635 1.3333333333333333 1.7272727272727273
19 24.79738562091505 1.3131313131313131 1.3333333333333333 1.4747474747474747 2.0 1.6767676767676767 1.9595959595959596 1.7777777777777777 0.9696969696969697 1.5151515151515151 1.3333333333333333 1.5151515151515151 1.0505050505050506 1.292929292929293 1.1111111111111112 1.2323232323232323 1.898989898989899 1.878787878787879 1.4343434343434343 1.2525252525252526 1.1313131313131313 0.8484848484848485 1.393939393939394 1.0707070707070707 1.97979797979798 0.8282828282828283 1.9393939393939394 1.4545454545454546 0.9090909090909091 0.8888888888888888 1.1515151515151516
20 29.44694462776586 1.3131313131313131 1.3333333333333333 1.4747474747474747 2.0 1.6767676767676767 1.9595959595959596 1.7777777777777777 0.9696969696969697 1.5151515151515151 1.3333333333333333 1.5151515151515151 1.0505050505050506 1.292929292929293 1.1111111111111112 1.2323232323232323 1.898989898989899 1.878787878787879 1.4343434343434343 1.2525252525252526 1.1313131313131313 0.8484848484848485 1.393939393939394 1.0707070707070707 1.97979797979798 0.8282828282828283 1.9393939393939394 1.4545454545454546 0.9090909090909091 0.8888888888888888 1.1515151515151516
21 96.2708236010358 1.3131313131313131 1.3333333333333333 1.4747474747474747 2.0 1.6767676767676767 1.9595959595959596 1.7777777777777777 0.9696969696969697 1.5151515151515151 1.3333333333333333 1.5151515151515151 1.0505050505050506 1.292929292929293 1.1111111111111112 1.2323232323232323 1.898989898989899 1.878787878787879 1.4343434343434343 1.2525252525252526 1.1313131313131313 0.8484848484848485 1.393939393939394 1.0707070707070707 1.97979797979798 0.8282828282828283 1.9393939393939394 1.4545454545454546 0.9090909090909091 0.8888888888888888 1.1515151515151516
22 167.80385733932874 1.9696969696969697 2.0 2.212121212121212 3.0 2.515151515151515 2.9393939393939394 2.6666666666666665 1.4545454545454546 2.272727272727273 2.0 2.272727272727273 1.5757575757575757 1.9393939393939394 1.6666666666666667 1.8484848484848484 2.8484848484848486 2.8181818181818183 2.1515151515151514 1.878787878787879 1.696969696969697 1.2727272727272727 2.090909090909091 1.606060606060606 2.9696969696969697 1.2424242424242424 2.909090909090909 2.1818181818181817 1.3636363636363635 1.3333333333333333 1.7272727272727273
23 272.1036518785438 1.9696969696969697 2.0 2.212121212121212 3.0 2.515151515151515 2.9393939393939394 2.6666666666666665 1.4545454545454546 2.272727272727273 2.0 2.272727272727273 1.5757575757575757 1.9393939393939394 1.6666666666666667 1.8484848484848484 2.8484848484848486 2.8181818181818183 2.1515151515151514 1.878787878787879 1.696969696969697 1.2727272727272727 2.090909090909091 1.606060606060606 2.9696969696969697 1.2424242424242424 2.909090909090909 2.1818181818181817 1.3636363636363635 1.3333333333333333 1.7272727272727273
24 46.647975658615444 1.3131313131313131 1.3333333333333333 1.4747474747474747 2.0 1.6767676767676767 1.9595959595959596 1.7777777777777777 0.9696969696969697 1.5151515151515151 1.3333333333333333 1.5151515151515151 1.0505050505050506 1.292929292929293 1.1111111111111112 1.2323232323232323 1.898989898989899 1.878787878787879 1.4343434343434343 1.2525252525252526 1.1313131313131313 0.8484848484848485 1.393939393939394 1.0707070707070707 1.97979797979798 0.8282828282828283 1.9393939393939394 1.4545454545454546 0.9090909090909091 0.8888888888888888 1.1515151515151516
25 73.50549092419969 1.9696969696969697 2.0 2.212121212121212 3.0 2.515151515151515 2.9393939393939394 2.6666666666666665 1.4545454545454546 2.272727272727273 2.0 2.272727272727273 1.5757575757575757 1.9393939393939394 1.6666666666666667 1.8484848484848484 2.8484848484848486 2.8181818181818183 2.1515151515151514 1.878787878787879 1.696969696969697 1.2727272727272727 2.090909090909091 1.606060606060606 2.9696969696969697 1.2424242424242424 2.909090909090909 2.1818181818181817 1.3636363636363635 1.3333333333333333 1.7272727272727273
26 143.56431157057906 1.3131313131313131 1.3333333333333333 1.4747474747474747 2.0 1.6767676767676767 1.9595959595959596 1.7777777777777777 0.9696969696969697 1.5151515151515151 1.3333333333333333 1.5151515151515151 1.0505050505050506 1.292929292929293 1.1111111111111112 1.2323232323232323 1.898989898989899 1.878787878787879 1.4343434343434343 1.2525252525252526 1.1313131313131313 0.8484848484848485 1.393939393939394 1.0707070707070707 1.97979797979798 0.8282828282828283 1.9393939393939394 1.4545454545454546 0.9090909090909091 0.8888888888888888 1.1515151515151516
27 194.26422538973023 1.3131313131313131 1.3333333333333333 1.4747474747474747 2.0 1.6767676767676767 1.9595959595959596 1.7777777777777777 0.9696969696969697 1.5151515151515151 1.3333333333333333 1.5151515151515151 1.0505050505050506 1.292929292929293 1.1111111111111112 1.2323232323232323 1.898989898989899 1.878787878787879 1.4343434343434343 1.2525252525252526 1.1313131313131313 0.8484848484848485 1.393939393939394 1.0707070707070707 1.97979797979798 0.8282828282828283 1.9393939393939394 1.4545454545454546 0.9090909090909091 0.8888888888888888 1.1515151515151516
28 117.84321356693971 1.9696969696969697 2.0 2.212121212121212 3.0 2.515151515151515 2.9393939393939394 2.6666666666666665 1.4545454545454546 2.272727272727273 2.0 2.272727272727273 1.5757575757575757 1.9393939393939394 1.6666666666666667 1.8484848484848484 2.8484848484848486 2.8181818181818183 2.1515151515151514 1.878787878787879 1.696969696969697 1.2727272727272727 2.090909090909091 1.606060606060606 2.9696969696969697 1.2424242424242424 2.909090909090909 2.1818181818181817 1.3636363636363635 1.3333333333333333 1.7272727272727273
29 13.420107816711592 1.9696969696969697 2.0 2.212121212121212 3.0 2.515151515151515 2.9393939393939394 2.6666666666666665 1.4545454545454546 2.272727272727273 2.0 2.272727272727273 1.5757575757575757 1.9393939393939394 1.6666666666666667 1.8484848484848484 2.8484848484848486 2.8181818181818183 2.1515151515151514 1.878787878787879 1.696969696969697 1.2727272727272727 2.090909090909091 1.606060606060606 2.9696969696969697 1.2424242424242424 2.909090909090909 2.1818181818181817 1.3636363636363635 1.3333333333333333 1.7272727272727273
30 44.245518716781746 1.3131313131313131 1.3333333333333333 1.4747474747474747 2.0 1.6767676767676767 1.9595959595959596 1.7777777777777777 0.9696969696969697 1.5151515151515151 1.3333333333333333 1.5151515151515151 1.0505050505050506 1.292929292929293 1.1111111111111112 1.2323232323232323 1.898989898989899 1.878787878787879 1.4343434343434343 1.2525252525252526 1.1313131313131313 0.8484848484848485 1.393939393939394 1.0707070707070707 1.97979797979798 0.8282828282828283 1.9393939393939394 1.4545454545454546 0.9090909090909091 0.8888888888888888 1.1515151515151516
31 69.21478945308301 1.3131313131313131 1.3333333333333333 1.4747474747474747 2.0 1.6767676767676767 1.9595959595959596 1.7777777777777777 0.9696969696969697 1.5151515151515151 1.3333333333333333 1.5151515151515151 1.0505050505050506 1.292929292929293 1.1111111111111112 1.2323232323232323 1.898989898989899 1.878787878787879 1.4343434343434343 1.2525252525252526 1.1313131313131313 0.8484848484848485 1.393939393939394 1.0707070707070707 1.97979797979798 0.8282828282828283 1.9393939393939394 1.4545454545454546 0.9090909090909091 0.8888888888888888 1.1515151515151516
32 18.23759157785736 1.3131313131313131 1.3333333333333333 1.4747474747474747 2.0 1.6767676767676767 1.9595959595959596 1.7777777777777777 0.9696969696969697 1.5151515151515151 1.3333333333333333 1.5151515151515151 1.0505050505050506 1.292929292929293 1.1111111111111112 1.2323232323232323 1.898989898989899 1.878787878787879 1.4343434343434343 1.2525252525252526 1.1313131313131313 0.8484848484848485 1.393939393939394 1.0707070707070707 1.97979797979798 0.8282828282828283 1.9393939393939394 1.4545454545454546 0.9090909090909091 0.8888888888888888 1.1515151515151516
33 48.60468381291912 1.3131313131313131 1.3333333333333333 1.4747474747474747 2.0 1.6767676767676767 1.9595959595959596 1.7777777777777777 0.9696969696969697 1.5151515151515151 1.3333333333333333 1.5151515151515151 1.0505050505050506 1.292929292929293 1.1111111111111112 1.2323232323232323 1.898989898989899 1.878787878787879 1.4343434343434343 1.2525252525252526 1.1313131313131313 0.8484848484848485 1.393939393939394 1.0707070707070707 1.97979797979798 0.8282828282828283 1.9393939393939394 1.4545454545454546 0.9090909090909091 0.8888888888888888 1.1515151515151516
34 37.572183365204296 1.3131313131313131 1.3333333333333333 1.4747474747474747 2.0 1.6767676767676767 1.9595959595959596 1.7777777777777777 0.9696969696969697 1.5151515151515151 1.3333333333333333 1.5151515151515151 1.0505050505050506 1.292929292929293 1.1111111111111112 1.2323232323232323 1.898989898989899 1.878787878787879 1.4343434343434343 1.2525252525252526 1.1313131313131313 0.8484848484848485 1.393939393939394 1.0707070707070707 1.97979797979798 0.8282828282828283 1.9393939393939394 1.4545454545454546 0.9090909090909091 0.8888888888888888 1.1515151515151516
35 141.80013914686944 1.3131313131313131 1.3333333333333333 1.4747474747474747 2.0 1.6767676767676767 1.9595959595959596 1.7777777777777777 0.9696969696969697 1.5151515151515151 1.3333333333333333 1.5151515151515151 1.0505050505050506 1.292929292929293 1.1111111111111112 1.2323232323232323 1.898989898989899 1.878787878787879 1.4343434343434343 1.2525252525252526 1.1313131313131313 0.8484848484848485 1.393939393939394 1.0707070707070707 1.97979797979798 0.8282828282828283 1.9393939393939394 1.4545454545454546 0.9090909090909091 0.8888888888888888 1.1515151515151516
36 17.12375480492024 1.3131313131313131 1.3333333333333333 1.4747474747474747 2.0 1.6767676767676767 1.9595959595959596 1.7777777777777777 0.9696969696969697 1.5151515151515151 1.3333333333333333 1.5151515151515151 1.0505050505050506 1.292929292929293 1.1111111111111112 1.2323232323232323 1.898989898989899 1.878787878787879 1.4343434343434343 1.2525252525252526 1.1313131313131313 0.8484848484848485 1.393939393939394 1.0707070707070707 1.97979797979798 0.8282828282828283 1.9393939393939394 1.4545454545454546 0.9090909090909091 0.8888888888888888 1.1515151515151516
37 68.56195582317724 1.3131313131313131 1.3333333333333333 1.4747474747474747 2.0 1.6767676767676767 1.9595959595959596 1.7777777777777777 0.9696969696969697 1.5151515151515151 1.3333333333333333 1.5151515151515151 1.0505050505050506 1.292929292929293 1.1111111111111112 1.2323232323232323 1.898989898989899 1.878787878787879 1.4343434343434343 1.2525252525252526 1.1313131313131313 0.8484848484848485 1.393939393939394 1.0707070707070707 1.97979797979798 0.8282828282828283 1.9393939393939394 1.4545454545454546 0.9090909090909091 0.8888888888888888 1.1515151515151516
38 113.774003649669 1.3131313131313131 1.3333333333333333 1.4747474747474747 2.0 1.6767676767676767 1.9595959595959596 1.7777777777777777 0.9696969696969697 1.5151515151515151 1.3333333333333333 1.5151515151515151 1.0505050505050506 1.292929292929293 1.1111111111111112 1.2323232323232323 1.898989898989899 1.878787878787879 1.4343434343434343 1.2525252525252526 1.1313131313131313 0.8484848484848485 1.393939393939394 1.0707070707070707 1.97979797979798 0.8282828282828283 1.9393939393939394 1.4545454545454546 0.9090909090909091 0.8888888888888888 1.1515151515151516
39 18.896405400590442 1.9696969696969697 2.0 2.212121212121212 3.0 2.515151515151515 2.9393939393939394 2.6666666666666665 1.4545454545454546 2.272727272727273 2.0 2.272727272727273 1.5757575757575757 1.9393939393939394 1.6666666666666667 1.8484848484848484 2.8484848484848486 2.8181818181818183 2.1515151515151514 1.878787878787879 1.696969696969697 1.2727272727272727 2.090909090909091 1.606060606060606 2.9696969696969697 1.2424242424242424 2.909090909090909 2.1818181818181817 1.3636363636363635 1.3333333333333333 1.7272727272727273
40 28.23919959425674 1.9696969696969697 2.0 2.212121212121212 3.0 2.515151515151515 2.9393939393939394 2.6666666666666665 1.4545454545454546 2.272727272727273 2.0 2.272727272727273 1.5757575757575757 1.9393939393939394 1.6666666666666667 1.8484848484848484 2.8484848484848486 2.8181818181818183 2.1515151515151514 1.878787878787879 1.696969696969697 1.2727272727272727 2.090909090909091 1.606060606060606 2.9696969696969697 1.2424242424242424 2.909090909090909 2.1818181818181817 1.3636363636363635 1.3333333333333333 1.7272727272727273
41 85.30236408258963 1.3131313131313131 1.3333333333333333 1.4747474747474747 2.0 1.6767676767676767 1.9595959595959596 1.7777777777777777 0.9696969696969697 1.5151515151515151 1.3333333333333333 1.5151515151515151 1.0505050505050506 1.292929292929293 1.1111111111111112 1.2323232323232323 1.898989898989899 1.878787878787879 1.4343434343434343 1.2525252525252526 1.1313131313131313 0.8484848484848485 1.393939393939394 1.0707070707070707 1.97979797979798 0.8282828282828283 1.9393939393939394 1.4545454545454546 0.9090909090909091 0.8888888888888888 1.1515151515151516
42 13.575323542736339 1.9696969696969697 2.0 2.212121212121212 3.0 2.515151515151515 2.9393939393939394 2.6666666666666665 1.4545454545454546 2.272727272727273 2.0 2.272727272727273 1.5757575757575757 1.9393939393939394 1.6666666666666667 1.8484848484848484 2.8484848484848486 2.8181818181818183 2.1515151515151514 1.878787878787879 1.696969696969697 1.2727272727272727 2.090909090909091 1.606060606060606 2.9696969696969697 1.2424242424242424 2.909090909090909 2.1818181818181817 1.3636363636363635 1.3333333333333333 1.7272727272727273
43 8.813150031543994 1.3131313131313131 1.3333333333333333 1.4747474747474747 2.0 1.6767676767676767 1.9595959595959596 1.7777777777777777 0.9696969696969697 1.5151515151515151 1.3333333333333333 1.5151515151515151 1.0505050505050506 1.292929292929293 1.1111111111111112 1.2323232323232323 1.898989898989899 1.878787878787879 1.4343434343434343 1.2525252525252526 1.1313131313131313 0.8484848484848485 1.393939393939394 1.0707070707070707 1.97979797979798 0.8282828282828283 1.9393939393939394 1.4545454545454546 0.9090909090909091 0.8888888888888888 1.1515151515151516
44 8.723753665689149 1.3131313131313131 1.3333333333333333 1.4747474747474747 2.0 1.6767676767676767 1.9595959595959596 1.7777777777777777 0.9696969696969697 1.5151515151515151 1.3333333333333333 1.5151515151515151 1.0505050505050506 1.292929292929293 1.1111111111111112 1.2323232323232323 1.898989898989899 1.878787878787879 1.4343434343434343 1.2525252525252526 1.1313131313131313 0.8484848484848485 1.393939393939394 1.0707070707070707 1.97979797979798 0.8282828282828283 1.9393939393939394 1.4545454545454546 0.9090909090909091 0.8888888888888888 1.1515151515151516
45 41.85571995785186 1.3131313131313131 1.3333333333333333 1.4747474747474747 2.0 1.6767676767676767 1.9595959595959596 1.7777777777777777 0.9696969696969697 1.5151515151515151 1.3333333333333333 1.5151515151515151 1.0505050505050506 1.292929292929293 1.1111111111111112 1.2323232323232323 1.898989898989899 1.878787878787879 1.4343434343434343 1.2525252525252526 1.1313131313131313 0.8484848484848485 1.393939393939394 1.0707070707070707 1.97979797979798 0.8282828282828283 1.9393939393939394 1.4545454545454546 0.9090909090909091 0.8888888888888888 1.1515151515151516
46 33.3594282978004 1.9696969696969697 2.0 2.212121212121212 3.0 2.515151515151515 2.9393939393939394 2.6666666666666665 1.4545454545454546 2.272727272727273 2.0 2.272727272727273 1.5757575757575757 1.9393939393939394 1.6666666666666667 1.8484848484848484 2.8484848484848486 2.8181818181818183 2.1515151515151514 1.878787878787879 1.696969696969697 1.2727272727272727 2.090909090909091 1.606060606060606 2.9696969696969697 1.2424242424242424 2.909090909090909 2.1818181818181817 1.3636363636363635 1.3333333333333333 1.7272727272727273
47 47.628127044548876 1.3131313131313131 1.3333333333333333 1.4747474747474747 2.0 1.6767676767676767 1.9595959595959596 1.7777777777777777 0.9696969696969697 1.5151515151515151 1.3333333333333333 1.5151515151515151 1.0505050505050506 1.292929292929293 1.1111111111111112 1.2323232323232323 1.898989898989899 1.878787878787879 1.4343434343434343 1.2525252525252526 1.1313131313131313 0.8484848484848485 1.393939393939394 1.0707070707070707 1.97979797979798 0.8282828282828283 1.9393939393939394 1.4545454545454546 0.9090909090909091 0.8888888888888888 1.1515151515151516
48 144.31338817971832 1.3131313131313131 1.3333333333333333 1.4747474747474747 2.0 1.6767676767676767 1.9595959595959596 1.7777777777777777 0.9696969696969697 1.5151515151515151 1.3333333333333333 1.5151515151515151 1.0505050505050506 1.292929292929293 1.1111111111111112 1.2323232323232323 1.898989898989899 1.878787878787879 1.4343434343434343 1.2525252525252526 1.1313131313131313 0.8484848484848485 1.393939393939394 1.0707070707070707 1.97979797979798 0.8282828282828283 1.9393939393939394 1.4545454545454546 0.9090909090909091 0.8888888888888888 1.1515151515151516
49 120.55955254515598 1.3131313131313131 1.3333333333333333 1.4747474747474747 2.0 1.6767676767676767 1.9595959595959596 1.7777777777777777 0.9696969696969697 1.5151515151515151 1.3333333333333333 1.5151515151515151 1.0505050505050506 1.292929292929293 1.1111111111111112 1.2323232323232323 1.898989898989899 1.878787878787879 1.4343434343434343 1.2525252525252526 1.1313131313131313 0.8484848484848485 1.393939393939394 1.0707070707070707 1.97979797979798 0.8282828282828283 1.9393939393939394 1.4545454545454546 0.9090909090909091 0.8888888888888888 1.1515151515151516
50 26.359054510919158 1.3131313131313131 1.3333333333333333 1.4747474747474747 2.0 1.6767676767676767 1.9595959595959596 1.7777777777777777 0.9696969696969697 1.5151515151515151 1.3333333333333333 1.5151515151515151 1.0505050505050506 1.292929292929293 1.1111111111111112 1.2323232323232323 1.898989898989899 1.878787878787879 1.4343434343434343 1.2525252525252526 1.1313131313131313 0.8484848484848485 1.393939393939394 1.0707070707070707 1.97979797979798 0.8282828282828283 1.9393939393939394 1.4545454545454546 0.9090909090909091 0.8888888888888888 1.1515151515151516
51 199.0292759238311 1.9696969696969697 2.0 2.212121212121212 3.0 2.515151515151515 2.9393939393939394 2.6666666666666665 1.4545454545454546 2.272727272727273 2.0 2.272727272727273 1.5757575757575757 1.9393939393939394 1.6666666666666667 1.8484848484848484 2.8484848484848486 2.8181818181818183 2.1515151515151514 1.878787878787879 1.696969696969697 1.2727272727272727 2.090909090909091 1.606060606060606 2.9696969696969697 1.2424242424242424 2.909090909090909 2.1818181818181817 1.3636363636363635 1.3333333333333333 1.7272727272727273
52 11.17653845279502 1.9696969696969697 2.0 2.212121212121212 3.0 2.515151515151515 2.9393939393939394 2.6666666666666665 1.4545454545454546 2.272727272727273 2.0 2.272727272727273 1.5757575757575757 1.9393939393939394 1.6666666666666667 1.8484848484848484 2.8484848484848486 2.8181818181818183 2.1515151515151514 1.878787878787879 1.696969696969697 1.2727272727272727 2.090909090909091 1.606060606060606 2.9696969696969697 1.2424242424242424 2.909090909090909 2.1818181818181817 1.3636363636363635 1.3333333333333333 1.7272727272727273
53 35.93231658692188 1.3131313131313131 1.3333333333333333 1.4747474747474747 2.0 1.6767676767676767 1.9595959595959596 1.7777777777777777 0.9696969696969697 1.5151515151515151 1.3333333333333333 1.5151515151515151 1.0505050505050506 1.292929292929293 1.1111111111111112 1.2323232323232323 1.898989898989899 1.878787878787879 1.4343434343434343 1.2525252525252526 1.1313131313131313 0.8484848484848485 1.393939393939394 1.0707070707070707 1.97979797979798 0.8282828282828283 1.9393939393939394 1.4545454545454546 0.9090909090909091 0.8888888888888888 1.1515151515151516
54 47.216237045782485 1.9696969696969697 2.0 2.212121212121212 3.0 2.515151515151515 2.9393939393939394 2.6666666666666665 1.4545454545454546 2.272727272727273 2.0 2.272727272727273 1.5757575757575757 1.9393939393939394 1.6666666666666667 1.8484848484848484 2.8484848484848486 2.8181818181818183 2.1515151515151514 1.878787878787879 1.696969696969697 1.2727272727272727 2.090909090909091 1.606060606060606 2.9696969696969697 1.2424242424242424 2.909090909090909 2.1818181818181817 1.3636363636363635 1.3333333333333333 1.7272727272727273
55 94.46098366593907 1.3131313131313131 1.3333333333333333 1.4747474747474747 2.0 1.6767676767676767 1.9595959595959596 1.7777777777777777 0.9696969696969697 1.5151515151515151 1.3333333333333333 1.5151515151515151 1.0505050505050506 1.292929292929293 1.1111111111111112 1.2323232323232323 1.898989898989899 1.878787878787879 1.4343434343434343 1.2525252525252526 1.1313131313131313 0.8484848484848485 1.393939393939394 1.0707070707070707 1.97979797979798 0.8282828282828283 1.9393939393939394 1.4545454545454546 0.9090909090909091 0.8888888888888888 1.1515151515151516
56 237.41501888827295 1.9696969696969697 2.0 2.212121212121212 3.0 2.515151515151515 2.9393939393939394 2.6666666666666665 1.4545454545454546 2.272727272727273 2.0 2.272727272727273 1.5757575757575757 1.9393939393939394 1.6666666666666667 1.8484848484848484 2.8484848484848486 2.8181818181818183 2.1515151515151514 1.878787878787879 1.696969696969697 1.2727272727272727 2.090909090909091 1.606060606060606 2.9696969696969697 1.2424242424242424 2.909090909090909 2.1818181818181817 1.3636363636363635 1.3333333333333333 1.7272727272727273
57 55.51299278842613 1.3131313131313131 1.3333333333333333 1.4747474747474747 2.0 1.6767676767676767 1.9595959595959596 1.7777777777777777 0.9696969696969697 1.5151515151515151 1.3333333333333333 1.5151515151515151 1.0505050505050506 1.292929292929293 1.1111111111111112 1.2323232323232323 1.898989898989899 1.878787878787879 1.4343434343434343 1.2525252525252526 1.1313131313131313 0.8484848484848485 1.393939393939394 1.0707070707070707 1.97979797979798 0.8282828282828283 1.9393939393939394 1.4545454545454546 0.9090909090909091 0.8888888888888888 1.1515151515151516
58 9.12561872705548 1.3131313131313131 1.3333333333333333 1.4747474747474747 2.0 1.6767676767676767 1.9595959595959596 1.7777777777777777 0.9696969696969697 1.5151515151515151 1.3333333333333333 1.5151515151515151 1.0505050505050506 1.292929292929293 1.1111111111111112 1.2323232323232323 1.898989898989899 1.878787878787879 1.4343434343434343 1.2525252525252526 1.1313131313131313 0.8484848484848485 1.393939393939394 1.0707070707070707 1.97979797979798 0.8282828282828283 1.9393939393939394 1.4545454545454546 0.9090909090909091 0.8888888888888888 1.1515151515151516
59 13.826876046650717 1.9696969696969697 2.0 2.212121212121212 3.0 2.515151515151515 2.9393939393939394 2.6666666666666665 1.4545454545454546 2.272727272727273 2.0 2.272727272727273 1.5757575757575757 1.9393939393939394 1.6666666666666667 1.8484848484848484 2.8484848484848486 2.8181818181818183 2.1515151515151514 1.878787878787879 1.696969696969697 1.2727272727272727 2.090909090909091 1.606060606060606 2.9696969696969697 1.2424242424242424 2.909090909090909 2.1818181818181817 1.3636363636363635 1.3333333333333333 1.7272727272727273
