20 30
TREE NETWORK (nID nID Weight):
1 0 57
11 0 30
18 1 58
7 18 53
16 7 38
6 11 52
4 0 40
8 4 55
14 1 32
3 7 37
19 18 33
17 3 50
15 8 36
12 3 57
10 14 43
2 12 56
13 2 37
5 18 54
9 19 52
PROGRAMS ASSIGNED TO NODES (nID pID1 pID2 ...):
0 1 2 3 4 5 6 7 8 9 10 11 12 13 14 15 16 17 18 19 20 21 22 23 24 25 26 27 28 29 30
1 1 3 4 5 7 8 9 10 11 12 13 14 15 16 17 18 20 21 22 23 24 25 26 28 29
2 18 4 22 7 8 9
3 1 2 4 5 7 8 9 10 12 13 14 15 16 17 18 19 20 21 22 23 24 25 26 27 28 29 30
5 17 2 18 6 7 24 8 25 27 15
6 2 19 4 23 26 11 30 15
7 17 2 19 21 22 6 7 12 29 13 30 15
8 1 2 3 5 6 7 8 9 10 11 12 14 15 16 17 18 19 20 21 22 23 24 25 26 27 28 29 30
9 1 2 3 4 5 6 7 8 9 11 13 14 16 17 18 19 20 22 23 24 25 26 27 28 29 30
10 19 5 23 10 28 30
11 1 2 3 4 5 7 8 9 10 11 12 13 14 15 16 17 20 21 22 23 25 26 27 28 29 30
12 2 3 5 8 14 15 18 19 20 23 24 25 26 27 28 29 30
13 1 2 3 4 5 6 7 8 10 11 12 13 14 15 16 17 18 19 20 21 22 23 24 25 26 27 28 29 30
14 2 3 4 5 12 14 15 17 18 23 24 25 29 30
15 2 19 7 27 12
16 2 4 5 8 9 28 30
17 17 1 2 3 24 26 11 28 29
18 1 3 21 7 23 9 25 10 12 15
19 17 1 18 2 3 19 21 7 23 24 9 30
SIZE OF PROGRAMS (pID SIZE):
1 69.0
2 78.0
3 98.0
4 73.0
5 74.0
6 41.0
7 67.0
8 81.0
9 93.0
10 57.0
11 79.0
12 51.0
13 90.0
14 63.0
15 56.0
16 55.0
17 75.0
18 89.0
19 79.0
20 90.0
21 94.0
22 47.0
23 71.0
24 41.0
25 54.0
26 45.0
27 49.0
28 52.0
29 52.0
30 90.0
COST TO INSTALL SERVERS AND PROGRAMS ON NODES (COST_TO_INSTALL_SERVER COST_TO_INSTALL_pID1 ...):
0 7284.693877551021 2.1122448979591835 2.3877551020408165 3.0 2.2346938775510203 2.2653061224489797 1.2551020408163265 2.0510204081632653 2.479591836734694 2.8469387755102042 1.7448979591836735 2.4183673469387754 1.5612244897959184 2.7551020408163267 1.9285714285714286 1.7142857142857142 1.683673469387755 2.295918367346939 2.7244897959183674 2.4183673469387754 2.7551020408163267 2.877551020408163 1.4387755102040816 2.173469387755102 1.2551020408163265 1.653061224489796 1.3775510204081634 1.5 1.5918367346938775 1.5918367346938775 2.7551020408163267
1 6.892890059249503 2.1122448979591835 2.3877551020408165 3.0 2.2346938775510203 2.2653061224489797 1.2551020408163265 2.0510204081632653 2.479591836734694 2.8469387755102042 1.7448979591836735 2.4183673469387754 1.5612244897959184 2.7551020408163267 1.9285714285714286 1.7142857142857142 1.683673469387755 2.295918367346939 2.7244897959183674 2.4183673469387754 2.7551020408163267 2.877551020408163 1.4387755102040816 2.173469387755102 1.2551020408163265 1.653061224489796 1.3775510204081634 1.5 1.5918367346938775 1.5918367346938775 2.7551020408163267
2 83.63551087642217 1.4081632653061225 1.5918367346938775 2.0 1.489795918367347 1.510204081632653 0.8367346938775511 1.3673469387755102 1.653061224489796 1.8979591836734695 1.163265306122449 1.6122448979591837 1.0408163265306123 1.836734693877551 1.2857142857142858 1.1428571428571428 1.1224489795918366 1.530612244897959 1.816326530612245 1.6122448979591837 1.836734693877551 1.9183673469387754 0.9591836734693877 1.4489795918367347 0.8367346938775511 1.1020408163265305 0.9183673469387755 1.0 1.0612244897959184 1.0612244897959184 1.836734693877551
3 140.5030391097024 1.4081632653061225 1.5918367346938775 2.0 1.489795918367347 1.510204081632653 0.8367346938775511 1.3673469387755102 1.653061224489796 1.8979591836734695 1.163265306122449 1.6122448979591837 1.0408163265306123 1.836734693877551 1.2857142857142858 1.1428571428571428 1.1224489795918366 1.530612244897959 1.816326530612245 1.6122448979591837 1.836734693877551 1.9183673469387754 0.9591836734693877 1.4489795918367347 0.8367346938775511 1.1020408163265305 0.9183673469387755 1.0 1.0612244897959184 1.0612244897959184 1.836734693877551
4 2.034975369458127 1.4081632653061225 1.5918367346938775 2.0 1.489795918367347 1.510204081632653 0.8367346938775511 1.3673469387755102 1.653061224489796 1.8979591836734695 1.163265306122449 1.6122448979591837 1.0408163265306123 1.836734693877551 1.2857142857142858 1.1428571428571428 1.1224489795918366 1.530612244897959 1.816326530612245 1.6122448979591837 1.836734693877551 1.9183673469387754 0.9591836734693877 1.4489795918367347 0.8367346938775511 1.1020408163265305 0.9183673469387755 1.0 1.0612244897959184 1.0612244897959184 1.836734693877551
5 10.673674944688683 2.1122448979591835 2.3877551020408165 3.0 2.2346938775510203 2.2653061224489797 1.2551020408163265 2.0510204081632653 2.479591836734694 2.8469387755102042 1.7448979591836735 2.4183673469387754 1.5612244897959184 2.7551020408163267 1.9285714285714286 1.7142857142857142 1.683673469387755 2.295918367346939 2.7244897959183674 2.4183673469387754 2.7551020408163267 2.877551020408163 1.4387755102040816 2.173469387755102 1.2551020408163265 1.653061224489796 1.3775510204081634 1.5 1.5918367346938775 1.5918367346938775 2.7551020408163267
6 19.993133903133902 1.4081632653061225 1.5918367346938775 2.0 1.489795918367347 1.510204081632653 0.8367346938775511 1.3673469387755102 1.653061224489796 1.8979591836734695 1.163265306122449 1.6122448979591837 1.0408163265306123 1.836734693877551 1.2857142857142858 1.1428571428571428 1.1224489795918366 1.530612244897959 1.816326530612245 1.6122448979591837 1.836734693877551 1.9183673469387754 0.9591836734693877 1.4489795918367347 0.8367346938775511 1.1020408163265305 0.9183673469387755 1.0 1.0612244897959184 1.0612244897959184 1.836734693877551
7 32.349152397918374 2.1122448979591835 2.3877551020408165 3.0 2.2346938775510203 2.2653061224489797 1.2551020408163265 2.0510204081632653 2.479591836734694 2.8469387755102042 1.7448979591836735 2.4183673469387754 1.5612244897959184 2.7551020408163267 1.9285714285714286 1.7142857142857142 1.683673469387755 2.295918367346939 2.7244897959183674 2.4183673469387754 2.7551020408163267 2.877551020408163 1.4387755102040816 2.173469387755102 1.2551020408163265 1.653061224489796 1.3775510204081634 1.5 1.5918367346938775 1.5918367346938775 2.7551020408163267
8 17.03914017017465 2.1122448979591835 2.3877551020408165 3.0 2.2346938775510203 2.2653061224489797 1.2551020408163265 2.0510204081632653 2.479591836734694 2.8469387755102042 1.7448979591836735 2.4183673469387754 1.5612244897959184 2.7551020408163267 1.9285714285714286 1.7142857142857142 1.683673469387755 2.295918367346939 2.7244897959183674 2.4183673469387754 2.7551020408163267 2.877551020408163 1.4387755102040816 2.173469387755102 1.2551020408163265 1.653061224489796 1.3775510204081634 1.5 1.5918367346938775 1.5918367346938775 2.7551020408163267
9 87.12037577360366 2.1122448979591835 2.3877551020408165 3.0 2.2346938775510203 2.2653061224489797 1.2551020408163265 2.0510204081632653 2.479591836734694 2.8469387755102042 1.7448979591836735 2.4183673469387754 1.5612244897959184 2.7551020408163267 1.9285714285714286 1.7142857142857142 1.683673469387755 2.295918367346939 2.7244897959183674 2.4183673469387754 2.7551020408163267 2.877551020408163 1.4387755102040816 2.173469387755102 1.2551020408163265 1.653061224489796 1.3775510204081634 1.5 1.5918367346938775 1.5918367346938775 2.7551020408163267
10 23.0926079511189 1.4081632653061225 1.5918367346938775 2.0 1.489795918367347 1.510204081632653 0.8367346938775511 1.3673469387755102 1.653061224489796 1.8979591836734695 1.163265306122449 1.6122448979591837 1.0408163265306123 1.836734693877551 1.2857142857142858 1.1428571428571428 1.1224489795918366 1.530612244897959 1.816326530612245 1.6122448979591837 1.836734693877551 1.9183673469387754 0.9591836734693877 1.4489795918367347 0.8367346938775511 1.1020408163265305 0.9183673469387755 1.0 1.0612244897959184 1.0612244897959184 1.836734693877551
11 25.715179786200196 1.4081632653061225 1.5918367346938775 2.0 1.489795918367347 1.510204081632653 0.8367346938775511 1.3673469387755102 1.653061224489796 1.8979591836734695 1.163265306122449 1.6122448979591837 1.0408163265306123 1.836734693877551 1.2857142857142858 1.1428571428571428 1.1224489795918366 1.530612244897959 1.816326530612245 1.6122448979591837 1.836734693877551 1.9183673469387754 0.9591836734693877 1.4489795918367347 0.8367346938775511 1.1020408163265305 0.9183673469387755 1.0 1.0612244897959184 1.0612244897959184 1.836734693877551
12 98.94566140047667 1.4081632653061225 1.5918367346938775 2.0 1.489795918367347 1.510204081632653 0.8367346938775511 1.3673469387755102 1.653061224489796 1.8979591836734695 1.163265306122449 1.6122448979591837 1.0408163265306123 1.836734693877551 1.2857142857142858 1.1428571428571428 1.1224489795918366 1.530612244897959 1.816326530612245 1.6122448979591837 1.836734693877551 1.9183673469387754 0.9591836734693877 1.4489795918367347 0.8367346938775511 1.1020408163265305 0.9183673469387755 1.0 1.0612244897959184 1.0612244897959184 1.836734693877551
13 56.11482596865951 1.4081632653061225 1.5918367346938775 2.0 1.489795918367347 1.510204081632653 0.8367346938775511 1.3673469387755102 1.653061224489796 1.8979591836734695 1.163265306122449 1.6122448979591837 1.0408163265306123 1.836734693877551 1.2857142857142858 1.1428571428571428 1.1224489795918366 1.530612244897959 1.816326530612245 1.6122448979591837 1.836734693877551 1.9183673469387754 0.9591836734693877 1.4489795918367347 0.8367346938775511 1.1020408163265305 0.9183673469387755 1.0 1.0612244897959184 1.0612244897959184 1.836734693877551
14 37.45618796495205 1.4081632653061225 1.5918367346938775 2.0 1.489795918367347 1.510204081632653 0.8367346938775511 1.3673469387755102 1.653061224489796 1.8979591836734695 1.163265306122449 1.6122448979591837 1.0408163265306123 1.836734693877551 1.2857142857142858 1.1428571428571428 1.1224489795918366 1.530612244897959 1.816326530612245 1.6122448979591837 1.836734693877551 1.9183673469387754 0.9591836734693877 1.4489795918367347 0.8367346938775511 1.1020408163265305 0.9183673469387755 1.0 1.0612244897959184 1.0612244897959184 1.836734693877551
15 8.735287569573284 1.4081632653061225 1.5918367346938775 2.0 1.489795918367347 1.510204081632653 0.8367346938775511 1.3673469387755102 1.653061224489796 1.8979591836734695 1.163265306122449 1.6122448979591837 1.0408163265306123 1.836734693877551 1.2857142857142858 1.1428571428571428 1.1224489795918366 1.530612244897959 1.816326530612245 1.6122448979591837 1.836734693877551 1.9183673469387754 0.9591836734693877 1.4489795918367347 0.8367346938775511 1.1020408163265305 0.9183673469387755 1.0 1.0612244897959184 1.0612244897959184 1.836734693877551
16 12.015890578057746 2.1122448979591835 2.3877551020408165 3.0 2.2346938775510203 2.2653061224489797 1.2551020408163265 2.0510204081632653 2.479591836734694 2.8469387755102042 1.7448979591836735 2.4183673469387754 1.5612244897959184 2.7551020408163267 1.9285714285714286 1.7142857142857142 1.683673469387755 2.295918367346939 2.7244897959183674 2.4183673469387754 2.7551020408163267 2.877551020408163 1.4387755102040816 2.173469387755102 1.2551020408163265 1.653061224489796 1.3775510204081634 1.5 1.5918367346938775 1.5918367346938775 2.7551020408163267
17 12.38100599049516 2.1122448979591835 2.3877551020408165 3.0 2.2346938775510203 2.2653061224489797 1.2551020408163265 2.0510204081632653 2.479591836734694 2.8469387755102042 1.7448979591836735 2.4183673469387754 1.5612244897959184 2.7551020408163267 1.9285714285714286 1.7142857142857142 1.683673469387755 2.295918367346939 2.7244897959183674 2.4183673469387754 2.7551020408163267 2.877551020408163 1.4387755102040816 2.173469387755102 1.2551020408163265 1.653061224489796 1.3775510204081634 1.5 1.5918367346938775 1.5918367346938775 2.7551020408163267
18 9.451508478808629 2.1122448979591835 2.3877551020408165 3.0 2.2346938775510203 2.2653061224489797 1.2551020408163265 2.0510204081632653 2.479591836734694 2.8469387755102042 1.7448979591836735 2.4183673469387754 1.5612244897959184 2.7551020408163267 1.9285714285714286 1.7142857142857142 1.683673469387755 2.295918367346939 2.7244897959183674 2.4183673469387754 2.7551020408163267 2.877551020408163 1.4387755102040816 2.173469387755102 1.2551020408163265 1.653061224489796 1.3775510204081634 1.5 1.5918367346938775 1.5918367346938775 2.7551020408163267
19 52.56534809129536 2.1122448979591835 2.3877551020408165 3.0 2.2346938775510203 2.2653061224489797 1.2551020408163265 2.0510204081632653 2.479591836734694 2.8469387755102042 1.7448979591836735 2.4183673469387754 1.5612244897959184 2.7551020408163267 1.9285714285714286 1.7142857142857142 1.683673469387755 2.295918367346939 2.7244897959183674 2.4183673469387754 2.7551020408163267 2.877551020408163 1.4387755102040816 2.173469387755102 1.2551020408163265 1.653061224489796 1.3775510204081634 1.5 1.5918367346938775 1.5918367346938775 2.7551020408163267
