80 20
TREE NETWORK (nID nID Weight):
12 0 47
32 12 36
71 32 34
65 71 55
15 65 52
57 12 36
13 32 32
73 32 53
62 71 34
19 15 58
27 0 53
36 57 42
34 15 34
14 36 50
16 65 59
9 0 42
43 9 31
23 62 47
25 32 32
70 62 51
55 0 52
46 23 33
28 55 39
18 9 50
49 73 55
76 15 39
10 49 54
45 57 48
75 25 35
50 32 58
47 46 35
77 49 35
60 50 34
6 23 48
54 76 34
66 76 45
41 71 53
20 70 40
4 75 57
78 12 46
1 66 53
79 14 32
64 23 49
68 14 43
59 13 48
30 70 58
37 18 40
44 23 51
63 47 47
24 65 33
51 10 33
56 14 44
38 6 47
69 55 38
42 55 50
21 70 52
58 23 49
35 16 30
33 54 35
61 37 44
72 10 55
29 23 31
48 69 30
5 34 46
2 28 41
52 63 36
8 12 46
74 8 59
26 76 54
40 27 40
53 56 37
11 46 53
17 55 42
67 32 53
39 30 32
3 74 32
22 78 47
7 32 43
31 37 53
PROGRAMS ASSIGNED TO NODES (nID pID1 pID2 ...):
0 1 2 3 4 5 6 7 8 9 10 11 12 13 14 15 16 17 18 19 20
1 19 4 6 7 8 11 14
2 1 2 19 20 6 8 9 10 13 14 15
3 1 2 6 7 8 9 12 13 14 15 16 17 18
4 16 17 18 2 19 7 8 9 11 12 14
5 17 1 19
6 1 2 5 6 8 9 10 12 13 14 15 18 19 20
7 1 2 18 4 7 8 15
8 16 17 18 4 6 9 11 13
9 1 3 4 5 6 7 8 9 10 11 12 13 14 15 16 17 18 20
10 16 17 18 20 4 7 8 9 10 11 12 15
11 1 17 2 18 20 7 13 14
12 1 3 4 5 6 7 8 9 10 11 12 13 14 15 16 18 19 20
13 1 3 4 5 7 8 9 10 11 12 13 14 15 17 18 19 20
14 18 5 11
15 17
16 16 17 18 3 20 6 14 15
17 17 1 2 3 4 7 8 10 11 12 14
18 16 19 4 10 12 13 14
19 17 6 13
20 2 3 19 20 5 9 10 11 12 14 15
21 1 2 4 5 6 8 9 10 12 13 14 15 16 18 19 20
22 1 3 4 6 7 10 11 12 13 14 15 18 20
23 1 2 3 4 6 7 8 9 10 11 12 13 14 15 16 17 18 19 20
24 1 2 4 5 6 7 8 9 10 11 12 13 14 15 16 17 18 19 20
25 1 2 5 6 7 9 10 11 12 13 14 15 16 17 18 19 20
27 1 12 13
28 3 20 5
29 1 2 4 5 6 7 8 9 10 11 12 13 14 15 16 17 18 19
30 1 4 5 6 7 8 9 11 12 13 15 16 17 18 19 20
31 1 18 19 20 6 7 8 11 13 14 15
32 1 2 3 4 5 6 7 8 9 10 11 12 13 14 15 16 17 19 20
33 16 18 2 8 10 13
34 1 4 8
35 16 17 18 19 20 5 7 11 12 13 15
36 16 1 18 19 12 13
37 16 1 17 20 4 6 7 13 14 15
38 6 11 13
39 1 3 7 13
40 1 2 3 4 5 6 7 8 9 10 11 12 13 14 15 18 20
41 1 2 3 4 6 7 9 10 11 12 15 16 17 18 19
43 1 3 5 6 8 9 10 11 12 15 16 17 18 20
44 18 19 20 6 9 11 14
45 1 2 4 5 6 7 8 9 10 14 15 16 18 19 20
46 17 4 8 15
47 2 3 5 6 8 9 10 11 12 13 14 16 17 18 19 20
48 1 2 3 4 6 7 8 9 11 14 15 16 20
49 16 18 2 19 4 6 7 10 11 12 13 14
50 17 18 20 4 6 7 9 12
51 15
52 2 3 5 7 10 12 14 15
53 1 2 3 6 7 8 9 11 13 17 18 19 20
54 2 3 4 5 6 7 8 9 10 11 12 13 14 15 16 17 18 19 20
55 2 3 5 6 8 9 11 12 13 15 16 17 19 20
56 1 4 6 7 8 10 11 12 14 16 17 19 20
57 1 2 3 4 6 7 8 9 10 11 12 13 14 15 16 17 18 19 20
58 1 2 3 4 5 6 7 8 9 10 11 12 13 14 16 17 18 19
60 1 18 19 7 15
61 18 5 7 8 9 10 11 12 14
62 1 3 4 5 6 7 8 9 10 11 12 13 14 15 16 17 18 19 20
63 19
64 16 1 19 7 12
65 1 2 3 4 7 9 10 13
66 17 2 18 20 5 12 13 14 15
67 16 17 19 20 5 6 7 9 12 13 14
68 1 2 3 4 5 6 7 8 9 10 12 13 14 15 16 17 18 19 20
69 2 3 4 5 6 7 8 9 11 12 13 14 15 16 17 18 19 20
70 18 5 13 15
71 1 2 3 4 6 7 8 11 12 13 14 15 16 17 18 19 20
72 1 19 5 9 10 13 14
73 17 1 9 10 11 12 14 15
74 16 17 18 3 19 4 5 7 12
75 3
76 2 6 8 13
77 1 2 3 4 6 7 8 10 11 12 13 14 15 16 17 18 19 20
78 18 19 20 6 7 13 15
SIZE OF PROGRAMS (pID SIZE):
1 56.0
2 52.0
3 96.0
4 46.0
5 90.0
6 75.0
7 85.0
8 40.0
9 97.0
10 63.0
11 53.0
12 99.0
13 98.0
14 45.0
15 89.0
16 74.0
17 99.0
18 46.0
19 85.0
20 59.0
COST TO INSTALL SERVERS AND PROGRAMS ON NODES (COST_TO_INSTALL_SERVER COST_TO_INSTALL_pID1 ...):
0 3923.2323232323233 1.1313131313131313 1.0505050505050506 1.9393939393939394 0.9292929292929293 1.8181818181818181 1.5151515151515151 1.7171717171717171 0.8080808080808081 1.9595959595959596 1.2727272727272727 1.0707070707070707 2.0 1.97979797979798 0.9090909090909091 1.797979797979798 1.494949494949495 2.0 0.9292929292929293 1.7171717171717171 1.1919191919191918
1 70.24011972512812 1.696969696969697 1.5757575757575757 2.909090909090909 1.393939393939394 2.727272727272727 2.272727272727273 2.5757575757575757 1.2121212121212122 2.9393939393939394 1.9090909090909092 1.606060606060606 3.0 2.9696969696969697 1.3636363636363635 2.696969696969697 2.242424242424242 3.0 1.393939393939394 2.5757575757575757 1.7878787878787878
2 22.962541692724624 1.1313131313131313 1.0505050505050506 1.9393939393939394 0.9292929292929293 1.8181818181818181 1.5151515151515151 1.7171717171717171 0.8080808080808081 1.9595959595959596 1.2727272727272727 1.0707070707070707 2.0 1.97979797979798 0.9090909090909091 1.797979797979798 1.494949494949495 2.0 0.9292929292929293 1.7171717171717171 1.1919191919191918
3 23.251638818202657 1.1313131313131313 1.0505050505050506 1.9393939393939394 0.9292929292929293 1.8181818181818181 1.5151515151515151 1.7171717171717171 0.8080808080808081 1.9595959595959596 1.2727272727272727 1.0707070707070707 2.0 1.97979797979798 0.9090909090909091 1.797979797979798 1.494949494949495 2.0 0.9292929292929293 1.7171717171717171 1.1919191919191918
4 71.3428492350315 1.1313131313131313 1.0505050505050506 1.9393939393939394 0.9292929292929293 1.8181818181818181 1.5151515151515151 1.7171717171717171 0.8080808080808081 1.9595959595959596 1.2727272727272727 1.0707070707070707 2.0 1.97979797979798 0.9090909090909091 1.797979797979798 1.494949494949495 2.0 0.9292929292929293 1.7171717171717171 1.1919191919191918
5 6.562876342971028 1.696969696969697 1.5757575757575757 2.909090909090909 1.393939393939394 2.727272727272727 2.272727272727273 2.5757575757575757 1.2121212121212122 2.9393939393939394 1.9090909090909092 1.606060606060606 3.0 2.9696969696969697 1.3636363636363635 2.696969696969697 2.242424242424242 3.0 1.393939393939394 2.5757575757575757 1.7878787878787878
6 119.04448802006297 1.696969696969697 1.5757575757575757 2.909090909090909 1.393939393939394 2.727272727272727 2.272727272727273 2.5757575757575757 1.2121212121212122 2.9393939393939394 1.9090909090909092 1.606060606060606 3.0 2.9696969696969697 1.3636363636363635 2.696969696969697 2.242424242424242 3.0 1.393939393939394 2.5757575757575757 1.7878787878787878
7 3.478192613917502 1.696969696969697 1.5757575757575757 2.909090909090909 1.393939393939394 2.727272727272727 2.272727272727273 2.5757575757575757 1.2121212121212122 2.9393939393939394 1.9090909090909092 1.606060606060606 3.0 2.9696969696969697 1.3636363636363635 2.696969696969697 2.242424242424242 3.0 1.393939393939394 2.5757575757575757 1.7878787878787878
8 9.227543707192183 1.1313131313131313 1.0505050505050506 1.9393939393939394 0.9292929292929293 1.8181818181818181 1.5151515151515151 1.7171717171717171 0.8080808080808081 1.9595959595959596 1.2727272727272727 1.0707070707070707 2.0 1.97979797979798 0.9090909090909091 1.797979797979798 1.494949494949495 2.0 0.9292929292929293 1.7171717171717171 1.1919191919191918
9 6.944805194805202 1.696969696969697 1.5757575757575757 2.909090909090909 1.393939393939394 2.727272727272727 2.272727272727273 2.5757575757575757 1.2121212121212122 2.9393939393939394 1.9090909090909092 1.606060606060606 3.0 2.9696969696969697 1.3636363636363635 2.696969696969697 2.242424242424242 3.0 1.393939393939394 2.5757575757575757 1.7878787878787878
10 20.666166441614052 1.1313131313131313 1.0505050505050506 1.9393939393939394 0.9292929292929293 1.8181818181818181 1.5151515151515151 1.7171717171717171 0.8080808080808081 1.9595959595959596 1.2727272727272727 1.0707070707070707 2.0 1.97979797979798 0.9090909090909091 1.797979797979798 1.494949494949495 2.0 0.9292929292929293 1.7171717171717171 1.1919191919191918
11 92.9765787852311 1.1313131313131313 1.0505050505050506 1.9393939393939394 0.9292929292929293 1.8181818181818181 1.5151515151515151 1.7171717171717171 0.8080808080808081 1.9595959595959596 1.2727272727272727 1.0707070707070707 2.0 1.97979797979798 0.9090909090909091 1.797979797979798 1.494949494949495 2.0 0.9292929292929293 1.7171717171717171 1.1919191919191918
12 1.1995026250345397 1.1313131313131313 1.0505050505050506 1.9393939393939394 0.9292929292929293 1.8181818181818181 1.5151515151515151 1.7171717171717171 0.8080808080808081 1.9595959595959596 1.2727272727272727 1.0707070707070707 2.0 1.97979797979798 0.9090909090909091 1.797979797979798 1.494949494949495 2.0 0.9292929292929293 1.7171717171717171 1.1919191919191918
13 35.77959873558277 1.1313131313131313 1.0505050505050506 1.9393939393939394 0.9292929292929293 1.8181818181818181 1.5151515151515151 1.7171717171717171 0.8080808080808081 1.9595959595959596 1.2727272727272727 1.0707070707070707 2.0 1.97979797979798 0.9090909090909091 1.797979797979798 1.494949494949495 2.0 0.9292929292929293 1.7171717171717171 1.1919191919191918
14 52.591048095662075 1.696969696969697 1.5757575757575757 2.909090909090909 1.393939393939394 2.727272727272727 2.272727272727273 2.5757575757575757 1.2121212121212122 2.9393939393939394 1.9090909090909092 1.606060606060606 3.0 2.9696969696969697 1.3636363636363635 2.696969696969697 2.242424242424242 3.0 1.393939393939394 2.5757575757575757 1.7878787878787878
15 42.45532496706464 1.696969696969697 1.5757575757575757 2.909090909090909 1.393939393939394 2.727272727272727 2.272727272727273 2.5757575757575757 1.2121212121212122 2.9393939393939394 1.9090909090909092 1.606060606060606 3.0 2.9696969696969697 1.3636363636363635 2.696969696969697 2.242424242424242 3.0 1.393939393939394 2.5757575757575757 1.7878787878787878
16 48.5548949140829 1.696969696969697 1.5757575757575757 2.909090909090909 1.393939393939394 2.727272727272727 2.272727272727273 2.5757575757575757 1.2121212121212122 2.9393939393939394 1.9090909090909092 1.606060606060606 3.0 2.9696969696969697 1.3636363636363635 2.696969696969697 2.242424242424242 3.0 1.393939393939394 2.5757575757575757 1.7878787878787878
17 5.765309690309689 1.696969696969697 1.5757575757575757 2.909090909090909 1.393939393939394 2.727272727272727 2.272727272727273 2.5757575757575757 1.2121212121212122 2.9393939393939394 1.9090909090909092 1.606060606060606 3.0 2.9696969696969697 1.3636363636363635 2.696969696969697 2.242424242424242 3.0 1.393939393939394 2.5757575757575757 1.7878787878787878
18 7.74723718386876 1.1313131313131313 1.0505050505050506 1.9393939393939394 0.9292929292929293 1.8181818181818181 1.5151515151515151 1.7171717171717171 0.8080808080808081 1.9595959595959596 1.2727272727272727 1.0707070707070707 2.0 1.97979797979798 0.9090909090909091 1.797979797979798 1.494949494949495 2.0 0.9292929292929293 1.7171717171717171 1.1919191919191918
19 21.49960333625777 1.1313131313131313 1.0505050505050506 1.9393939393939394 0.9292929292929293 1.8181818181818181 1.5151515151515151 1.7171717171717171 0.8080808080808081 1.9595959595959596 1.2727272727272727 1.0707070707070707 2.0 1.97979797979798 0.9090909090909091 1.797979797979798 1.494949494949495 2.0 0.9292929292929293 1.7171717171717171 1.1919191919191918
20 53.95588728334661 1.696969696969697 1.5757575757575757 2.909090909090909 1.393939393939394 2.727272727272727 2.272727272727273 2.5757575757575757 1.2121212121212122 2.9393939393939394 1.9090909090909092 1.606060606060606 3.0 2.9696969696969697 1.3636363636363635 2.696969696969697 2.242424242424242 3.0 1.393939393939394 2.5757575757575757 1.7878787878787878
21 41.19393884478179 1.696969696969697 1.5757575757575757 2.909090909090909 1.393939393939394 2.727272727272727 2.272727272727273 2.5757575757575757 1.2121212121212122 2.9393939393939394 1.9090909090909092 1.606060606060606 3.0 2.9696969696969697 1.3636363636363635 2.696969696969697 2.242424242424242 3.0 1.393939393939394 2.5757575757575757 1.7878787878787878
22 8.395355030415162 1.696969696969697 1.5757575757575757 2.909090909090909 1.393939393939394 2.727272727272727 2.272727272727273 2.5757575757575757 1.2121212121212122 2.9393939393939394 1.9090909090909092 1.606060606060606 3.0 2.9696969696969697 1.3636363636363635 2.696969696969697 2.242424242424242 3.0 1.393939393939394 2.5757575757575757 1.7878787878787878
23 159.15570527372776 1.1313131313131313 1.0505050505050506 1.9393939393939394 0.9292929292929293 1.8181818181818181 1.5151515151515151 1.7171717171717171 0.8080808080808081 1.9595959595959596 1.2727272727272727 1.0707070707070707 2.0 1.97979797979798 0.9090909090909091 1.797979797979798 1.494949494949495 2.0 0.9292929292929293 1.7171717171717171 1.1919191919191918
24 39.1714167330375 1.696969696969697 1.5757575757575757 2.909090909090909 1.393939393939394 2.727272727272727 2.272727272727273 2.5757575757575757 1.2121212121212122 2.9393939393939394 1.9090909090909092 1.606060606060606 3.0 2.9696969696969697 1.3636363636363635 2.696969696969697 2.242424242424242 3.0 1.393939393939394 2.5757575757575757 1.7878787878787878
25 73.55447594294004 1.696969696969697 1.5757575757575757 2.909090909090909 1.393939393939394 2.727272727272727 2.272727272727273 2.5757575757575757 1.2121212121212122 2.9393939393939394 1.9090909090909092 1.606060606060606 3.0 2.9696969696969697 1.3636363636363635 2.696969696969697 2.242424242424242 3.0 1.393939393939394 2.5757575757575757 1.7878787878787878
26 40.0 1.696969696969697 1.5757575757575757 2.909090909090909 1.393939393939394 2.727272727272727 2.272727272727273 2.5757575757575757 1.2121212121212122 2.9393939393939394 1.9090909090909092 1.606060606060606 3.0 2.9696969696969697 1.3636363636363635 2.696969696969697 2.242424242424242 3.0 1.393939393939394 2.5757575757575757 1.7878787878787878
27 40.0 1.1313131313131313 1.0505050505050506 1.9393939393939394 0.9292929292929293 1.8181818181818181 1.5151515151515151 1.7171717171717171 0.8080808080808081 1.9595959595959596 1.2727272727272727 1.0707070707070707 2.0 1.97979797979798 0.9090909090909091 1.797979797979798 1.494949494949495 2.0 0.9292929292929293 1.7171717171717171 1.1919191919191918
28 21.31468531468531 1.1313131313131313 1.0505050505050506 1.9393939393939394 0.9292929292929293 1.8181818181818181 1.5151515151515151 1.7171717171717171 0.8080808080808081 1.9595959595959596 1.2727272727272727 1.0707070707070707 2.0 1.97979797979798 0.9090909090909091 1.797979797979798 1.494949494949495 2.0 0.9292929292929293 1.7171717171717171 1.1919191919191918
29 209.33050893284252 1.1313131313131313 1.0505050505050506 1.9393939393939394 0.9292929292929293 1.8181818181818181 1.5151515151515151 1.7171717171717171 0.8080808080808081 1.9595959595959596 1.2727272727272727 1.0707070707070707 2.0 1.97979797979798 0.9090909090909091 1.797979797979798 1.494949494949495 2.0 0.9292929292929293 1.7171717171717171 1.1919191919191918
30 67.66694215470487 1.1313131313131313 1.0505050505050506 1.9393939393939394 0.9292929292929293 1.8181818181818181 1.5151515151515151 1.7171717171717171 0.8080808080808081 1.9595959595959596 1.2727272727272727 1.0707070707070707 2.0 1.97979797979798 0.9090909090909091 1.797979797979798 1.494949494949495 2.0 0.9292929292929293 1.7171717171717171 1.1919191919191918
31 55.07906739678911 1.1313131313131313 1.0505050505050506 1.9393939393939394 0.9292929292929293 1.8181818181818181 1.5151515151515151 1.7171717171717171 0.8080808080808081 1.9595959595959596 1.2727272727272727 1.0707070707070707 2.0 1.97979797979798 0.9090909090909091 1.797979797979798 1.494949494949495 2.0 0.9292929292929293 1.7171717171717171 1.1919191919191918
32 17.055150287065178 1.696969696969697 1.5757575757575757 2.909090909090909 1.393939393939394 2.727272727272727 2.272727272727273 2.5757575757575757 1.2121212121212122 2.9393939393939394 1.9090909090909092 1.606060606060606 3.0 2.9696969696969697 1.3636363636363635 2.696969696969697 2.242424242424242 3.0 1.393939393939394 2.5757575757575757 1.7878787878787878
33 12.622313603515108 1.696969696969697 1.5757575757575757 2.909090909090909 1.393939393939394 2.727272727272727 2.272727272727273 2.5757575757575757 1.2121212121212122 2.9393939393939394 1.9090909090909092 1.606060606060606 3.0 2.9696969696969697 1.3636363636363635 2.696969696969697 2.242424242424242 3.0 1.393939393939394 2.5757575757575757 1.7878787878787878
34 32.48779037770277 1.696969696969697 1.5757575757575757 2.909090909090909 1.393939393939394 2.727272727272727 2.272727272727273 2.5757575757575757 1.2121212121212122 2.9393939393939394 1.9090909090909092 1.606060606060606 3.0 2.9696969696969697 1.3636363636363635 2.696969696969697 2.242424242424242 3.0 1.393939393939394 2.5757575757575757 1.7878787878787878
35 80.121088242008 1.696969696969697 1.5757575757575757 2.909090909090909 1.393939393939394 2.727272727272727 2.272727272727273 2.5757575757575757 1.2121212121212122 2.9393939393939394 1.9090909090909092 1.606060606060606 3.0 2.9696969696969697 1.3636363636363635 2.696969696969697 2.242424242424242 3.0 1.393939393939394 2.5757575757575757 1.7878787878787878
36 26.1263095567047 1.1313131313131313 1.0505050505050506 1.9393939393939394 0.9292929292929293 1.8181818181818181 1.5151515151515151 1.7171717171717171 0.8080808080808081 1.9595959595959596 1.2727272727272727 1.0707070707070707 2.0 1.97979797979798 0.9090909090909091 1.797979797979798 1.494949494949495 2.0 0.9292929292929293 1.7171717171717171 1.1919191919191918
37 72.44615835042148 1.1313131313131313 1.0505050505050506 1.9393939393939394 0.9292929292929293 1.8181818181818181 1.5151515151515151 1.7171717171717171 0.8080808080808081 1.9595959595959596 1.2727272727272727 1.0707070707070707 2.0 1.97979797979798 0.9090909090909091 1.797979797979798 1.494949494949495 2.0 0.9292929292929293 1.7171717171717171 1.1919191919191918
38 6.371455164915741 1.696969696969697 1.5757575757575757 2.909090909090909 1.393939393939394 2.727272727272727 2.272727272727273 2.5757575757575757 1.2121212121212122 2.9393939393939394 1.9090909090909092 1.606060606060606 3.0 2.9696969696969697 1.3636363636363635 2.696969696969697 2.242424242424242 3.0 1.393939393939394 2.5757575757575757 1.7878787878787878
39 10.436932047046792 1.1313131313131313 1.0505050505050506 1.9393939393939394 0.9292929292929293 1.8181818181818181 1.5151515151515151 1.7171717171717171 0.8080808080808081 1.9595959595959596 1.2727272727272727 1.0707070707070707 2.0 1.97979797979798 0.9090909090909091 1.797979797979798 1.494949494949495 2.0 0.9292929292929293 1.7171717171717171 1.1919191919191918
40 12.1860980877962 1.696969696969697 1.5757575757575757 2.909090909090909 1.393939393939394 2.727272727272727 2.272727272727273 2.5757575757575757 1.2121212121212122 2.9393939393939394 1.9090909090909092 1.606060606060606 3.0 2.9696969696969697 1.3636363636363635 2.696969696969697 2.242424242424242 3.0 1.393939393939394 2.5757575757575757 1.7878787878787878
41 80.34507127471139 1.696969696969697 1.5757575757575757 2.909090909090909 1.393939393939394 2.727272727272727 2.272727272727273 2.5757575757575757 1.2121212121212122 2.9393939393939394 1.9090909090909092 1.606060606060606 3.0 2.9696969696969697 1.3636363636363635 2.696969696969697 2.242424242424242 3.0 1.393939393939394 2.5757575757575757 1.7878787878787878
42 12.0 1.1313131313131313 1.0505050505050506 1.9393939393939394 0.9292929292929293 1.8181818181818181 1.5151515151515151 1.7171717171717171 0.8080808080808081 1.9595959595959596 1.2727272727272727 1.0707070707070707 2.0 1.97979797979798 0.9090909090909091 1.797979797979798 1.494949494949495 2.0 0.9292929292929293 1.7171717171717171 1.1919191919191918
43 12.456304985337244 1.696969696969697 1.5757575757575757 2.909090909090909 1.393939393939394 2.727272727272727 2.272727272727273 2.5757575757575757 1.2121212121212122 2.9393939393939394 1.9090909090909092 1.606060606060606 3.0 2.9696969696969697 1.3636363636363635 2.696969696969697 2.242424242424242 3.0 1.393939393939394 2.5757575757575757 1.7878787878787878
44 48.788642052565706 1.1313131313131313 1.0505050505050506 1.9393939393939394 0.9292929292929293 1.8181818181818181 1.5151515151515151 1.7171717171717171 0.8080808080808081 1.9595959595959596 1.2727272727272727 1.0707070707070707 2.0 1.97979797979798 0.9090909090909091 1.797979797979798 1.494949494949495 2.0 0.9292929292929293 1.7171717171717171 1.1919191919191918
45 40.15964397969053 1.696969696969697 1.5757575757575757 2.909090909090909 1.393939393939394 2.727272727272727 2.272727272727273 2.5757575757575757 1.2121212121212122 2.9393939393939394 1.9090909090909092 1.606060606060606 3.0 2.9696969696969697 1.3636363636363635 2.696969696969697 2.242424242424242 3.0 1.393939393939394 2.5757575757575757 1.7878787878787878
46 188.6664315844541 1.696969696969697 1.5757575757575757 2.909090909090909 1.393939393939394 2.727272727272727 2.272727272727273 2.5757575757575757 1.2121212121212122 2.9393939393939394 1.9090909090909092 1.606060606060606 3.0 2.9696969696969697 1.3636363636363635 2.696969696969697 2.242424242424242 3.0 1.393939393939394 2.5757575757575757 1.7878787878787878
47 247.11191575479836 1.1313131313131313 1.0505050505050506 1.9393939393939394 0.9292929292929293 1.8181818181818181 1.5151515151515151 1.7171717171717171 0.8080808080808081 1.9595959595959596 1.2727272727272727 1.0707070707070707 2.0 1.97979797979798 0.9090909090909091 1.797979797979798 1.494949494949495 2.0 0.9292929292929293 1.7171717171717171 1.1919191919191918
48 42.879273971642405 1.1313131313131313 1.0505050505050506 1.9393939393939394 0.9292929292929293 1.8181818181818181 1.5151515151515151 1.7171717171717171 0.8080808080808081 1.9595959595959596 1.2727272727272727 1.0707070707070707 2.0 1.97979797979798 0.9090909090909091 1.797979797979798 1.494949494949495 2.0 0.9292929292929293 1.7171717171717171 1.1919191919191918
49 77.66820290805438 1.696969696969697 1.5757575757575757 2.909090909090909 1.393939393939394 2.727272727272727 2.272727272727273 2.5757575757575757 1.2121212121212122 2.9393939393939394 1.9090909090909092 1.606060606060606 3.0 2.9696969696969697 1.3636363636363635 2.696969696969697 2.242424242424242 3.0 1.393939393939394 2.5757575757575757 1.7878787878787878
50 10.91806880247819 1.1313131313131313 1.0505050505050506 1.9393939393939394 0.9292929292929293 1.8181818181818181 1.5151515151515151 1.7171717171717171 0.8080808080808081 1.9595959595959596 1.2727272727272727 1.0707070707070707 2.0 1.97979797979798 0.9090909090909091 1.797979797979798 1.494949494949495 2.0 0.9292929292929293 1.7171717171717171 1.1919191919191918
51 7.147283074286285 1.1313131313131313 1.0505050505050506 1.9393939393939394 0.9292929292929293 1.8181818181818181 1.5151515151515151 1.7171717171717171 0.8080808080808081 1.9595959595959596 1.2727272727272727 1.0707070707070707 2.0 1.97979797979798 0.9090909090909091 1.797979797979798 1.494949494949495 2.0 0.9292929292929293 1.7171717171717171 1.1919191919191918
52 96.70884911253708 1.696969696969697 1.5757575757575757 2.909090909090909 1.393939393939394 2.727272727272727 2.272727272727273 2.5757575757575757 1.2121212121212122 2.9393939393939394 1.9090909090909092 1.606060606060606 3.0 2.9696969696969697 1.3636363636363635 2.696969696969697 2.242424242424242 3.0 1.393939393939394 2.5757575757575757 1.7878787878787878
53 97.09176749196203 1.1313131313131313 1.0505050505050506 1.9393939393939394 0.9292929292929293 1.8181818181818181 1.5151515151515151 1.7171717171717171 0.8080808080808081 1.9595959595959596 1.2727272727272727 1.0707070707070707 2.0 1.97979797979798 0.9090909090909091 1.797979797979798 1.494949494949495 2.0 0.9292929292929293 1.7171717171717171 1.1919191919191918
54 78.24568943502612 1.696969696969697 1.5757575757575757 2.909090909090909 1.393939393939394 2.727272727272727 2.272727272727273 2.5757575757575757 1.2121212121212122 2.9393939393939394 1.9090909090909092 1.606060606060606 3.0 2.9696969696969697 1.3636363636363635 2.696969696969697 2.242424242424242 3.0 1.393939393939394 2.5757575757575757 1.7878787878787878
55 84.0 1.1313131313131313 1.0505050505050506 1.9393939393939394 0.9292929292929293 1.8181818181818181 1.5151515151515151 1.7171717171717171 0.8080808080808081 1.9595959595959596 1.2727272727272727 1.0707070707070707 2.0 1.97979797979798 0.9090909090909091 1.797979797979798 1.494949494949495 2.0 0.9292929292929293 1.7171717171717171 1.1919191919191918
56 101.31512787125774 1.696969696969697 1.5757575757575757 2.909090909090909 1.393939393939394 2.727272727272727 2.272727272727273 2.5757575757575757 1.2121212121212122 2.9393939393939394 1.9090909090909092 1.606060606060606 3.0 2.9696969696969697 1.3636363636363635 2.696969696969697 2.242424242424242 3.0 1.393939393939394 2.5757575757575757 1.7878787878787878
57 23.515434486711083 1.696969696969697 1.5757575757575757 2.909090909090909 1.393939393939394 2.727272727272727 2.272727272727273 2.5757575757575757 1.2121212121212122 2.9393939393939394 1.9090909090909092 1.606060606060606 3.0 2.9696969696969697 1.3636363636363635 2.696969696969697 2.242424242424242 3.0 1.393939393939394 2.5757575757575757 1.7878787878787878
58 130.89390576957646 1.1313131313131313 1.0505050505050506 1.9393939393939394 0.9292929292929293 1.8181818181818181 1.5151515151515151 1.7171717171717171 0.8080808080808081 1.9595959595959596 1.2727272727272727 1.0707070707070707 2.0 1.97979797979798 0.9090909090909091 1.797979797979798 1.494949494949495 2.0 0.9292929292929293 1.7171717171717171 1.1919191919191918
59 18.0 1.1313131313131313 1.0505050505050506 1.9393939393939394 0.9292929292929293 1.8181818181818181 1.5151515151515151 1.7171717171717171 0.8080808080808081 1.9595959595959596 1.2727272727272727 1.0707070707070707 2.0 1.97979797979798 0.9090909090909091 1.797979797979798 1.494949494949495 2.0 0.9292929292929293 1.7171717171717171 1.1919191919191918
60 16.527713924450147 1.696969696969697 1.5757575757575757 2.909090909090909 1.393939393939394 2.727272727272727 2.272727272727273 2.5757575757575757 1.2121212121212122 2.9393939393939394 1.9090909090909092 1.606060606060606 3.0 2.9696969696969697 1.3636363636363635 2.696969696969697 2.242424242424242 3.0 1.393939393939394 2.5757575757575757 1.7878787878787878
61 22.042445887445883 1.1313131313131313 1.0505050505050506 1.9393939393939394 0.9292929292929293 1.8181818181818181 1.5151515151515151 1.7171717171717171 0.8080808080808081 1.9595959595959596 1.2727272727272727 1.0707070707070707 2.0 1.97979797979798 0.9090909090909091 1.797979797979798 1.494949494949495 2.0 0.9292929292929293 1.7171717171717171 1.1919191919191918
62 97.86883035612694 1.1313131313131313 1.0505050505050506 1.9393939393939394 0.9292929292929293 1.8181818181818181 1.5151515151515151 1.7171717171717171 0.8080808080808081 1.9595959595959596 1.2727272727272727 1.0707070707070707 2.0 1.97979797979798 0.9090909090909091 1.797979797979798 1.494949494949495 2.0 0.9292929292929293 1.7171717171717171 1.1919191919191918
63 50.407110475395854 1.696969696969697 1.5757575757575757 2.909090909090909 1.393939393939394 2.727272727272727 2.272727272727273 2.5757575757575757 1.2121212121212122 2.9393939393939394 1.9090909090909092 1.606060606060606 3.0 2.9696969696969697 1.3636363636363635 2.696969696969697 2.242424242424242 3.0 1.393939393939394 2.5757575757575757 1.7878787878787878
64 44.732909914449344 1.1313131313131313 1.0505050505050506 1.9393939393939394 0.9292929292929293 1.8181818181818181 1.5151515151515151 1.7171717171717171 0.8080808080808081 1.9595959595959596 1.2727272727272727 1.0707070707070707 2.0 1.97979797979798 0.9090909090909091 1.797979797979798 1.494949494949495 2.0 0.9292929292929293 1.7171717171717171 1.1919191919191918
65 111.67076749977875 1.1313131313131313 1.0505050505050506 1.9393939393939394 0.9292929292929293 1.8181818181818181 1.5151515151515151 1.7171717171717171 0.8080808080808081 1.9595959595959596 1.2727272727272727 1.0707070707070707 2.0 1.97979797979798 0.9090909090909091 1.797979797979798 1.494949494949495 2.0 0.9292929292929293 1.7171717171717171 1.1919191919191918
66 37.16441366830917 1.696969696969697 1.5757575757575757 2.909090909090909 1.393939393939394 2.727272727272727 2.272727272727273 2.5757575757575757 1.2121212121212122 2.9393939393939394 1.9090909090909092 1.606060606060606 3.0 2.9696969696969697 1.3636363636363635 2.696969696969697 2.242424242424242 3.0 1.393939393939394 2.5757575757575757 1.7878787878787878
67 9.656866030842346 1.696969696969697 1.5757575757575757 2.909090909090909 1.393939393939394 2.727272727272727 2.272727272727273 2.5757575757575757 1.2121212121212122 2.9393939393939394 1.9090909090909092 1.606060606060606 3.0 2.9696969696969697 1.3636363636363635 2.696969696969697 2.242424242424242 3.0 1.393939393939394 2.5757575757575757 1.7878787878787878
68 71.77707197371323 1.696969696969697 1.5757575757575757 2.909090909090909 1.393939393939394 2.727272727272727 2.272727272727273 2.5757575757575757 1.2121212121212122 2.9393939393939394 1.9090909090909092 1.606060606060606 3.0 2.9696969696969697 1.3636363636363635 2.696969696969697 2.242424242424242 3.0 1.393939393939394 2.5757575757575757 1.7878787878787878
69 13.713078149920253 1.696969696969697 1.5757575757575757 2.909090909090909 1.393939393939394 2.727272727272727 2.272727272727273 2.5757575757575757 1.2121212121212122 2.9393939393939394 1.9090909090909092 1.606060606060606 3.0 2.9696969696969697 1.3636363636363635 2.696969696969697 2.242424242424242 3.0 1.393939393939394 2.5757575757575757 1.7878787878787878
70 53.224989028493404 1.1313131313131313 1.0505050505050506 1.9393939393939394 0.9292929292929293 1.8181818181818181 1.5151515151515151 1.7171717171717171 0.8080808080808081 1.9595959595959596 1.2727272727272727 1.0707070707070707 2.0 1.97979797979798 0.9090909090909091 1.797979797979798 1.494949494949495 2.0 0.9292929292929293 1.7171717171717171 1.1919191919191918
71 53.7624132438275 1.696969696969697 1.5757575757575757 2.909090909090909 1.393939393939394 2.727272727272727 2.272727272727273 2.5757575757575757 1.2121212121212122 2.9393939393939394 1.9090909090909092 1.606060606060606 3.0 2.9696969696969697 1.3636363636363635 2.696969696969697 2.242424242424242 3.0 1.393939393939394 2.5757575757575757 1.7878787878787878
72 40.75150173959588 1.696969696969697 1.5757575757575757 2.909090909090909 1.393939393939394 2.727272727272727 2.272727272727273 2.5757575757575757 1.2121212121212122 2.9393939393939394 1.9090909090909092 1.606060606060606 3.0 2.9696969696969697 1.3636363636363635 2.696969696969697 2.242424242424242 3.0 1.393939393939394 2.5757575757575757 1.7878787878787878
73 13.479162773381963 1.696969696969697 1.5757575757575757 2.909090909090909 1.393939393939394 2.727272727272727 2.272727272727273 2.5757575757575757 1.2121212121212122 2.9393939393939394 1.9090909090909092 1.606060606060606 3.0 2.9696969696969697 1.3636363636363635 2.696969696969697 2.242424242424242 3.0 1.393939393939394 2.5757575757575757 1.7878787878787878
74 38.214757894777954 1.1313131313131313 1.0505050505050506 1.9393939393939394 0.9292929292929293 1.8181818181818181 1.5151515151515151 1.7171717171717171 0.8080808080808081 1.9595959595959596 1.2727272727272727 1.0707070707070707 2.0 1.97979797979798 0.9090909090909091 1.797979797979798 1.494949494949495 2.0 0.9292929292929293 1.7171717171717171 1.1919191919191918
75 21.388116192318325 1.1313131313131313 1.0505050505050506 1.9393939393939394 0.9292929292929293 1.8181818181818181 1.5151515151515151 1.7171717171717171 0.8080808080808081 1.9595959595959596 1.2727272727272727 1.0707070707070707 2.0 1.97979797979798 0.9090909090909091 1.797979797979798 1.494949494949495 2.0 0.9292929292929293 1.7171717171717171 1.1919191919191918
76 75.93883376948459 1.1313131313131313 1.0505050505050506 1.9393939393939394 0.9292929292929293 1.8181818181818181 1.5151515151515151 1.7171717171717171 0.8080808080808081 1.9595959595959596 1.2727272727272727 1.0707070707070707 2.0 1.97979797979798 0.9090909090909091 1.797979797979798 1.494949494949495 2.0 0.9292929292929293 1.7171717171717171 1.1919191919191918
77 48.86767367306994 1.1313131313131313 1.0505050505050506 1.9393939393939394 0.9292929292929293 1.8181818181818181 1.5151515151515151 1.7171717171717171 0.8080808080808081 1.9595959595959596 1.2727272727272727 1.0707070707070707 2.0 1.97979797979798 0.9090909090909091 1.797979797979798 1.494949494949495 2.0 0.9292929292929293 1.7171717171717171 1.1919191919191918
78 25.726255773896852 1.1313131313131313 1.0505050505050506 1.9393939393939394 0.9292929292929293 1.8181818181818181 1.5151515151515151 1.7171717171717171 0.8080808080808081 1.9595959595959596 1.2727272727272727 1.0707070707070707 2.0 1.97979797979798 0.9090909090909091 1.797979797979798 1.494949494949495 2.0 0.9292929292929293 1.7171717171717171 1.1919191919191918
79 45.0 1.696969696969697 1.5757575757575757 2.909090909090909 1.393939393939394 2.727272727272727 2.272727272727273 2.5757575757575757 1.2121212121212122 2.9393939393939394 1.9090909090909092 1.606060606060606 3.0 2.9696969696969697 1.3636363636363635 2.696969696969697 2.242424242424242 3.0 1.393939393939394 2.5757575757575757 1.7878787878787878
