80 30
TREE NETWORK (nID nID Weight):
35 0 42
24 0 41
23 24 36
66 0 32
37 66 45
63 24 32
43 35 39
59 35 42
51 59 56
47 35 39
7 51 51
21 43 36
58 43 46
1 23 49
19 63 33
4 43 42
48 19 42
17 43 35
50 19 56
60 43 40
40 0 33
9 43 58
71 35 31
52 7 55
75 63 53
44 37 55
13 63 42
42 24 59
8 58 56
41 21 58
18 37 44
3 63 30
31 0 37
55 9 32
49 8 57
33 40 32
73 44 55
6 17 51
11 50 31
5 48 41
57 1 40
16 4 59
12 73 51
64 11 41
34 33 33
22 48 55
77 11 33
45 34 57
10 11 53
74 43 51
28 16 35
69 0 55
27 9 56
20 60 54
2 37 46
78 60 48
25 64 48
32 41 37
65 78 44
53 0 47
56 40 54
54 7 42
30 32 38
36 58 47
61 60 59
79 40 30
72 45 39
26 24 42
46 25 38
62 71 59
70 28 50
15 12 52
76 26 34
38 40 34
68 3 44
39 51 55
14 64 50
67 2 54
29 32 33
PROGRAMS ASSIGNED TO NODES (nID pID1 pID2 ...):
0 1 2 3 4 5 6 7 8 9 10 11 12 13 14 15 16 17 18 19 20 21 22 23 24 25 26 27 28 29 30
1 1 6 23 24 11 29
2 2 4 5 6 7 11 13 14 15 19 20 21 22 29
3 1 2 5 6 8 9 10 13 14 15 16 17 18 19 20 24 26 27 28 30
4 1 2 3 5 6 7 8 9 10 11 14 15 16 17 18 19 20 22 23 24 26 28 29 30
5 1 3 4 5 6 7 8 9 10 11 14 15 16 17 18 19 22 23 24 25 26 28 30
6 1 2 3 6 7 9 10 11 12 14 17 19 21 22 23 24 26 27 28 29
7 1 3 4 5 6 7 9 10 12 13 15 17 18 19 20 21 23 24 25 26 27 28
8 1 2 6 8 9 15 17 19 21 24 25 26 27 28 30
9 1 2 7 10 12 16 18 19 20 21 23 25 30
10 1 2 3 4 5 6 7 8 9 10 12 14 15 16 19 20 21 22 23 25 26 27 28 29 30
11 1 2 3 4 5 6 7 8 9 10 11 13 14 15 16 17 18 19 20 21 22 23 24 25 26 27 28 29 30
12 1 2 4 11 27 28
13 4 6 10 11 12 14 15 18 20 21 23 25 28 29 30
14 21 6
15 16 2 19 3 4 24 12
16 1 4 5 6 7 9 10 11 12 13 14 16 17 19 20 21 22 24 25 26 28
17 2 4 5 6 7 8 9 10 11 12 13 14 15 16 17 18 19 21 22 23 24 25 26 27 28 29
18 16 1 18 19 5 21 6 9 25 28 29 15
19 8 9 10 11 12 13 14 15 17 20 21 24 26 27 29
20 1 4 5 6 8 11 12 13 15 16 17 19 21 22 23 24 26 28 29 30
21 2 3 19 21 5 24 9 28 14
22 17 2 20 5 6 25 27 13 29
23 19 4 21 22 13 14
24 16 17 2 3 5 6 9 26 11 12 14
25 1 2 3 4 5 6 7 8 9 10 11 12 13 14 15 16 17 18 19 20 21 22 23 25 26 27 28 29 30
26 1 18 3 19 24 14
27 18 3 20 5 23 7 26 11 12 30
29 2 20 5 25 26 27 28
30 2 3 5 6 7 8 9 10 11 12 14 15 16 17 18 19 20 21 22 23 24 25 26 28 29 30
31 17 1 2 3 19 22 7 8 10 27 11 14
32 16 17 3 19 20 22 23 7 9 10 13 14
33 1 3 4 5 6 7 8 10 11 13 15 16 18 19 20 23 24 27 28 30
34 1 2 3 5 6 7 8 9 10 12 13 14 15 16 17 18 19 20 21 22 23 25 26 27 28 29 30
35 5 8 28 30
36 1 2 3 4 5 6 7 8 9 10 11 12 13 14 15 16 17 18 19 20 21 22 23 24 25 26 27 28 29
37 1 3 4 5 8 9 10 12 13 14 15 16 17 18 19 20 21 22 23 24 25 26 27 29 30
38 1 2 4 5 6 7 8 9 11 12 14 17 18 20 21 22 23 24 27 28 29 30
39 1 2 3 4 5 6 7 8 9 10 11 12 13 14 15 16 17 18 19 20 22 23 24 25 26 27 28 29 30
40 1 2 3 5 6 8 9 11 12 13 15 16 17 18 20 22 24 25 27 28
41 1 3 4 5 6 7 9 12 13 14 15 16 18 19 20 23 28 30
42 2 3 6 9 11 13 15 17 19 21 22 24 25 27 28 30
43 16 1 2 3 22 7 8 25 11 27
44 2 3 4 5 6 7 9 10 12 14 15 17 18 19 20 23 26 27 30
45 1 22 26 13 14
46 20 21 22 26 10 28 13
47 3 20 13
48 1 2 3 4 5 7 8 9 10 11 12 13 14 15 16 17 19 20 21 22 23 25 26 27 29 30
49 16 4 23 8 25 27 11 29
50 17 18 3 4 7 23 8 25 26 13 14 15
51 2 4 5 6 7 13 16 17 19 24 25 27 28 29 30
52 17 2 19 21 7 23 26 27 30
53 1 2 4 5 9 13 15 18 19 20 22 24 25 26 27 28 29
54 1 2 6 7 10 11 16 18 19 20 21 25 27
55 1 3 4 5 6 8 9 10 11 12 13 15 16 17 18 19 20 21 22 23 24 25 26 27 28 30
56 1 2 5 6 8 9 10 13 14 15 17 19 22 23 25 26 28 30
57 2 4 8 9 10 12 13 14 15 17 18 23 26 27 30
58 1 2 3 4 6 7 8 13 14 15 17 18 19 21 23 24 25 26 28 29 30
59 2 20 5 22 6 7 23 9 10 30
60 1 2 3 4 5 6 7 8 9 10 11 12 14 15 16 17 18 20 21 22 23 24 25 26 27 28 29 30
61 17 2 19 3 21 23 24 11 27 28
62 18 3 4 7 12
63 2 3 4 6 7 11 12 13 14 17 18 19 20 23 27 29 30
64 1 2 3 4 5 6 7 8 9 10 11 12 13 14 15 16 17 18 19 21 22 24 25 26 27 28 29 30
65 1 3 4 6 7 8 9 10 11 12 13 14 16 17 18 20 21 22 23 24 25 26 27 28 29 30
66 18 5 21 15
67 1 2 6 8 10 12 14 20 21 22 24 26 27 28 29 30
68 1 3 4 5 6 7 9 10 11 13 14 15 16 17 18 19 20 25 26 27 28
69 1 2 3 4 5 6 7 8 9 10 11 13 14 16 17 19 20 21 22 23 24 25 26 27 28 30
70 2 4 5 6 8 9 10 12 15 16 17 18 19 20 22 24 25 26 27 28 29 30
71 1 2 3 4 5 6 8 9 11 12 14 15 16 17 18 20 21 22 23 24 25 26 27 28 29 30
72 1 18 19 6 22 8 25 11 15
73 1 3 4 5 6 9 11 12 13 15 16 17 18 19 21 22 23 25 26 27 28 29
74 2 6 7 8 10 14 15 16 17 18 19 20 21 22 23 24 25 28
75 1 2 3 4 5 6 7 8 9 10 11 12 13 16 17 18 19 20 22 23 24 26 27 28 30
76 2 3 22 8 25 9 10 26 11 29 30 15
77 1 3 4 5 6 7 9 10 11 12 15 16 17 20 22 23 24 25 28 29 30
78 3 24 25 26 13 30
79 2 3 4 6 7 10 11 12 14 16 18 21 22 24 25 27 28 29 30
SIZE OF PROGRAMS (pID SIZE):
1 98.0
2 50.0
3 89.0
4 59.0
5 58.0
6 70.0
7 69.0
8 56.0
9 98.0
10 84.0
11 45.0
12 79.0
13 41.0
14 90.0
15 93.0
16 87.0
17 65.0
18 50.0
19 48.0
20 46.0
21 78.0
22 86.0
23 54.0
24 96.0
25 94.0
26 41.0
27 70.0
28 71.0
29 86.0
30 82.0
COST TO INSTALL SERVERS AND PROGRAMS ON NODES (COST_TO_INSTALL_SERVER COST_TO_INSTALL_pID1 ...):
0 7529.591836734694 3.0 1.530612244897959 2.7244897959183674 1.8061224489795917 1.7755102040816326 2.142857142857143 2.1122448979591835 1.7142857142857142 3.0 2.5714285714285716 1.3775510204081634 2.4183673469387754 1.2551020408163265 2.7551020408163267 2.8469387755102042 2.663265306122449 1.989795918367347 1.530612244897959 1.469387755102041 1.4081632653061225 2.3877551020408165 2.63265306122449 1.653061224489796 2.938775510204082 2.877551020408163 1.2551020408163265 2.142857142857143 2.173469387755102 2.63265306122449 2.510204081632653
1 32.15636856368561 2.0 1.0204081632653061 1.816326530612245 1.2040816326530612 1.183673469387755 1.4285714285714286 1.4081632653061225 1.1428571428571428 2.0 1.7142857142857142 0.9183673469387755 1.6122448979591837 0.8367346938775511 1.836734693877551 1.8979591836734695 1.7755102040816326 1.3265306122448979 1.0204081632653061 0.9795918367346939 0.9387755102040817 1.5918367346938775 1.7551020408163265 1.1020408163265305 1.9591836734693877 1.9183673469387754 0.8367346938775511 1.4285714285714286 1.4489795918367347 1.7551020408163265 1.6734693877551021
2 79.48452984817118 3.0 1.530612244897959 2.7244897959183674 1.8061224489795917 1.7755102040816326 2.142857142857143 2.1122448979591835 1.7142857142857142 3.0 2.5714285714285716 1.3775510204081634 2.4183673469387754 1.2551020408163265 2.7551020408163267 2.8469387755102042 2.663265306122449 1.989795918367347 1.530612244897959 1.469387755102041 1.4081632653061225 2.3877551020408165 2.63265306122449 1.653061224489796 2.938775510204082 2.877551020408163 1.2551020408163265 2.142857142857143 2.173469387755102 2.63265306122449 2.510204081632653
3 120.91247040561065 2.0 1.0204081632653061 1.816326530612245 1.2040816326530612 1.183673469387755 1.4285714285714286 1.4081632653061225 1.1428571428571428 2.0 1.7142857142857142 0.9183673469387755 1.6122448979591837 0.8367346938775511 1.836734693877551 1.8979591836734695 1.7755102040816326 1.3265306122448979 1.0204081632653061 0.9795918367346939 0.9387755102040817 1.5918367346938775 1.7551020408163265 1.1020408163265305 1.9591836734693877 1.9183673469387754 0.8367346938775511 1.4285714285714286 1.4489795918367347 1.7551020408163265 1.6734693877551021
4 26.18317719147213 2.0 1.0204081632653061 1.816326530612245 1.2040816326530612 1.183673469387755 1.4285714285714286 1.4081632653061225 1.1428571428571428 2.0 1.7142857142857142 0.9183673469387755 1.6122448979591837 0.8367346938775511 1.836734693877551 1.8979591836734695 1.7755102040816326 1.3265306122448979 1.0204081632653061 0.9795918367346939 0.9387755102040817 1.5918367346938775 1.7551020408163265 1.1020408163265305 1.9591836734693877 1.9183673469387754 0.8367346938775511 1.4285714285714286 1.4489795918367347 1.7551020408163265 1.6734693877551021
5 92.92924340467896 3.0 1.530612244897959 2.7244897959183674 1.8061224489795917 1.7755102040816326 2.142857142857143 2.1122448979591835 1.7142857142857142 3.0 2.5714285714285716 1.3775510204081634 2.4183673469387754 1.2551020408163265 2.7551020408163267 2.8469387755102042 2.663265306122449 1.989795918367347 1.530612244897959 1.469387755102041 1.4081632653061225 2.3877551020408165 2.63265306122449 1.653061224489796 2.938775510204082 2.877551020408163 1.2551020408163265 2.142857142857143 2.173469387755102 2.63265306122449 2.510204081632653
6 108.96858462066142 2.0 1.0204081632653061 1.816326530612245 1.2040816326530612 1.183673469387755 1.4285714285714286 1.4081632653061225 1.1428571428571428 2.0 1.7142857142857142 0.9183673469387755 1.6122448979591837 0.8367346938775511 1.836734693877551 1.8979591836734695 1.7755102040816326 1.3265306122448979 1.0204081632653061 0.9795918367346939 0.9387755102040817 1.5918367346938775 1.7551020408163265 1.1020408163265305 1.9591836734693877 1.9183673469387754 0.8367346938775511 1.4285714285714286 1.4489795918367347 1.7551020408163265 1.6734693877551021
7 58.258586768040566 2.0 1.0204081632653061 1.816326530612245 1.2040816326530612 1.183673469387755 1.4285714285714286 1.4081632653061225 1.1428571428571428 2.0 1.7142857142857142 0.9183673469387755 1.6122448979591837 0.8367346938775511 1.836734693877551 1.8979591836734695 1.7755102040816326 1.3265306122448979 1.0204081632653061 0.9795918367346939 0.9387755102040817 1.5918367346938775 1.7551020408163265 1.1020408163265305 1.9591836734693877 1.9183673469387754 0.8367346938775511 1.4285714285714286 1.4489795918367347 1.7551020408163265 1.6734693877551021
8 38.62133943400581 2.0 1.0204081632653061 1.816326530612245 1.2040816326530612 1.183673469387755 1.4285714285714286 1.4081632653061225 1.1428571428571428 2.0 1.7142857142857142 0.9183673469387755 1.6122448979591837 0.8367346938775511 1.836734693877551 1.8979591836734695 1.7755102040816326 1.3265306122448979 1.0204081632653061 0.9795918367346939 0.9387755102040817 1.5918367346938775 1.7551020408163265 1.1020408163265305 1.9591836734693877 1.9183673469387754 0.8367346938775511 1.4285714285714286 1.4489795918367347 1.7551020408163265 1.6734693877551021
9 43.33866743075171 3.0 1.530612244897959 2.7244897959183674 1.8061224489795917 1.7755102040816326 2.142857142857143 2.1122448979591835 1.7142857142857142 3.0 2.5714285714285716 1.3775510204081634 2.4183673469387754 1.2551020408163265 2.7551020408163267 2.8469387755102042 2.663265306122449 1.989795918367347 1.530612244897959 1.469387755102041 1.4081632653061225 2.3877551020408165 2.63265306122449 1.653061224489796 2.938775510204082 2.877551020408163 1.2551020408163265 2.142857142857143 2.173469387755102 2.63265306122449 2.510204081632653
10 125.38755841992554 2.0 1.0204081632653061 1.816326530612245 1.2040816326530612 1.183673469387755 1.4285714285714286 1.4081632653061225 1.1428571428571428 2.0 1.7142857142857142 0.9183673469387755 1.6122448979591837 0.8367346938775511 1.836734693877551 1.8979591836734695 1.7755102040816326 1.3265306122448979 1.0204081632653061 0.9795918367346939 0.9387755102040817 1.5918367346938775 1.7551020408163265 1.1020408163265305 1.9591836734693877 1.9183673469387754 0.8367346938775511 1.4285714285714286 1.4489795918367347 1.7551020408163265 1.6734693877551021
11 200.5286983824658 2.0 1.0204081632653061 1.816326530612245 1.2040816326530612 1.183673469387755 1.4285714285714286 1.4081632653061225 1.1428571428571428 2.0 1.7142857142857142 0.9183673469387755 1.6122448979591837 0.8367346938775511 1.836734693877551 1.8979591836734695 1.7755102040816326 1.3265306122448979 1.0204081632653061 0.9795918367346939 0.9387755102040817 1.5918367346938775 1.7551020408163265 1.1020408163265305 1.9591836734693877 1.9183673469387754 0.8367346938775511 1.4285714285714286 1.4489795918367347 1.7551020408163265 1.6734693877551021
12 64.51566426570628 3.0 1.530612244897959 2.7244897959183674 1.8061224489795917 1.7755102040816326 2.142857142857143 2.1122448979591835 1.7142857142857142 3.0 2.5714285714285716 1.3775510204081634 2.4183673469387754 1.2551020408163265 2.7551020408163267 2.8469387755102042 2.663265306122449 1.989795918367347 1.530612244897959 1.469387755102041 1.4081632653061225 2.3877551020408165 2.63265306122449 1.653061224489796 2.938775510204082 2.877551020408163 1.2551020408163265 2.142857142857143 2.173469387755102 2.63265306122449 2.510204081632653
13 50.15369405384104 3.0 1.530612244897959 2.7244897959183674 1.8061224489795917 1.7755102040816326 2.142857142857143 2.1122448979591835 1.7142857142857142 3.0 2.5714285714285716 1.3775510204081634 2.4183673469387754 1.2551020408163265 2.7551020408163267 2.8469387755102042 2.663265306122449 1.989795918367347 1.530612244897959 1.469387755102041 1.4081632653061225 2.3877551020408165 2.63265306122449 1.653061224489796 2.938775510204082 2.877551020408163 1.2551020408163265 2.142857142857143 2.173469387755102 2.63265306122449 2.510204081632653
14 4.737200641589874 2.0 1.0204081632653061 1.816326530612245 1.2040816326530612 1.183673469387755 1.4285714285714286 1.4081632653061225 1.1428571428571428 2.0 1.7142857142857142 0.9183673469387755 1.6122448979591837 0.8367346938775511 1.836734693877551 1.8979591836734695 1.7755102040816326 1.3265306122448979 1.0204081632653061 0.9795918367346939 0.9387755102040817 1.5918367346938775 1.7551020408163265 1.1020408163265305 1.9591836734693877 1.9183673469387754 0.8367346938775511 1.4285714285714286 1.4489795918367347 1.7551020408163265 1.6734693877551021
15 41.09787894003756 3.0 1.530612244897959 2.7244897959183674 1.8061224489795917 1.7755102040816326 2.142857142857143 2.1122448979591835 1.7142857142857142 3.0 2.5714285714285716 1.3775510204081634 2.4183673469387754 1.2551020408163265 2.7551020408163267 2.8469387755102042 2.663265306122449 1.989795918367347 1.530612244897959 1.469387755102041 1.4081632653061225 2.3877551020408165 2.63265306122449 1.653061224489796 2.938775510204082 2.877551020408163 1.2551020408163265 2.142857142857143 2.173469387755102 2.63265306122449 2.510204081632653
16 93.24255922753053 3.0 1.530612244897959 2.7244897959183674 1.8061224489795917 1.7755102040816326 2.142857142857143 2.1122448979591835 1.7142857142857142 3.0 2.5714285714285716 1.3775510204081634 2.4183673469387754 1.2551020408163265 2.7551020408163267 2.8469387755102042 2.663265306122449 1.989795918367347 1.530612244897959 1.469387755102041 1.4081632653061225 2.3877551020408165 2.63265306122449 1.653061224489796 2.938775510204082 2.877551020408163 1.2551020408163265 2.142857142857143 2.173469387755102 2.63265306122449 2.510204081632653
17 104.23438531911437 3.0 1.530612244897959 2.7244897959183674 1.8061224489795917 1.7755102040816326 2.142857142857143 2.1122448979591835 1.7142857142857142 3.0 2.5714285714285716 1.3775510204081634 2.4183673469387754 1.2551020408163265 2.7551020408163267 2.8469387755102042 2.663265306122449 1.989795918367347 1.530612244897959 1.469387755102041 1.4081632653061225 2.3877551020408165 2.63265306122449 1.653061224489796 2.938775510204082 2.877551020408163 1.2551020408163265 2.142857142857143 2.173469387755102 2.63265306122449 2.510204081632653
18 58.33455808080809 2.0 1.0204081632653061 1.816326530612245 1.2040816326530612 1.183673469387755 1.4285714285714286 1.4081632653061225 1.1428571428571428 2.0 1.7142857142857142 0.9183673469387755 1.6122448979591837 0.8367346938775511 1.836734693877551 1.8979591836734695 1.7755102040816326 1.3265306122448979 1.0204081632653061 0.9795918367346939 0.9387755102040817 1.5918367346938775 1.7551020408163265 1.1020408163265305 1.9591836734693877 1.9183673469387754 0.8367346938775511 1.4285714285714286 1.4489795918367347 1.7551020408163265 1.6734693877551021
19 114.97538008032762 3.0 1.530612244897959 2.7244897959183674 1.8061224489795917 1.7755102040816326 2.142857142857143 2.1122448979591835 1.7142857142857142 3.0 2.5714285714285716 1.3775510204081634 2.4183673469387754 1.2551020408163265 2.7551020408163267 2.8469387755102042 2.663265306122449 1.989795918367347 1.530612244897959 1.469387755102041 1.4081632653061225 2.3877551020408165 2.63265306122449 1.653061224489796 2.938775510204082 2.877551020408163 1.2551020408163265 2.142857142857143 2.173469387755102 2.63265306122449 2.510204081632653
20 53.90791480124815 2.0 1.0204081632653061 1.816326530612245 1.2040816326530612 1.183673469387755 1.4285714285714286 1.4081632653061225 1.1428571428571428 2.0 1.7142857142857142 0.9183673469387755 1.6122448979591837 0.8367346938775511 1.836734693877551 1.8979591836734695 1.7755102040816326 1.3265306122448979 1.0204081632653061 0.9795918367346939 0.9387755102040817 1.5918367346938775 1.7551020408163265 1.1020408163265305 1.9591836734693877 1.9183673469387754 0.8367346938775511 1.4285714285714286 1.4489795918367347 1.7551020408163265 1.6734693877551021
21 32.71636957512535 3.0 1.530612244897959 2.7244897959183674 1.8061224489795917 1.7755102040816326 2.142857142857143 2.1122448979591835 1.7142857142857142 3.0 2.5714285714285716 1.3775510204081634 2.4183673469387754 1.2551020408163265 2.7551020408163267 2.8469387755102042 2.663265306122449 1.989795918367347 1.530612244897959 1.469387755102041 1.4081632653061225 2.3877551020408165 2.63265306122449 1.653061224489796 2.938775510204082 2.877551020408163 1.2551020408163265 2.142857142857143 2.173469387755102 2.63265306122449 2.510204081632653
22 56.128808430245705 2.0 1.0204081632653061 1.816326530612245 1.2040816326530612 1.183673469387755 1.4285714285714286 1.4081632653061225 1.1428571428571428 2.0 1.7142857142857142 0.9183673469387755 1.6122448979591837 0.8367346938775511 1.836734693877551 1.8979591836734695 1.7755102040816326 1.3265306122448979 1.0204081632653061 0.9795918367346939 0.9387755102040817 1.5918367346938775 1.7551020408163265 1.1020408163265305 1.9591836734693877 1.9183673469387754 0.8367346938775511 1.4285714285714286 1.4489795918367347 1.7551020408163265 1.6734693877551021
23 30.245628929078393 3.0 1.530612244897959 2.7244897959183674 1.8061224489795917 1.7755102040816326 2.142857142857143 2.1122448979591835 1.7142857142857142 3.0 2.5714285714285716 1.3775510204081634 2.4183673469387754 1.2551020408163265 2.7551020408163267 2.8469387755102042 2.663265306122449 1.989795918367347 1.530612244897959 1.469387755102041 1.4081632653061225 2.3877551020408165 2.63265306122449 1.653061224489796 2.938775510204082 2.877551020408163 1.2551020408163265 2.142857142857143 2.173469387755102 2.63265306122449 2.510204081632653
24 9.370555082772684 2.0 1.0204081632653061 1.816326530612245 1.2040816326530612 1.183673469387755 1.4285714285714286 1.4081632653061225 1.1428571428571428 2.0 1.7142857142857142 0.9183673469387755 1.6122448979591837 0.8367346938775511 1.836734693877551 1.8979591836734695 1.7755102040816326 1.3265306122448979 1.0204081632653061 0.9795918367346939 0.9387755102040817 1.5918367346938775 1.7551020408163265 1.1020408163265305 1.9591836734693877 1.9183673469387754 0.8367346938775511 1.4285714285714286 1.4489795918367347 1.7551020408163265 1.6734693877551021
25 102.30480364934046 3.0 1.530612244897959 2.7244897959183674 1.8061224489795917 1.7755102040816326 2.142857142857143 2.1122448979591835 1.7142857142857142 3.0 2.5714285714285716 1.3775510204081634 2.4183673469387754 1.2551020408163265 2.7551020408163267 2.8469387755102042 2.663265306122449 1.989795918367347 1.530612244897959 1.469387755102041 1.4081632653061225 2.3877551020408165 2.63265306122449 1.653061224489796 2.938775510204082 2.877551020408163 1.2551020408163265 2.142857142857143 2.173469387755102 2.63265306122449 2.510204081632653
26 14.575757240565602 3.0 1.530612244897959 2.7244897959183674 1.8061224489795917 1.7755102040816326 2.142857142857143 2.1122448979591835 1.7142857142857142 3.0 2.5714285714285716 1.3775510204081634 2.4183673469387754 1.2551020408163265 2.7551020408163267 2.8469387755102042 2.663265306122449 1.989795918367347 1.530612244897959 1.469387755102041 1.4081632653061225 2.3877551020408165 2.63265306122449 1.653061224489796 2.938775510204082 2.877551020408163 1.2551020408163265 2.142857142857143 2.173469387755102 2.63265306122449 2.510204081632653
27 33.664425229942466 3.0 1.530612244897959 2.7244897959183674 1.8061224489795917 1.7755102040816326 2.142857142857143 2.1122448979591835 1.7142857142857142 3.0 2.5714285714285716 1.3775510204081634 2.4183673469387754 1.2551020408163265 2.7551020408163267 2.8469387755102042 2.663265306122449 1.989795918367347 1.530612244897959 1.469387755102041 1.4081632653061225 2.3877551020408165 2.63265306122449 1.653061224489796 2.938775510204082 2.877551020408163 1.2551020408163265 2.142857142857143 2.173469387755102 2.63265306122449 2.510204081632653
28 39.69648467334329 3.0 1.530612244897959 2.7244897959183674 1.8061224489795917 1.7755102040816326 2.142857142857143 2.1122448979591835 1.7142857142857142 3.0 2.5714285714285716 1.3775510204081634 2.4183673469387754 1.2551020408163265 2.7551020408163267 2.8469387755102042 2.663265306122449 1.989795918367347 1.530612244897959 1.469387755102041 1.4081632653061225 2.3877551020408165 2.63265306122449 1.653061224489796 2.938775510204082 2.877551020408163 1.2551020408163265 2.142857142857143 2.173469387755102 2.63265306122449 2.510204081632653
29 10.422126631486238 3.0 1.530612244897959 2.7244897959183674 1.8061224489795917 1.7755102040816326 2.142857142857143 2.1122448979591835 1.7142857142857142 3.0 2.5714285714285716 1.3775510204081634 2.4183673469387754 1.2551020408163265 2.7551020408163267 2.8469387755102042 2.663265306122449 1.989795918367347 1.530612244897959 1.469387755102041 1.4081632653061225 2.3877551020408165 2.63265306122449 1.653061224489796 2.938775510204082 2.877551020408163 1.2551020408163265 2.142857142857143 2.173469387755102 2.63265306122449 2.510204081632653
30 246.10322109282149 3.0 1.530612244897959 2.7244897959183674 1.8061224489795917 1.7755102040816326 2.142857142857143 2.1122448979591835 1.7142857142857142 3.0 2.5714285714285716 1.3775510204081634 2.4183673469387754 1.2551020408163265 2.7551020408163267 2.8469387755102042 2.663265306122449 1.989795918367347 1.530612244897959 1.469387755102041 1.4081632653061225 2.3877551020408165 2.63265306122449 1.653061224489796 2.938775510204082 2.877551020408163 1.2551020408163265 2.142857142857143 2.173469387755102 2.63265306122449 2.510204081632653
31 26.0 3.0 1.530612244897959 2.7244897959183674 1.8061224489795917 1.7755102040816326 2.142857142857143 2.1122448979591835 1.7142857142857142 3.0 2.5714285714285716 1.3775510204081634 2.4183673469387754 1.2551020408163265 2.7551020408163267 2.8469387755102042 2.663265306122449 1.989795918367347 1.530612244897959 1.469387755102041 1.4081632653061225 2.3877551020408165 2.63265306122449 1.653061224489796 2.938775510204082 2.877551020408163 1.2551020408163265 2.142857142857143 2.173469387755102 2.63265306122449 2.510204081632653
32 198.37342170727592 2.0 1.0204081632653061 1.816326530612245 1.2040816326530612 1.183673469387755 1.4285714285714286 1.4081632653061225 1.1428571428571428 2.0 1.7142857142857142 0.9183673469387755 1.6122448979591837 0.8367346938775511 1.836734693877551 1.8979591836734695 1.7755102040816326 1.3265306122448979 1.0204081632653061 0.9795918367346939 0.9387755102040817 1.5918367346938775 1.7551020408163265 1.1020408163265305 1.9591836734693877 1.9183673469387754 0.8367346938775511 1.4285714285714286 1.4489795918367347 1.7551020408163265 1.6734693877551021
33 74.17304633730326 2.0 1.0204081632653061 1.816326530612245 1.2040816326530612 1.183673469387755 1.4285714285714286 1.4081632653061225 1.1428571428571428 2.0 1.7142857142857142 0.9183673469387755 1.6122448979591837 0.8367346938775511 1.836734693877551 1.8979591836734695 1.7755102040816326 1.3265306122448979 1.0204081632653061 0.9795918367346939 0.9387755102040817 1.5918367346938775 1.7551020408163265 1.1020408163265305 1.9591836734693877 1.9183673469387754 0.8367346938775511 1.4285714285714286 1.4489795918367347 1.7551020408163265 1.6734693877551021
34 67.25070293007485 2.0 1.0204081632653061 1.816326530612245 1.2040816326530612 1.183673469387755 1.4285714285714286 1.4081632653061225 1.1428571428571428 2.0 1.7142857142857142 0.9183673469387755 1.6122448979591837 0.8367346938775511 1.836734693877551 1.8979591836734695 1.7755102040816326 1.3265306122448979 1.0204081632653061 0.9795918367346939 0.9387755102040817 1.5918367346938775 1.7551020408163265 1.1020408163265305 1.9591836734693877 1.9183673469387754 0.8367346938775511 1.4285714285714286 1.4489795918367347 1.7551020408163265 1.6734693877551021
35 2.621198156682022 2.0 1.0204081632653061 1.816326530612245 1.2040816326530612 1.183673469387755 1.4285714285714286 1.4081632653061225 1.1428571428571428 2.0 1.7142857142857142 0.9183673469387755 1.6122448979591837 0.8367346938775511 1.836734693877551 1.8979591836734695 1.7755102040816326 1.3265306122448979 1.0204081632653061 0.9795918367346939 0.9387755102040817 1.5918367346938775 1.7551020408163265 1.1020408163265305 1.9591836734693877 1.9183673469387754 0.8367346938775511 1.4285714285714286 1.4489795918367347 1.7551020408163265 1.6734693877551021
36 34.48461064066985 2.0 1.0204081632653061 1.816326530612245 1.2040816326530612 1.183673469387755 1.4285714285714286 1.4081632653061225 1.1428571428571428 2.0 1.7142857142857142 0.9183673469387755 1.6122448979591837 0.8367346938775511 1.836734693877551 1.8979591836734695 1.7755102040816326 1.3265306122448979 1.0204081632653061 0.9795918367346939 0.9387755102040817 1.5918367346938775 1.7551020408163265 1.1020408163265305 1.9591836734693877 1.9183673469387754 0.8367346938775511 1.4285714285714286 1.4489795918367347 1.7551020408163265 1.6734693877551021
37 39.13035385121791 2.0 1.0204081632653061 1.816326530612245 1.2040816326530612 1.183673469387755 1.4285714285714286 1.4081632653061225 1.1428571428571428 2.0 1.7142857142857142 0.9183673469387755 1.6122448979591837 0.8367346938775511 1.836734693877551 1.8979591836734695 1.7755102040816326 1.3265306122448979 1.0204081632653061 0.9795918367346939 0.9387755102040817 1.5918367346938775 1.7551020408163265 1.1020408163265305 1.9591836734693877 1.9183673469387754 0.8367346938775511 1.4285714285714286 1.4489795918367347 1.7551020408163265 1.6734693877551021
38 57.43826827173558 2.0 1.0204081632653061 1.816326530612245 1.2040816326530612 1.183673469387755 1.4285714285714286 1.4081632653061225 1.1428571428571428 2.0 1.7142857142857142 0.9183673469387755 1.6122448979591837 0.8367346938775511 1.836734693877551 1.8979591836734695 1.7755102040816326 1.3265306122448979 1.0204081632653061 0.9795918367346939 0.9387755102040817 1.5918367346938775 1.7551020408163265 1.1020408163265305 1.9591836734693877 1.9183673469387754 0.8367346938775511 1.4285714285714286 1.4489795918367347 1.7551020408163265 1.6734693877551021
39 29.069078540507114 3.0 1.530612244897959 2.7244897959183674 1.8061224489795917 1.7755102040816326 2.142857142857143 2.1122448979591835 1.7142857142857142 3.0 2.5714285714285716 1.3775510204081634 2.4183673469387754 1.2551020408163265 2.7551020408163267 2.8469387755102042 2.663265306122449 1.989795918367347 1.530612244897959 1.469387755102041 1.4081632653061225 2.3877551020408165 2.63265306122449 1.653061224489796 2.938775510204082 2.877551020408163 1.2551020408163265 2.142857142857143 2.173469387755102 2.63265306122449 2.510204081632653
40 13.071949248907773 2.0 1.0204081632653061 1.816326530612245 1.2040816326530612 1.183673469387755 1.4285714285714286 1.4081632653061225 1.1428571428571428 2.0 1.7142857142857142 0.9183673469387755 1.6122448979591837 0.8367346938775511 1.836734693877551 1.8979591836734695 1.7755102040816326 1.3265306122448979 1.0204081632653061 0.9795918367346939 0.9387755102040817 1.5918367346938775 1.7551020408163265 1.1020408163265305 1.9591836734693877 1.9183673469387754 0.8367346938775511 1.4285714285714286 1.4489795918367347 1.7551020408163265 1.6734693877551021
41 97.84151027742323 2.0 1.0204081632653061 1.816326530612245 1.2040816326530612 1.183673469387755 1.4285714285714286 1.4081632653061225 1.1428571428571428 2.0 1.7142857142857142 0.9183673469387755 1.6122448979591837 0.8367346938775511 1.836734693877551 1.8979591836734695 1.7755102040816326 1.3265306122448979 1.0204081632653061 0.9795918367346939 0.9387755102040817 1.5918367346938775 1.7551020408163265 1.1020408163265305 1.9591836734693877 1.9183673469387754 0.8367346938775511 1.4285714285714286 1.4489795918367347 1.7551020408163265 1.6734693877551021
42 22.298412080830683 2.0 1.0204081632653061 1.816326530612245 1.2040816326530612 1.183673469387755 1.4285714285714286 1.4081632653061225 1.1428571428571428 2.0 1.7142857142857142 0.9183673469387755 1.6122448979591837 0.8367346938775511 1.836734693877551 1.8979591836734695 1.7755102040816326 1.3265306122448979 1.0204081632653061 0.9795918367346939 0.9387755102040817 1.5918367346938775 1.7551020408163265 1.1020408163265305 1.9591836734693877 1.9183673469387754 0.8367346938775511 1.4285714285714286 1.4489795918367347 1.7551020408163265 1.6734693877551021
43 30.37421380462856 2.0 1.0204081632653061 1.816326530612245 1.2040816326530612 1.183673469387755 1.4285714285714286 1.4081632653061225 1.1428571428571428 2.0 1.7142857142857142 0.9183673469387755 1.6122448979591837 0.8367346938775511 1.836734693877551 1.8979591836734695 1.7755102040816326 1.3265306122448979 1.0204081632653061 0.9795918367346939 0.9387755102040817 1.5918367346938775 1.7551020408163265 1.1020408163265305 1.9591836734693877 1.9183673469387754 0.8367346938775511 1.4285714285714286 1.4489795918367347 1.7551020408163265 1.6734693877551021
44 62.512126795162516 3.0 1.530612244897959 2.7244897959183674 1.8061224489795917 1.7755102040816326 2.142857142857143 2.1122448979591835 1.7142857142857142 3.0 2.5714285714285716 1.3775510204081634 2.4183673469387754 1.2551020408163265 2.7551020408163267 2.8469387755102042 2.663265306122449 1.989795918367347 1.530612244897959 1.469387755102041 1.4081632653061225 2.3877551020408165 2.63265306122449 1.653061224489796 2.938775510204082 2.877551020408163 1.2551020408163265 2.142857142857143 2.173469387755102 2.63265306122449 2.510204081632653
45 53.36219569903782 2.0 1.0204081632653061 1.816326530612245 1.2040816326530612 1.183673469387755 1.4285714285714286 1.4081632653061225 1.1428571428571428 2.0 1.7142857142857142 0.9183673469387755 1.6122448979591837 0.8367346938775511 1.836734693877551 1.8979591836734695 1.7755102040816326 1.3265306122448979 1.0204081632653061 0.9795918367346939 0.9387755102040817 1.5918367346938775 1.7551020408163265 1.1020408163265305 1.9591836734693877 1.9183673469387754 0.8367346938775511 1.4285714285714286 1.4489795918367347 1.7551020408163265 1.6734693877551021
46 55.37879530080566 3.0 1.530612244897959 2.7244897959183674 1.8061224489795917 1.7755102040816326 2.142857142857143 2.1122448979591835 1.7142857142857142 3.0 2.5714285714285716 1.3775510204081634 2.4183673469387754 1.2551020408163265 2.7551020408163267 2.8469387755102042 2.663265306122449 1.989795918367347 1.530612244897959 1.469387755102041 1.4081632653061225 2.3877551020408165 2.63265306122449 1.653061224489796 2.938775510204082 2.877551020408163 1.2551020408163265 2.142857142857143 2.173469387755102 2.63265306122449 2.510204081632653
47 3.149764521193092 3.0 1.530612244897959 2.7244897959183674 1.8061224489795917 1.7755102040816326 2.142857142857143 2.1122448979591835 1.7142857142857142 3.0 2.5714285714285716 1.3775510204081634 2.4183673469387754 1.2551020408163265 2.7551020408163267 2.8469387755102042 2.663265306122449 1.989795918367347 1.530612244897959 1.469387755102041 1.4081632653061225 2.3877551020408165 2.63265306122449 1.653061224489796 2.938775510204082 2.877551020408163 1.2551020408163265 2.142857142857143 2.173469387755102 2.63265306122449 2.510204081632653
48 105.73678134976184 2.0 1.0204081632653061 1.816326530612245 1.2040816326530612 1.183673469387755 1.4285714285714286 1.4081632653061225 1.1428571428571428 2.0 1.7142857142857142 0.9183673469387755 1.6122448979591837 0.8367346938775511 1.836734693877551 1.8979591836734695 1.7755102040816326 1.3265306122448979 1.0204081632653061 0.9795918367346939 0.9387755102040817 1.5918367346938775 1.7551020408163265 1.1020408163265305 1.9591836734693877 1.9183673469387754 0.8367346938775511 1.4285714285714286 1.4489795918367347 1.7551020408163265 1.6734693877551021
49 35.87874029582104 2.0 1.0204081632653061 1.816326530612245 1.2040816326530612 1.183673469387755 1.4285714285714286 1.4081632653061225 1.1428571428571428 2.0 1.7142857142857142 0.9183673469387755 1.6122448979591837 0.8367346938775511 1.836734693877551 1.8979591836734695 1.7755102040816326 1.3265306122448979 1.0204081632653061 0.9795918367346939 0.9387755102040817 1.5918367346938775 1.7551020408163265 1.1020408163265305 1.9591836734693877 1.9183673469387754 0.8367346938775511 1.4285714285714286 1.4489795918367347 1.7551020408163265 1.6734693877551021
50 156.07156206163174 2.0 1.0204081632653061 1.816326530612245 1.2040816326530612 1.183673469387755 1.4285714285714286 1.4081632653061225 1.1428571428571428 2.0 1.7142857142857142 0.9183673469387755 1.6122448979591837 0.8367346938775511 1.836734693877551 1.8979591836734695 1.7755102040816326 1.3265306122448979 1.0204081632653061 0.9795918367346939 0.9387755102040817 1.5918367346938775 1.7551020408163265 1.1020408163265305 1.9591836734693877 1.9183673469387754 0.8367346938775511 1.4285714285714286 1.4489795918367347 1.7551020408163265 1.6734693877551021
51 99.85126728110605 2.0 1.0204081632653061 1.816326530612245 1.2040816326530612 1.183673469387755 1.4285714285714286 1.4081632653061225 1.1428571428571428 2.0 1.7142857142857142 0.9183673469387755 1.6122448979591837 0.8367346938775511 1.836734693877551 1.8979591836734695 1.7755102040816326 1.3265306122448979 1.0204081632653061 0.9795918367346939 0.9387755102040817 1.5918367346938775 1.7551020408163265 1.1020408163265305 1.9591836734693877 1.9183673469387754 0.8367346938775511 1.4285714285714286 1.4489795918367347 1.7551020408163265 1.6734693877551021
52 18.460693004474518 2.0 1.0204081632653061 1.816326530612245 1.2040816326530612 1.183673469387755 1.4285714285714286 1.4081632653061225 1.1428571428571428 2.0 1.7142857142857142 0.9183673469387755 1.6122448979591837 0.8367346938775511 1.836734693877551 1.8979591836734695 1.7755102040816326 1.3265306122448979 1.0204081632653061 0.9795918367346939 0.9387755102040817 1.5918367346938775 1.7551020408163265 1.1020408163265305 1.9591836734693877 1.9183673469387754 0.8367346938775511 1.4285714285714286 1.4489795918367347 1.7551020408163265 1.6734693877551021
53 104.0 3.0 1.530612244897959 2.7244897959183674 1.8061224489795917 1.7755102040816326 2.142857142857143 2.1122448979591835 1.7142857142857142 3.0 2.5714285714285716 1.3775510204081634 2.4183673469387754 1.2551020408163265 2.7551020408163267 2.8469387755102042 2.663265306122449 1.989795918367347 1.530612244897959 1.469387755102041 1.4081632653061225 2.3877551020408165 2.63265306122449 1.653061224489796 2.938775510204082 2.877551020408163 1.2551020408163265 2.142857142857143 2.173469387755102 2.63265306122449 2.510204081632653
54 49.445638255302136 2.0 1.0204081632653061 1.816326530612245 1.2040816326530612 1.183673469387755 1.4285714285714286 1.4081632653061225 1.1428571428571428 2.0 1.7142857142857142 0.9183673469387755 1.6122448979591837 0.8367346938775511 1.836734693877551 1.8979591836734695 1.7755102040816326 1.3265306122448979 1.0204081632653061 0.9795918367346939 0.9387755102040817 1.5918367346938775 1.7551020408163265 1.1020408163265305 1.9591836734693877 1.9183673469387754 0.8367346938775511 1.4285714285714286 1.4489795918367347 1.7551020408163265 1.6734693877551021
55 160.45239458589222 2.0 1.0204081632653061 1.816326530612245 1.2040816326530612 1.183673469387755 1.4285714285714286 1.4081632653061225 1.1428571428571428 2.0 1.7142857142857142 0.9183673469387755 1.6122448979591837 0.8367346938775511 1.836734693877551 1.8979591836734695 1.7755102040816326 1.3265306122448979 1.0204081632653061 0.9795918367346939 0.9387755102040817 1.5918367346938775 1.7551020408163265 1.1020408163265305 1.9591836734693877 1.9183673469387754 0.8367346938775511 1.4285714285714286 1.4489795918367347 1.7551020408163265 1.6734693877551021
56 34.04551675002802 2.0 1.0204081632653061 1.816326530612245 1.2040816326530612 1.183673469387755 1.4285714285714286 1.4081632653061225 1.1428571428571428 2.0 1.7142857142857142 0.9183673469387755 1.6122448979591837 0.8367346938775511 1.836734693877551 1.8979591836734695 1.7755102040816326 1.3265306122448979 1.0204081632653061 0.9795918367346939 0.9387755102040817 1.5918367346938775 1.7551020408163265 1.1020408163265305 1.9591836734693877 1.9183673469387754 0.8367346938775511 1.4285714285714286 1.4489795918367347 1.7551020408163265 1.6734693877551021
57 17.788970673635305 3.0 1.530612244897959 2.7244897959183674 1.8061224489795917 1.7755102040816326 2.142857142857143 2.1122448979591835 1.7142857142857142 3.0 2.5714285714285716 1.3775510204081634 2.4183673469387754 1.2551020408163265 2.7551020408163267 2.8469387755102042 2.663265306122449 1.989795918367347 1.530612244897959 1.469387755102041 1.4081632653061225 2.3877551020408165 2.63265306122449 1.653061224489796 2.938775510204082 2.877551020408163 1.2551020408163265 2.142857142857143 2.173469387755102 2.63265306122449 2.510204081632653
58 126.48627397447271 2.0 1.0204081632653061 1.816326530612245 1.2040816326530612 1.183673469387755 1.4285714285714286 1.4081632653061225 1.1428571428571428 2.0 1.7142857142857142 0.9183673469387755 1.6122448979591837 0.8367346938775511 1.836734693877551 1.8979591836734695 1.7755102040816326 1.3265306122448979 1.0204081632653061 0.9795918367346939 0.9387755102040817 1.5918367346938775 1.7551020408163265 1.1020408163265305 1.9591836734693877 1.9183673469387754 0.8367346938775511 1.4285714285714286 1.4489795918367347 1.7551020408163265 1.6734693877551021
59 16.616524028966435 3.0 1.530612244897959 2.7244897959183674 1.8061224489795917 1.7755102040816326 2.142857142857143 2.1122448979591835 1.7142857142857142 3.0 2.5714285714285716 1.3775510204081634 2.4183673469387754 1.2551020408163265 2.7551020408163267 2.8469387755102042 2.663265306122449 1.989795918367347 1.530612244897959 1.469387755102041 1.4081632653061225 2.3877551020408165 2.63265306122449 1.653061224489796 2.938775510204082 2.877551020408163 1.2551020408163265 2.142857142857143 2.173469387755102 2.63265306122449 2.510204081632653
60 123.45303235934576 2.0 1.0204081632653061 1.816326530612245 1.2040816326530612 1.183673469387755 1.4285714285714286 1.4081632653061225 1.1428571428571428 2.0 1.7142857142857142 0.9183673469387755 1.6122448979591837 0.8367346938775511 1.836734693877551 1.8979591836734695 1.7755102040816326 1.3265306122448979 1.0204081632653061 0.9795918367346939 0.9387755102040817 1.5918367346938775 1.7551020408163265 1.1020408163265305 1.9591836734693877 1.9183673469387754 0.8367346938775511 1.4285714285714286 1.4489795918367347 1.7551020408163265 1.6734693877551021
61 39.54357782653182 2.0 1.0204081632653061 1.816326530612245 1.2040816326530612 1.183673469387755 1.4285714285714286 1.4081632653061225 1.1428571428571428 2.0 1.7142857142857142 0.9183673469387755 1.6122448979591837 0.8367346938775511 1.836734693877551 1.8979591836734695 1.7755102040816326 1.3265306122448979 1.0204081632653061 0.9795918367346939 0.9387755102040817 1.5918367346938775 1.7551020408163265 1.1020408163265305 1.9591836734693877 1.9183673469387754 0.8367346938775511 1.4285714285714286 1.4489795918367347 1.7551020408163265 1.6734693877551021
62 6.674274878531693 2.0 1.0204081632653061 1.816326530612245 1.2040816326530612 1.183673469387755 1.4285714285714286 1.4081632653061225 1.1428571428571428 2.0 1.7142857142857142 0.9183673469387755 1.6122448979591837 0.8367346938775511 1.836734693877551 1.8979591836734695 1.7755102040816326 1.3265306122448979 1.0204081632653061 0.9795918367346939 0.9387755102040817 1.5918367346938775 1.7551020408163265 1.1020408163265305 1.9591836734693877 1.9183673469387754 0.8367346938775511 1.4285714285714286 1.4489795918367347 1.7551020408163265 1.6734693877551021
63 68.36228353457824 2.0 1.0204081632653061 1.816326530612245 1.2040816326530612 1.183673469387755 1.4285714285714286 1.4081632653061225 1.1428571428571428 2.0 1.7142857142857142 0.9183673469387755 1.6122448979591837 0.8367346938775511 1.836734693877551 1.8979591836734695 1.7755102040816326 1.3265306122448979 1.0204081632653061 0.9795918367346939 0.9387755102040817 1.5918367346938775 1.7551020408163265 1.1020408163265305 1.9591836734693877 1.9183673469387754 0.8367346938775511 1.4285714285714286 1.4489795918367347 1.7551020408163265 1.6734693877551021
64 165.73393968874535 2.0 1.0204081632653061 1.816326530612245 1.2040816326530612 1.183673469387755 1.4285714285714286 1.4081632653061225 1.1428571428571428 2.0 1.7142857142857142 0.9183673469387755 1.6122448979591837 0.8367346938775511 1.836734693877551 1.8979591836734695 1.7755102040816326 1.3265306122448979 1.0204081632653061 0.9795918367346939 0.9387755102040817 1.5918367346938775 1.7551020408163265 1.1020408163265305 1.9591836734693877 1.9183673469387754 0.8367346938775511 1.4285714285714286 1.4489795918367347 1.7551020408163265 1.6734693877551021
65 118.31093419807712 3.0 1.530612244897959 2.7244897959183674 1.8061224489795917 1.7755102040816326 2.142857142857143 2.1122448979591835 1.7142857142857142 3.0 2.5714285714285716 1.3775510204081634 2.4183673469387754 1.2551020408163265 2.7551020408163267 2.8469387755102042 2.663265306122449 1.989795918367347 1.530612244897959 1.469387755102041 1.4081632653061225 2.3877551020408165 2.63265306122449 1.653061224489796 2.938775510204082 2.877551020408163 1.2551020408163265 2.142857142857143 2.173469387755102 2.63265306122449 2.510204081632653
66 0.31594799210006497 3.0 1.530612244897959 2.7244897959183674 1.8061224489795917 1.7755102040816326 2.142857142857143 2.1122448979591835 1.7142857142857142 3.0 2.5714285714285716 1.3775510204081634 2.4183673469387754 1.2551020408163265 2.7551020408163267 2.8469387755102042 2.663265306122449 1.989795918367347 1.530612244897959 1.469387755102041 1.4081632653061225 2.3877551020408165 2.63265306122449 1.653061224489796 2.938775510204082 2.877551020408163 1.2551020408163265 2.142857142857143 2.173469387755102 2.63265306122449 2.510204081632653
67 47.96188566489399 2.0 1.0204081632653061 1.816326530612245 1.2040816326530612 1.183673469387755 1.4285714285714286 1.4081632653061225 1.1428571428571428 2.0 1.7142857142857142 0.9183673469387755 1.6122448979591837 0.8367346938775511 1.836734693877551 1.8979591836734695 1.7755102040816326 1.3265306122448979 1.0204081632653061 0.9795918367346939 0.9387755102040817 1.5918367346938775 1.7551020408163265 1.1020408163265305 1.9591836734693877 1.9183673469387754 0.8367346938775511 1.4285714285714286 1.4489795918367347 1.7551020408163265 1.6734693877551021
68 57.1840790804328 2.0 1.0204081632653061 1.816326530612245 1.2040816326530612 1.183673469387755 1.4285714285714286 1.4081632653061225 1.1428571428571428 2.0 1.7142857142857142 0.9183673469387755 1.6122448979591837 0.8367346938775511 1.836734693877551 1.8979591836734695 1.7755102040816326 1.3265306122448979 1.0204081632653061 0.9795918367346939 0.9387755102040817 1.5918367346938775 1.7551020408163265 1.1020408163265305 1.9591836734693877 1.9183673469387754 0.8367346938775511 1.4285714285714286 1.4489795918367347 1.7551020408163265 1.6734693877551021
69 14.110423967566817 2.0 1.0204081632653061 1.816326530612245 1.2040816326530612 1.183673469387755 1.4285714285714286 1.4081632653061225 1.1428571428571428 2.0 1.7142857142857142 0.9183673469387755 1.6122448979591837 0.8367346938775511 1.836734693877551 1.8979591836734695 1.7755102040816326 1.3265306122448979 1.0204081632653061 0.9795918367346939 0.9387755102040817 1.5918367346938775 1.7551020408163265 1.1020408163265305 1.9591836734693877 1.9183673469387754 0.8367346938775511 1.4285714285714286 1.4489795918367347 1.7551020408163265 1.6734693877551021
70 45.220350255492484 2.0 1.0204081632653061 1.816326530612245 1.2040816326530612 1.183673469387755 1.4285714285714286 1.4081632653061225 1.1428571428571428 2.0 1.7142857142857142 0.9183673469387755 1.6122448979591837 0.8367346938775511 1.836734693877551 1.8979591836734695 1.7755102040816326 1.3265306122448979 1.0204081632653061 0.9795918367346939 0.9387755102040817 1.5918367346938775 1.7551020408163265 1.1020408163265305 1.9591836734693877 1.9183673469387754 0.8367346938775511 1.4285714285714286 1.4489795918367347 1.7551020408163265 1.6734693877551021
71 49.17972350230416 3.0 1.530612244897959 2.7244897959183674 1.8061224489795917 1.7755102040816326 2.142857142857143 2.1122448979591835 1.7142857142857142 3.0 2.5714285714285716 1.3775510204081634 2.4183673469387754 1.2551020408163265 2.7551020408163267 2.8469387755102042 2.663265306122449 1.989795918367347 1.530612244897959 1.469387755102041 1.4081632653061225 2.3877551020408165 2.63265306122449 1.653061224489796 2.938775510204082 2.877551020408163 1.2551020408163265 2.142857142857143 2.173469387755102 2.63265306122449 2.510204081632653
72 58.6919847070223 2.0 1.0204081632653061 1.816326530612245 1.2040816326530612 1.183673469387755 1.4285714285714286 1.4081632653061225 1.1428571428571428 2.0 1.7142857142857142 0.9183673469387755 1.6122448979591837 0.8367346938775511 1.836734693877551 1.8979591836734695 1.7755102040816326 1.3265306122448979 1.0204081632653061 0.9795918367346939 0.9387755102040817 1.5918367346938775 1.7551020408163265 1.1020408163265305 1.9591836734693877 1.9183673469387754 0.8367346938775511 1.4285714285714286 1.4489795918367347 1.7551020408163265 1.6734693877551021
73 47.37745928674501 2.0 1.0204081632653061 1.816326530612245 1.2040816326530612 1.183673469387755 1.4285714285714286 1.4081632653061225 1.1428571428571428 2.0 1.7142857142857142 0.9183673469387755 1.6122448979591837 0.8367346938775511 1.836734693877551 1.8979591836734695 1.7755102040816326 1.3265306122448979 1.0204081632653061 0.9795918367346939 0.9387755102040817 1.5918367346938775 1.7551020408163265 1.1020408163265305 1.9591836734693877 1.9183673469387754 0.8367346938775511 1.4285714285714286 1.4489795918367347 1.7551020408163265 1.6734693877551021
74 28.125582864724848 3.0 1.530612244897959 2.7244897959183674 1.8061224489795917 1.7755102040816326 2.142857142857143 2.1122448979591835 1.7142857142857142 3.0 2.5714285714285716 1.3775510204081634 2.4183673469387754 1.2551020408163265 2.7551020408163267 2.8469387755102042 2.663265306122449 1.989795918367347 1.530612244897959 1.469387755102041 1.4081632653061225 2.3877551020408165 2.63265306122449 1.653061224489796 2.938775510204082 2.877551020408163 1.2551020408163265 2.142857142857143 2.173469387755102 2.63265306122449 2.510204081632653
75 83.41305986269333 3.0 1.530612244897959 2.7244897959183674 1.8061224489795917 1.7755102040816326 2.142857142857143 2.1122448979591835 1.7142857142857142 3.0 2.5714285714285716 1.3775510204081634 2.4183673469387754 1.2551020408163265 2.7551020408163267 2.8469387755102042 2.663265306122449 1.989795918367347 1.530612244897959 1.469387755102041 1.4081632653061225 2.3877551020408165 2.63265306122449 1.653061224489796 2.938775510204082 2.877551020408163 1.2551020408163265 2.142857142857143 2.173469387755102 2.63265306122449 2.510204081632653
76 26.253706285516078 2.0 1.0204081632653061 1.816326530612245 1.2040816326530612 1.183673469387755 1.4285714285714286 1.4081632653061225 1.1428571428571428 2.0 1.7142857142857142 0.9183673469387755 1.6122448979591837 0.8367346938775511 1.836734693877551 1.8979591836734695 1.7755102040816326 1.3265306122448979 1.0204081632653061 0.9795918367346939 0.9387755102040817 1.5918367346938775 1.7551020408163265 1.1020408163265305 1.9591836734693877 1.9183673469387754 0.8367346938775511 1.4285714285714286 1.4489795918367347 1.7551020408163265 1.6734693877551021
77 202.53543817135744 3.0 1.530612244897959 2.7244897959183674 1.8061224489795917 1.7755102040816326 2.142857142857143 2.1122448979591835 1.7142857142857142 3.0 2.5714285714285716 1.3775510204081634 2.4183673469387754 1.2551020408163265 2.7551020408163267 2.8469387755102042 2.663265306122449 1.989795918367347 1.530612244897959 1.469387755102041 1.4081632653061225 2.3877551020408165 2.63265306122449 1.653061224489796 2.938775510204082 2.877551020408163 1.2551020408163265 2.142857142857143 2.173469387755102 2.63265306122449 2.510204081632653
78 101.3584295598582 2.0 1.0204081632653061 1.816326530612245 1.2040816326530612 1.183673469387755 1.4285714285714286 1.4081632653061225 1.1428571428571428 2.0 1.7142857142857142 0.9183673469387755 1.6122448979591837 0.8367346938775511 1.836734693877551 1.8979591836734695 1.7755102040816326 1.3265306122448979 1.0204081632653061 0.9795918367346939 0.9387755102040817 1.5918367346938775 1.7551020408163265 1.1020408163265305 1.9591836734693877 1.9183673469387754 0.8367346938775511 1.4285714285714286 1.4489795918367347 1.7551020408163265 1.6734693877551021
79 42.65064935064938 3.0 1.530612244897959 2.7244897959183674 1.8061224489795917 1.7755102040816326 2.142857142857143 2.1122448979591835 1.7142857142857142 3.0 2.5714285714285716 1.3775510204081634 2.4183673469387754 1.2551020408163265 2.7551020408163267 2.8469387755102042 2.663265306122449 1.989795918367347 1.530612244897959 1.469387755102041 1.4081632653061225 2.3877551020408165 2.63265306122449 1.653061224489796 2.938775510204082 2.877551020408163 1.2551020408163265 2.142857142857143 2.173469387755102 2.63265306122449 2.510204081632653
