40 30
TREE NETWORK (nID nID Weight):
20 0 31
17 0 54
21 0 33
15 21 44
12 20 46
14 0 45
24 12 35
39 15 34
36 0 32
37 15 32
23 20 50
27 15 31
4 39 34
34 20 31
9 39 52
6 12 42
25 20 54
5 34 38
7 14 46
19 5 58
29 27 35
32 27 57
26 32 49
33 5 52
38 39 38
28 37 52
8 26 35
2 6 58
13 5 39
1 13 48
31 29 41
11 36 35
22 37 52
35 7 40
16 26 45
18 14 36
10 17 46
3 24 32
30 33 30
PROGRAMS ASSIGNED TO NODES (nID pID1 pID2 ...):
0 1 2 3 4 5 6 7 8 9 10 11 12 13 14 15 16 17 18 19 20 21 22 23 24 25 26 27 28 29 30
1 1 2 3 5 7 9 11 12 13 14 16 17 18 20 21 22 23 24 25 27 28 30
2 2 3 4 5 6 7 8 9 10 11 12 13 14 15 16 17 18 19 20 21 22 23 24 25 26 27 28 29 30
3 2 4 5 6 7 8 9 10 12 13 14 15 16 17 18 19 21 23 24 26 27 28 30
4 16 1 17 3 20 21 5 7 23 24
5 1 2 3 4 7 8 9 10 11 12 13 14 15 16 17 18 19 20 21 23 24 25 26 27 28 29 30
6 1 2 3 4 5 6 7 8 12 13 14 15 16 17 18 19 20 21 22 23 24 25 26 27 28 29 30
7 1 2 3 4 5 6 8 9 10 11 12 13 14 16 17 18 19 21 22 23 25 27 28 29 30
8 17 19 21 23 7 10 27 12 13 14
9 16 18 3 20 4 23 27
10 16 17 21 6 10 26 11 12 28
11 1 2 5 6 7 9 12 16 17 18 21 25 28 30
12 3
13 2 4 5 6 9 11 12 13 14 15 17 18 19 22 25 27 28 30
14 16 17 22 7 23 8 27 12
15 1 4 5 11 18 20 21 24 25 26 27 29 30
16 17 2 10 27 28 29 15
17 1 2 3 4 5 8 9 10 11 12 13 14 15 16 17 18 19 20 21 22 23 24 25 28 29 30
18 13
19 1 2 3 4 5 6 7 8 9 10 11 12 13 14 16 17 19 20 22 24 25 26 27 28 29 30
20 19 4 20 6 24 8 9 27 29
21 17 8 25 9 10 14 15
22 22 7 27
23 1 2 3 4 5 6 7 8 9 10 11 12 13 15 16 17 18 19 20 21 22 23 24 25 26 27 28 29
24 16 19 4 21 5 22 23 7 12 15
25 25 29
27 3 4 5 10 11 12 13 14 15 16 17 19 20 21 22 23 24 25 26 27 28 30
28 1 2 3 4 5 6 7 8 9 10 12 13 14 15 16 17 18 19 21 23 24 25 26 27 29 30
29 1 2 5 7 8 9 10 12 14 19 21 27 29
30 1 3 5 6 9 11 13 17 18 19 21 22 23 24 25 29
31 20 23 24 9 25 12
32 18 20 4 21 6 7 8 25 26 13 29
33 4 22 10 11 27 29 14
34 19 20 13
35 1 2 3 4 5 6 7 8 9 10 11 12 13 14 15 16 18 19 20 21 22 23 25 27 28 29 30
36 1 2 3 5 6 8 9 10 13 14 15 16 17 18 19 20 21 22 23 24 26 27 28 29 30
38 4 20 21 22 10 26 13 15
39 18 21 5 6 8 24 10 26
SIZE OF PROGRAMS (pID SIZE):
1 41.0
2 55.0
3 41.0
4 95.0
5 59.0
6 95.0
7 87.0
8 88.0
9 51.0
10 73.0
11 89.0
12 58.0
13 44.0
14 77.0
15 73.0
16 93.0
17 95.0
18 84.0
19 81.0
20 61.0
21 96.0
22 57.0
23 83.0
24 92.0
25 98.0
26 64.0
27 72.0
28 69.0
29 66.0
30 68.0
COST TO INSTALL SERVERS AND PROGRAMS ON NODES (COST_TO_INSTALL_SERVER COST_TO_INSTALL_pID1 ...):
0 5500.0 0.8367346938775511 1.1224489795918366 0.8367346938775511 1.9387755102040816 1.2040816326530612 1.9387755102040816 1.7755102040816326 1.7959183673469388 1.0408163265306123 1.489795918367347 1.816326530612245 1.183673469387755 0.8979591836734694 1.5714285714285714 1.489795918367347 1.8979591836734695 1.9387755102040816 1.7142857142857142 1.653061224489796 1.2448979591836735 1.9591836734693877 1.163265306122449 1.6938775510204083 1.8775510204081634 2.0 1.3061224489795917 1.469387755102041 1.4081632653061225 1.346938775510204 1.3877551020408163
1 135.46431041171965 1.2551020408163265 1.683673469387755 1.2551020408163265 2.9081632653061225 1.8061224489795917 2.9081632653061225 2.663265306122449 2.693877551020408 1.5612244897959184 2.2346938775510203 2.7244897959183674 1.7755102040816326 1.346938775510204 2.357142857142857 2.2346938775510203 2.8469387755102042 2.9081632653061225 2.5714285714285716 2.479591836734694 1.8673469387755102 2.938775510204082 1.7448979591836735 2.5408163265306123 2.816326530612245 3.0 1.9591836734693877 2.204081632653061 2.1122448979591835 2.020408163265306 2.0816326530612246
2 183.05692810825218 0.8367346938775511 1.1224489795918366 0.8367346938775511 1.9387755102040816 1.2040816326530612 1.9387755102040816 1.7755102040816326 1.7959183673469388 1.0408163265306123 1.489795918367347 1.816326530612245 1.183673469387755 0.8979591836734694 1.5714285714285714 1.489795918367347 1.8979591836734695 1.9387755102040816 1.7142857142857142 1.653061224489796 1.2448979591836735 1.9591836734693877 1.163265306122449 1.6938775510204083 1.8775510204081634 2.0 1.3061224489795917 1.469387755102041 1.4081632653061225 1.346938775510204 1.3877551020408163
3 29.155515069983114 1.2551020408163265 1.683673469387755 1.2551020408163265 2.9081632653061225 1.8061224489795917 2.9081632653061225 2.663265306122449 2.693877551020408 1.5612244897959184 2.2346938775510203 2.7244897959183674 1.7755102040816326 1.346938775510204 2.357142857142857 2.2346938775510203 2.8469387755102042 2.9081632653061225 2.5714285714285716 2.479591836734694 1.8673469387755102 2.938775510204082 1.7448979591836735 2.5408163265306123 2.816326530612245 3.0 1.9591836734693877 2.204081632653061 2.1122448979591835 2.020408163265306 2.0816326530612246
4 23.2025974025974 1.2551020408163265 1.683673469387755 1.2551020408163265 2.9081632653061225 1.8061224489795917 2.9081632653061225 2.663265306122449 2.693877551020408 1.5612244897959184 2.2346938775510203 2.7244897959183674 1.7755102040816326 1.346938775510204 2.357142857142857 2.2346938775510203 2.8469387755102042 2.9081632653061225 2.5714285714285716 2.479591836734694 1.8673469387755102 2.938775510204082 1.7448979591836735 2.5408163265306123 2.816326530612245 3.0 1.9591836734693877 2.204081632653061 2.1122448979591835 2.020408163265306 2.0816326530612246
5 46.08439673585628 0.8367346938775511 1.1224489795918366 0.8367346938775511 1.9387755102040816 1.2040816326530612 1.9387755102040816 1.7755102040816326 1.7959183673469388 1.0408163265306123 1.489795918367347 1.816326530612245 1.183673469387755 0.8979591836734694 1.5714285714285714 1.489795918367347 1.8979591836734695 1.9387755102040816 1.7142857142857142 1.653061224489796 1.2448979591836735 1.9591836734693877 1.163265306122449 1.6938775510204083 1.8775510204081634 2.0 1.3061224489795917 1.469387755102041 1.4081632653061225 1.346938775510204 1.3877551020408163
6 62.05709632176627 0.8367346938775511 1.1224489795918366 0.8367346938775511 1.9387755102040816 1.2040816326530612 1.9387755102040816 1.7755102040816326 1.7959183673469388 1.0408163265306123 1.489795918367347 1.816326530612245 1.183673469387755 0.8979591836734694 1.5714285714285714 1.489795918367347 1.8979591836734695 1.9387755102040816 1.7142857142857142 1.653061224489796 1.2448979591836735 1.9591836734693877 1.163265306122449 1.6938775510204083 1.8775510204081634 2.0 1.3061224489795917 1.469387755102041 1.4081632653061225 1.346938775510204 1.3877551020408163
7 21.504584034513325 1.2551020408163265 1.683673469387755 1.2551020408163265 2.9081632653061225 1.8061224489795917 2.9081632653061225 2.663265306122449 2.693877551020408 1.5612244897959184 2.2346938775510203 2.7244897959183674 1.7755102040816326 1.346938775510204 2.357142857142857 2.2346938775510203 2.8469387755102042 2.9081632653061225 2.5714285714285716 2.479591836734694 1.8673469387755102 2.938775510204082 1.7448979591836735 2.5408163265306123 2.816326530612245 3.0 1.9591836734693877 2.204081632653061 2.1122448979591835 2.020408163265306 2.0816326530612246
8 27.00767237437006 1.2551020408163265 1.683673469387755 1.2551020408163265 2.9081632653061225 1.8061224489795917 2.9081632653061225 2.663265306122449 2.693877551020408 1.5612244897959184 2.2346938775510203 2.7244897959183674 1.7755102040816326 1.346938775510204 2.357142857142857 2.2346938775510203 2.8469387755102042 2.9081632653061225 2.5714285714285716 2.479591836734694 1.8673469387755102 2.938775510204082 1.7448979591836735 2.5408163265306123 2.816326530612245 3.0 1.9591836734693877 2.204081632653061 2.1122448979591835 2.020408163265306 2.0816326530612246
9 26.313737243149 1.2551020408163265 1.683673469387755 1.2551020408163265 2.9081632653061225 1.8061224489795917 2.9081632653061225 2.663265306122449 2.693877551020408 1.5612244897959184 2.2346938775510203 2.7244897959183674 1.7755102040816326 1.346938775510204 2.357142857142857 2.2346938775510203 2.8469387755102042 2.9081632653061225 2.5714285714285716 2.479591836734694 1.8673469387755102 2.938775510204082 1.7448979591836735 2.5408163265306123 2.816326530612245 3.0 1.9591836734693877 2.204081632653061 2.1122448979591835 2.020408163265306 2.0816326530612246
10 2.905964704722469 0.8367346938775511 1.1224489795918366 0.8367346938775511 1.9387755102040816 1.2040816326530612 1.9387755102040816 1.7755102040816326 1.7959183673469388 1.0408163265306123 1.489795918367347 1.816326530612245 1.183673469387755 0.8979591836734694 1.5714285714285714 1.489795918367347 1.8979591836734695 1.9387755102040816 1.7142857142857142 1.653061224489796 1.2448979591836735 1.9591836734693877 1.163265306122449 1.6938775510204083 1.8775510204081634 2.0 1.3061224489795917 1.469387755102041 1.4081632653061225 1.346938775510204 1.3877551020408163
11 12.256173469387756 1.2551020408163265 1.683673469387755 1.2551020408163265 2.9081632653061225 1.8061224489795917 2.9081632653061225 2.663265306122449 2.693877551020408 1.5612244897959184 2.2346938775510203 2.7244897959183674 1.7755102040816326 1.346938775510204 2.357142857142857 2.2346938775510203 2.8469387755102042 2.9081632653061225 2.5714285714285716 2.479591836734694 1.8673469387755102 2.938775510204082 1.7448979591836735 2.5408163265306123 2.816326530612245 3.0 1.9591836734693877 2.204081632653061 2.1122448979591835 2.020408163265306 2.0816326530612246
12 30.272949373388222 1.2551020408163265 1.683673469387755 1.2551020408163265 2.9081632653061225 1.8061224489795917 2.9081632653061225 2.663265306122449 2.693877551020408 1.5612244897959184 2.2346938775510203 2.7244897959183674 1.7755102040816326 1.346938775510204 2.357142857142857 2.2346938775510203 2.8469387755102042 2.9081632653061225 2.5714285714285716 2.479591836734694 1.8673469387755102 2.938775510204082 1.7448979591836735 2.5408163265306123 2.816326530612245 3.0 1.9591836734693877 2.204081632653061 2.1122448979591835 2.020408163265306 2.0816326530612246
13 57.21375394846169 1.2551020408163265 1.683673469387755 1.2551020408163265 2.9081632653061225 1.8061224489795917 2.9081632653061225 2.663265306122449 2.693877551020408 1.5612244897959184 2.2346938775510203 2.7244897959183674 1.7755102040816326 1.346938775510204 2.357142857142857 2.2346938775510203 2.8469387755102042 2.9081632653061225 2.5714285714285716 2.479591836734694 1.8673469387755102 2.938775510204082 1.7448979591836735 2.5408163265306123 2.816326530612245 3.0 1.9591836734693877 2.204081632653061 2.1122448979591835 2.020408163265306 2.0816326530612246
14 61.0 1.2551020408163265 1.683673469387755 1.2551020408163265 2.9081632653061225 1.8061224489795917 2.9081632653061225 2.663265306122449 2.693877551020408 1.5612244897959184 2.2346938775510203 2.7244897959183674 1.7755102040816326 1.346938775510204 2.357142857142857 2.2346938775510203 2.8469387755102042 2.9081632653061225 2.5714285714285716 2.479591836734694 1.8673469387755102 2.938775510204082 1.7448979591836735 2.5408163265306123 2.816326530612245 3.0 1.9591836734693877 2.204081632653061 2.1122448979591835 2.020408163265306 2.0816326530612246
15 25.832111436950157 1.2551020408163265 1.683673469387755 1.2551020408163265 2.9081632653061225 1.8061224489795917 2.9081632653061225 2.663265306122449 2.693877551020408 1.5612244897959184 2.2346938775510203 2.7244897959183674 1.7755102040816326 1.346938775510204 2.357142857142857 2.2346938775510203 2.8469387755102042 2.9081632653061225 2.5714285714285716 2.479591836734694 1.8673469387755102 2.938775510204082 1.7448979591836735 2.5408163265306123 2.816326530612245 3.0 1.9591836734693877 2.204081632653061 2.1122448979591835 2.020408163265306 2.0816326530612246
16 28.306074625713844 0.8367346938775511 1.1224489795918366 0.8367346938775511 1.9387755102040816 1.2040816326530612 1.9387755102040816 1.7755102040816326 1.7959183673469388 1.0408163265306123 1.489795918367347 1.816326530612245 1.183673469387755 0.8979591836734694 1.5714285714285714 1.489795918367347 1.8979591836734695 1.9387755102040816 1.7142857142857142 1.653061224489796 1.2448979591836735 1.9591836734693877 1.163265306122449 1.6938775510204083 1.8775510204081634 2.0 1.3061224489795917 1.469387755102041 1.4081632653061225 1.346938775510204 1.3877551020408163
17 19.0 1.2551020408163265 1.683673469387755 1.2551020408163265 2.9081632653061225 1.8061224489795917 2.9081632653061225 2.663265306122449 2.693877551020408 1.5612244897959184 2.2346938775510203 2.7244897959183674 1.7755102040816326 1.346938775510204 2.357142857142857 2.2346938775510203 2.8469387755102042 2.9081632653061225 2.5714285714285716 2.479591836734694 1.8673469387755102 2.938775510204082 1.7448979591836735 2.5408163265306123 2.816326530612245 3.0 1.9591836734693877 2.204081632653061 2.1122448979591835 2.020408163265306 2.0816326530612246
18 0.26040816326530614 0.8367346938775511 1.1224489795918366 0.8367346938775511 1.9387755102040816 1.2040816326530612 1.9387755102040816 1.7755102040816326 1.7959183673469388 1.0408163265306123 1.489795918367347 1.816326530612245 1.183673469387755 0.8979591836734694 1.5714285714285714 1.489795918367347 1.8979591836734695 1.9387755102040816 1.7142857142857142 1.653061224489796 1.2448979591836735 1.9591836734693877 1.163265306122449 1.6938775510204083 1.8775510204081634 2.0 1.3061224489795917 1.469387755102041 1.4081632653061225 1.346938775510204 1.3877551020408163
19 98.6612824237085 1.2551020408163265 1.683673469387755 1.2551020408163265 2.9081632653061225 1.8061224489795917 2.9081632653061225 2.663265306122449 2.693877551020408 1.5612244897959184 2.2346938775510203 2.7244897959183674 1.7755102040816326 1.346938775510204 2.357142857142857 2.2346938775510203 2.8469387755102042 2.9081632653061225 2.5714285714285716 2.479591836734694 1.8673469387755102 2.938775510204082 1.7448979591836735 2.5408163265306123 2.816326530612245 3.0 1.9591836734693877 2.204081632653061 2.1122448979591835 2.020408163265306 2.0816326530612246
20 6.911550468262222 0.8367346938775511 1.1224489795918366 0.8367346938775511 1.9387755102040816 1.2040816326530612 1.9387755102040816 1.7755102040816326 1.7959183673469388 1.0408163265306123 1.489795918367347 1.816326530612245 1.183673469387755 0.8979591836734694 1.5714285714285714 1.489795918367347 1.8979591836734695 1.9387755102040816 1.7142857142857142 1.653061224489796 1.2448979591836735 1.9591836734693877 1.163265306122449 1.6938775510204083 1.8775510204081634 2.0 1.3061224489795917 1.469387755102041 1.4081632653061225 1.346938775510204 1.3877551020408163
21 32.085043988269796 1.2551020408163265 1.683673469387755 1.2551020408163265 2.9081632653061225 1.8061224489795917 2.9081632653061225 2.663265306122449 2.693877551020408 1.5612244897959184 2.2346938775510203 2.7244897959183674 1.7755102040816326 1.346938775510204 2.357142857142857 2.2346938775510203 2.8469387755102042 2.9081632653061225 2.5714285714285716 2.479591836734694 1.8673469387755102 2.938775510204082 1.7448979591836735 2.5408163265306123 2.816326530612245 3.0 1.9591836734693877 2.204081632653061 2.1122448979591835 2.020408163265306 2.0816326530612246
22 3.590045668617097 0.8367346938775511 1.1224489795918366 0.8367346938775511 1.9387755102040816 1.2040816326530612 1.9387755102040816 1.7755102040816326 1.7959183673469388 1.0408163265306123 1.489795918367347 1.816326530612245 1.183673469387755 0.8979591836734694 1.5714285714285714 1.489795918367347 1.8979591836734695 1.9387755102040816 1.7142857142857142 1.653061224489796 1.2448979591836735 1.9591836734693877 1.163265306122449 1.6938775510204083 1.8775510204081634 2.0 1.3061224489795917 1.469387755102041 1.4081632653061225 1.346938775510204 1.3877551020408163
23 22.75647408685386 1.2551020408163265 1.683673469387755 1.2551020408163265 2.9081632653061225 1.8061224489795917 2.9081632653061225 2.663265306122449 2.693877551020408 1.5612244897959184 2.2346938775510203 2.7244897959183674 1.7755102040816326 1.346938775510204 2.357142857142857 2.2346938775510203 2.8469387755102042 2.9081632653061225 2.5714285714285716 2.479591836734694 1.8673469387755102 2.938775510204082 1.7448979591836735 2.5408163265306123 2.816326530612245 3.0 1.9591836734693877 2.204081632653061 2.1122448979591835 2.020408163265306 2.0816326530612246
24 67.6721440306838 1.2551020408163265 1.683673469387755 1.2551020408163265 2.9081632653061225 1.8061224489795917 2.9081632653061225 2.663265306122449 2.693877551020408 1.5612244897959184 2.2346938775510203 2.7244897959183674 1.7755102040816326 1.346938775510204 2.357142857142857 2.2346938775510203 2.8469387755102042 2.9081632653061225 2.5714285714285716 2.479591836734694 1.8673469387755102 2.938775510204082 1.7448979591836735 2.5408163265306123 2.816326530612245 3.0 1.9591836734693877 2.204081632653061 2.1122448979591835 2.020408163265306 2.0816326530612246
25 2.8660245938279734 1.2551020408163265 1.683673469387755 1.2551020408163265 2.9081632653061225 1.8061224489795917 2.9081632653061225 2.663265306122449 2.693877551020408 1.5612244897959184 2.2346938775510203 2.7244897959183674 1.7755102040816326 1.346938775510204 2.357142857142857 2.2346938775510203 2.8469387755102042 2.9081632653061225 2.5714285714285716 2.479591836734694 1.8673469387755102 2.938775510204082 1.7448979591836735 2.5408163265306123 2.816326530612245 3.0 1.9591836734693877 2.204081632653061 2.1122448979591835 2.020408163265306 2.0816326530612246
26 101.668652569841 1.2551020408163265 1.683673469387755 1.2551020408163265 2.9081632653061225 1.8061224489795917 2.9081632653061225 2.663265306122449 2.693877551020408 1.5612244897959184 2.2346938775510203 2.7244897959183674 1.7755102040816326 1.346938775510204 2.357142857142857 2.2346938775510203 2.8469387755102042 2.9081632653061225 2.5714285714285716 2.479591836734694 1.8673469387755102 2.938775510204082 1.7448979591836735 2.5408163265306123 2.816326530612245 3.0 1.9591836734693877 2.204081632653061 2.1122448979591835 2.020408163265306 2.0816326530612246
27 70.14596537697471 0.8367346938775511 1.1224489795918366 0.8367346938775511 1.9387755102040816 1.2040816326530612 1.9387755102040816 1.7755102040816326 1.7959183673469388 1.0408163265306123 1.489795918367347 1.816326530612245 1.183673469387755 0.8979591836734694 1.5714285714285714 1.489795918367347 1.8979591836734695 1.9387755102040816 1.7142857142857142 1.653061224489796 1.2448979591836735 1.9591836734693877 1.163265306122449 1.6938775510204083 1.8775510204081634 2.0 1.3061224489795917 1.469387755102041 1.4081632653061225 1.346938775510204 1.3877551020408163
28 74.9983135911707 1.2551020408163265 1.683673469387755 1.2551020408163265 2.9081632653061225 1.8061224489795917 2.9081632653061225 2.663265306122449 2.693877551020408 1.5612244897959184 2.2346938775510203 2.7244897959183674 1.7755102040816326 1.346938775510204 2.357142857142857 2.2346938775510203 2.8469387755102042 2.9081632653061225 2.5714285714285716 2.479591836734694 1.8673469387755102 2.938775510204082 1.7448979591836735 2.5408163265306123 2.816326530612245 3.0 1.9591836734693877 2.204081632653061 2.1122448979591835 2.020408163265306 2.0816326530612246
29 87.41258066732722 0.8367346938775511 1.1224489795918366 0.8367346938775511 1.9387755102040816 1.2040816326530612 1.9387755102040816 1.7755102040816326 1.7959183673469388 1.0408163265306123 1.489795918367347 1.816326530612245 1.183673469387755 0.8979591836734694 1.5714285714285714 1.489795918367347 1.8979591836734695 1.9387755102040816 1.7142857142857142 1.653061224489796 1.2448979591836735 1.9591836734693877 1.163265306122449 1.6938775510204083 1.8775510204081634 2.0 1.3061224489795917 1.469387755102041 1.4081632653061225 1.346938775510204 1.3877551020408163
30 45.78620908674298 0.8367346938775511 1.1224489795918366 0.8367346938775511 1.9387755102040816 1.2040816326530612 1.9387755102040816 1.7755102040816326 1.7959183673469388 1.0408163265306123 1.489795918367347 1.816326530612245 1.183673469387755 0.8979591836734694 1.5714285714285714 1.489795918367347 1.8979591836734695 1.9387755102040816 1.7142857142857142 1.653061224489796 1.2448979591836735 1.9591836734693877 1.163265306122449 1.6938775510204083 1.8775510204081634 2.0 1.3061224489795917 1.469387755102041 1.4081632653061225 1.346938775510204 1.3877551020408163
31 32.81391231011906 0.8367346938775511 1.1224489795918366 0.8367346938775511 1.9387755102040816 1.2040816326530612 1.9387755102040816 1.7755102040816326 1.7959183673469388 1.0408163265306123 1.489795918367347 1.816326530612245 1.183673469387755 0.8979591836734694 1.5714285714285714 1.489795918367347 1.8979591836734695 1.9387755102040816 1.7142857142857142 1.653061224489796 1.2448979591836735 1.9591836734693877 1.163265306122449 1.6938775510204083 1.8775510204081634 2.0 1.3061224489795917 1.469387755102041 1.4081632653061225 1.346938775510204 1.3877551020408163
32 92.19077703876172 1.2551020408163265 1.683673469387755 1.2551020408163265 2.9081632653061225 1.8061224489795917 2.9081632653061225 2.663265306122449 2.693877551020408 1.5612244897959184 2.2346938775510203 2.7244897959183674 1.7755102040816326 1.346938775510204 2.357142857142857 2.2346938775510203 2.8469387755102042 2.9081632653061225 2.5714285714285716 2.479591836734694 1.8673469387755102 2.938775510204082 1.7448979591836735 2.5408163265306123 2.816326530612245 3.0 1.9591836734693877 2.204081632653061 2.1122448979591835 2.020408163265306 2.0816326530612246
33 23.66034187738044 1.2551020408163265 1.683673469387755 1.2551020408163265 2.9081632653061225 1.8061224489795917 2.9081632653061225 2.663265306122449 2.693877551020408 1.5612244897959184 2.2346938775510203 2.7244897959183674 1.7755102040816326 1.346938775510204 2.357142857142857 2.2346938775510203 2.8469387755102042 2.9081632653061225 2.5714285714285716 2.479591836734694 1.8673469387755102 2.938775510204082 1.7448979591836735 2.5408163265306123 2.816326530612245 3.0 1.9591836734693877 2.204081632653061 2.1122448979591835 2.020408163265306 2.0816326530612246
34 50.82518210197709 0.8367346938775511 1.1224489795918366 0.8367346938775511 1.9387755102040816 1.2040816326530612 1.9387755102040816 1.7755102040816326 1.7959183673469388 1.0408163265306123 1.489795918367347 1.816326530612245 1.183673469387755 0.8979591836734694 1.5714285714285714 1.489795918367347 1.8979591836734695 1.9387755102040816 1.7142857142857142 1.653061224489796 1.2448979591836735 1.9591836734693877 1.163265306122449 1.6938775510204083 1.8775510204081634 2.0 1.3061224489795917 1.469387755102041 1.4081632653061225 1.346938775510204 1.3877551020408163
35 79.96432846016256 0.8367346938775511 1.1224489795918366 0.8367346938775511 1.9387755102040816 1.2040816326530612 1.9387755102040816 1.7755102040816326 1.7959183673469388 1.0408163265306123 1.489795918367347 1.816326530612245 1.183673469387755 0.8979591836734694 1.5714285714285714 1.489795918367347 1.8979591836734695 1.9387755102040816 1.7142857142857142 1.653061224489796 1.2448979591836735 1.9591836734693877 1.163265306122449 1.6938775510204083 1.8775510204081634 2.0 1.3061224489795917 1.469387755102041 1.4081632653061225 1.346938775510204 1.3877551020408163
36 0.7911198099929616 1.2551020408163265 1.683673469387755 1.2551020408163265 2.9081632653061225 1.8061224489795917 2.9081632653061225 2.663265306122449 2.693877551020408 1.5612244897959184 2.2346938775510203 2.7244897959183674 1.7755102040816326 1.346938775510204 2.357142857142857 2.2346938775510203 2.8469387755102042 2.9081632653061225 2.5714285714285716 2.479591836734694 1.8673469387755102 2.938775510204082 1.7448979591836735 2.5408163265306123 2.816326530612245 3.0 1.9591836734693877 2.204081632653061 2.1122448979591835 2.020408163265306 2.0816326530612246
37 79.73432944606415 0.8367346938775511 1.1224489795918366 0.8367346938775511 1.9387755102040816 1.2040816326530612 1.9387755102040816 1.7755102040816326 1.7959183673469388 1.0408163265306123 1.489795918367347 1.816326530612245 1.183673469387755 0.8979591836734694 1.5714285714285714 1.489795918367347 1.8979591836734695 1.9387755102040816 1.7142857142857142 1.653061224489796 1.2448979591836735 1.9591836734693877 1.163265306122449 1.6938775510204083 1.8775510204081634 2.0 1.3061224489795917 1.469387755102041 1.4081632653061225 1.346938775510204 1.3877551020408163
38 54.1622890410816 0.8367346938775511 1.1224489795918366 0.8367346938775511 1.9387755102040816 1.2040816326530612 1.9387755102040816 1.7755102040816326 1.7959183673469388 1.0408163265306123 1.489795918367347 1.816326530612245 1.183673469387755 0.8979591836734694 1.5714285714285714 1.489795918367347 1.8979591836734695 1.9387755102040816 1.7142857142857142 1.653061224489796 1.2448979591836735 1.9591836734693877 1.163265306122449 1.6938775510204083 1.8775510204081634 2.0 1.3061224489795917 1.469387755102041 1.4081632653061225 1.346938775510204 1.3877551020408163
39 49.39553033334546 0.8367346938775511 1.1224489795918366 0.8367346938775511 1.9387755102040816 1.2040816326530612 1.9387755102040816 1.7755102040816326 1.7959183673469388 1.0408163265306123 1.489795918367347 1.816326530612245 1.183673469387755 0.8979591836734694 1.5714285714285714 1.489795918367347 1.8979591836734695 1.9387755102040816 1.7142857142857142 1.653061224489796 1.2448979591836735 1.9591836734693877 1.163265306122449 1.6938775510204083 1.8775510204081634 2.0 1.3061224489795917 1.469387755102041 1.4081632653061225 1.346938775510204 1.3877551020408163
