60 20
TREE NETWORK (nID nID Weight):
12 0 44
7 12 37
1 0 48
48 0 47
17 7 51
50 1 38
59 48 52
44 59 47
49 1 45
6 12 37
46 59 53
27 17 48
3 50 35
56 3 49
24 6 39
26 3 54
10 49 55
42 56 47
38 48 47
37 17 54
58 3 31
30 7 33
53 50 55
41 38 38
22 46 59
47 12 46
5 53 54
45 6 32
16 53 41
15 37 57
18 26 34
32 7 57
34 48 55
4 50 49
33 42 33
57 0 31
11 34 36
25 42 42
8 6 51
2 8 45
52 12 38
9 59 40
23 8 34
55 9 58
51 17 41
35 55 41
43 47 57
21 59 48
19 17 49
28 3 56
36 45 44
40 26 30
39 2 47
13 19 46
29 47 42
31 27 30
20 32 34
54 57 31
14 13 40
PROGRAMS ASSIGNED TO NODES (nID pID1 pID2 ...):
0 1 2 3 4 5 6 7 8 9 10 11 12 13 14 15 16 17 18 19 20
1 1 2 3 4 5 6 7 8 9 10 11 12 13 14 15 17 18 20
2 1 2 3 4 5 6 8 9 10 11 12 13 14 15 17 18 19 20
3 2 3 5 7 8 9 10 11 12 13 14 15 16 18 20
4 1 2 4 5 6 7 8 9 10 11 12 13 14 17 19 20
5 1 2 3 4 5 6 7 8 9 10 11 12 14 15 17 18 19
6 18 2 4 5 7 10 14
7 16 17 3 4 8 9 10 12 15
8 3 5 8 9 11 12 15
9 2 18
10 1 2 3 4 6 7 8 11 12 13 14 15 16 17 18 19 20
11 1 5 7 8 10 11 12 13 14 15 16 17 19 20
12 1 2 4 5 12
13 1 2 19 3 7 8 12 13 14
14 16 19 3 7 8 9 10 11 13 15
15 1 2 3 4 7 8 10 13 14 17 18 19 20
16 16 1 17 18 5 7 8 9 11 13 15
17 1 2 3 4 5 6 7 8 9 10 11 13 14 16 17 18 19 20
18 1 2 3 5 7 8 9 11 12 13 14 15 17 18 20
19 4 7 10 13 15
20 1 3 5 6 7 8 9 10 11 12 13 14 15 16 17 18
21 17 3 4 5 14 15
22 1 2 18 3 4 8 11 12 14 15
23 16 17 19 20 5 6 7 8 9 12 13 14
24 2 3 4 5 6 7 8 11 14 16 17 18 20
25 16 18 20 4 5 8 9 11 13 14
26 1 2 3 4 5 6 7 8 9 10 11 12 13 14 15 16 17 19 20
27 16 17 1 2 11 13 14
28 18 2 19 20 5 7 8 9 13 14 15
29 1 2 3 4 5 6 7 8 10 13 14 15 16 17 18 19 20
30 1 18 5 6 9 10 14
31 17 2 12 14 15
32 1 2 3 4 5 7 8 9 10 11 12 13 14 15 16 17 18 19 20
33 1 3 4 20 6 7 9 10 11 13 14 15
34 16 1 18 19 3 4 20 6 7 9 10
35 16 3 20 7 11 12 13 15
36 1 18 19 3 20 7 9 10 13 14 15
37 1 3 20
38 1 2 3 6 7 8 10 11 14 16 17 19 20
39 19 20 5 8 12 13
40 16 2 3 20 5 6 10 11 13
42 16 1 17 2 19 20 7 8 9 10 11
43 1 18 19 7 8 12 13 15
44 2 3 4 5 6 7 8 9 10 11 12 13 14 15 16 17 18 19 20
45 1 2 3 4 5 6 7 8 9 11 12 13 14 15 16 17 18 19 20
46 16 17 1 18 19 7 9 11 12 13 14
47 1 2 3 4 5 6 8 9 10 11 13 14 16 17 18 19 20
48 2 18 3 6 14 15
49 1 18 19 4 20 5 6 10 15
50 17 18 19 4 20 5 7 9 10 11 15
51 2 3 4 5 6 7 9 10 13 14 17 18 19
52 1 2 3 4 5 6 7 8 9 13 14 15 16 17 18 19 20
53 17 2 19 3 4 5 9 10 11 15
54 1 2 3 4 5 6 7 8 9 10 11 15 18 19
55 18 2 8 12 14 15
56 16 1 2 18 19 20 4 5 6 8 10
57 1 2 3 4 5 6 7 8 9 10 12 13 15 16 17 18 19 20
58 2 3 4 5 6 7 8 9 10 11 12 13 14 15 16 17 18 20
59 1 3 19 20 4 6 7 10 13 15
SIZE OF PROGRAMS (pID SIZE):
1 59.0
2 45.0
3 41.0
4 85.0
5 83.0
6 75.0
7 58.0
8 69.0
9 62.0
10 90.0
11 99.0
12 72.0
13 66.0
14 97.0
15 43.0
16 92.0
17 60.0
18 94.0
19 62.0
20 82.0
COST TO INSTALL SERVERS AND PROGRAMS ON NODES (COST_TO_INSTALL_SERVER COST_TO_INSTALL_pID1 ...):
0 5345.454545454545 1.7878787878787878 1.3636363636363635 1.2424242424242424 2.5757575757575757 2.515151515151515 2.272727272727273 1.7575757575757576 2.090909090909091 1.878787878787879 2.727272727272727 3.0 2.1818181818181817 2.0 2.9393939393939394 1.303030303030303 2.787878787878788 1.8181818181818181 2.8484848484848486 1.878787878787879 2.484848484848485
1 1.000144300144305 1.1919191919191918 0.9090909090909091 0.8282828282828283 1.7171717171717171 1.6767676767676767 1.5151515151515151 1.1717171717171717 1.393939393939394 1.2525252525252526 1.8181818181818181 2.0 1.4545454545454546 1.3333333333333333 1.9595959595959596 0.8686868686868687 1.8585858585858586 1.2121212121212122 1.898989898989899 1.2525252525252526 1.6565656565656566
2 61.291655877662095 1.7878787878787878 1.3636363636363635 1.2424242424242424 2.5757575757575757 2.515151515151515 2.272727272727273 1.7575757575757576 2.090909090909091 1.878787878787879 2.727272727272727 3.0 2.1818181818181817 2.0 2.9393939393939394 1.303030303030303 2.787878787878788 1.8181818181818181 2.8484848484848486 1.878787878787879 2.484848484848485
3 71.95173453113304 1.7878787878787878 1.3636363636363635 1.2424242424242424 2.5757575757575757 2.515151515151515 2.272727272727273 1.7575757575757576 2.090909090909091 1.878787878787879 2.727272727272727 3.0 2.1818181818181817 2.0 2.9393939393939394 1.303030303030303 2.787878787878788 1.8181818181818181 2.8484848484848486 1.878787878787879 2.484848484848485
4 14.26674880478507 1.1919191919191918 0.9090909090909091 0.8282828282828283 1.7171717171717171 1.6767676767676767 1.5151515151515151 1.1717171717171717 1.393939393939394 1.2525252525252526 1.8181818181818181 2.0 1.4545454545454546 1.3333333333333333 1.9595959595959596 0.8686868686868687 1.8585858585858586 1.2121212121212122 1.898989898989899 1.2525252525252526 1.6565656565656566
5 62.513671215074744 1.7878787878787878 1.3636363636363635 1.2424242424242424 2.5757575757575757 2.515151515151515 2.272727272727273 1.7575757575757576 2.090909090909091 1.878787878787879 2.727272727272727 3.0 2.1818181818181817 2.0 2.9393939393939394 1.303030303030303 2.787878787878788 1.8181818181818181 2.8484848484848486 1.878787878787879 2.484848484848485
6 16.547587847587845 1.1919191919191918 0.9090909090909091 0.8282828282828283 1.7171717171717171 1.6767676767676767 1.5151515151515151 1.1717171717171717 1.393939393939394 1.2525252525252526 1.8181818181818181 2.0 1.4545454545454546 1.3333333333333333 1.9595959595959596 0.8686868686868687 1.8585858585858586 1.2121212121212122 1.898989898989899 1.2525252525252526 1.6565656565656566
7 18.565586365586363 1.1919191919191918 0.9090909090909091 0.8282828282828283 1.7171717171717171 1.6767676767676767 1.5151515151515151 1.1717171717171717 1.393939393939394 1.2525252525252526 1.8181818181818181 2.0 1.4545454545454546 1.3333333333333333 1.9595959595959596 0.8686868686868687 1.8585858585858586 1.2121212121212122 1.898989898989899 1.2525252525252526 1.6565656565656566
8 11.202153490388781 1.7878787878787878 1.3636363636363635 1.2424242424242424 2.5757575757575757 2.515151515151515 2.272727272727273 1.7575757575757576 2.090909090909091 1.878787878787879 2.727272727272727 3.0 2.1818181818181817 2.0 2.9393939393939394 1.303030303030303 2.787878787878788 1.8181818181818181 2.8484848484848486 1.878787878787879 2.484848484848485
9 8.364549918166942 1.7878787878787878 1.3636363636363635 1.2424242424242424 2.5757575757575757 2.515151515151515 2.272727272727273 1.7575757575757576 2.090909090909091 1.878787878787879 2.727272727272727 3.0 2.1818181818181817 2.0 2.9393939393939394 1.303030303030303 2.787878787878788 1.8181818181818181 2.8484848484848486 1.878787878787879 2.484848484848485
10 32.144907407407416 1.7878787878787878 1.3636363636363635 1.2424242424242424 2.5757575757575757 2.515151515151515 2.272727272727273 1.7575757575757576 2.090909090909091 1.878787878787879 2.727272727272727 3.0 2.1818181818181817 2.0 2.9393939393939394 1.303030303030303 2.787878787878788 1.8181818181818181 2.8484848484848486 1.878787878787879 2.484848484848485
11 29.12355899419729 1.1919191919191918 0.9090909090909091 0.8282828282828283 1.7171717171717171 1.6767676767676767 1.5151515151515151 1.1717171717171717 1.393939393939394 1.2525252525252526 1.8181818181818181 2.0 1.4545454545454546 1.3333333333333333 1.9595959595959596 0.8686868686868687 1.8585858585858586 1.2121212121212122 1.898989898989899 1.2525252525252526 1.6565656565656566
12 85.0 1.7878787878787878 1.3636363636363635 1.2424242424242424 2.5757575757575757 2.515151515151515 2.272727272727273 1.7575757575757576 2.090909090909091 1.878787878787879 2.727272727272727 3.0 2.1818181818181817 2.0 2.9393939393939394 1.303030303030303 2.787878787878788 1.8181818181818181 2.8484848484848486 1.878787878787879 2.484848484848485
13 17.439716530418035 1.1919191919191918 0.9090909090909091 0.8282828282828283 1.7171717171717171 1.6767676767676767 1.5151515151515151 1.1717171717171717 1.393939393939394 1.2525252525252526 1.8181818181818181 2.0 1.4545454545454546 1.3333333333333333 1.9595959595959596 0.8686868686868687 1.8585858585858586 1.2121212121212122 1.898989898989899 1.2525252525252526 1.6565656565656566
14 47.4105397672369 1.7878787878787878 1.3636363636363635 1.2424242424242424 2.5757575757575757 2.515151515151515 2.272727272727273 1.7575757575757576 2.090909090909091 1.878787878787879 2.727272727272727 3.0 2.1818181818181817 2.0 2.9393939393939394 1.303030303030303 2.787878787878788 1.8181818181818181 2.8484848484848486 1.878787878787879 2.484848484848485
15 72.1080458126898 1.7878787878787878 1.3636363636363635 1.2424242424242424 2.5757575757575757 2.515151515151515 2.272727272727273 1.7575757575757576 2.090909090909091 1.878787878787879 2.727272727272727 3.0 2.1818181818181817 2.0 2.9393939393939394 1.303030303030303 2.787878787878788 1.8181818181818181 2.8484848484848486 1.878787878787879 2.484848484848485
16 24.876400720945007 1.7878787878787878 1.3636363636363635 1.2424242424242424 2.5757575757575757 2.515151515151515 2.272727272727273 1.7575757575757576 2.090909090909091 1.878787878787879 2.727272727272727 3.0 2.1818181818181817 2.0 2.9393939393939394 1.303030303030303 2.787878787878788 1.8181818181818181 2.8484848484848486 1.878787878787879 2.484848484848485
17 45.87548572254453 1.7878787878787878 1.3636363636363635 1.2424242424242424 2.5757575757575757 2.515151515151515 2.272727272727273 1.7575757575757576 2.090909090909091 1.878787878787879 2.727272727272727 3.0 2.1818181818181817 2.0 2.9393939393939394 1.303030303030303 2.787878787878788 1.8181818181818181 2.8484848484848486 1.878787878787879 2.484848484848485
18 97.35009140917133 1.7878787878787878 1.3636363636363635 1.2424242424242424 2.5757575757575757 2.515151515151515 2.272727272727273 1.7575757575757576 2.090909090909091 1.878787878787879 2.727272727272727 3.0 2.1818181818181817 2.0 2.9393939393939394 1.303030303030303 2.787878787878788 1.8181818181818181 2.8484848484848486 1.878787878787879 2.484848484848485
19 23.965312169093686 1.7878787878787878 1.3636363636363635 1.2424242424242424 2.5757575757575757 2.515151515151515 2.272727272727273 1.7575757575757576 2.090909090909091 1.878787878787879 2.727272727272727 3.0 2.1818181818181817 2.0 2.9393939393939394 1.303030303030303 2.787878787878788 1.8181818181818181 2.8484848484848486 1.878787878787879 2.484848484848485
20 78.84451438740277 1.7878787878787878 1.3636363636363635 1.2424242424242424 2.5757575757575757 2.515151515151515 2.272727272727273 1.7575757575757576 2.090909090909091 1.878787878787879 2.727272727272727 3.0 2.1818181818181817 2.0 2.9393939393939394 1.303030303030303 2.787878787878788 1.8181818181818181 2.8484848484848486 1.878787878787879 2.484848484848485
21 5.768818061371252 1.1919191919191918 0.9090909090909091 0.8282828282828283 1.7171717171717171 1.6767676767676767 1.5151515151515151 1.1717171717171717 1.393939393939394 1.2525252525252526 1.8181818181818181 2.0 1.4545454545454546 1.3333333333333333 1.9595959595959596 0.8686868686868687 1.8585858585858586 1.2121212121212122 1.898989898989899 1.2525252525252526 1.6565656565656566
22 9.425185124985763 1.7878787878787878 1.3636363636363635 1.2424242424242424 2.5757575757575757 2.515151515151515 2.272727272727273 1.7575757575757576 2.090909090909091 1.878787878787879 2.727272727272727 3.0 2.1818181818181817 2.0 2.9393939393939394 1.303030303030303 2.787878787878788 1.8181818181818181 2.8484848484848486 1.878787878787879 2.484848484848485
23 66.86346737523209 1.1919191919191918 0.9090909090909091 0.8282828282828283 1.7171717171717171 1.6767676767676767 1.5151515151515151 1.1717171717171717 1.393939393939394 1.2525252525252526 1.8181818181818181 2.0 1.4545454545454546 1.3333333333333333 1.9595959595959596 0.8686868686868687 1.8585858585858586 1.2121212121212122 1.898989898989899 1.2525252525252526 1.6565656565656566
24 14.68141918141918 1.1919191919191918 0.9090909090909091 0.8282828282828283 1.7171717171717171 1.6767676767676767 1.5151515151515151 1.1717171717171717 1.393939393939394 1.2525252525252526 1.8181818181818181 2.0 1.4545454545454546 1.3333333333333333 1.9595959595959596 0.8686868686868687 1.8585858585858586 1.2121212121212122 1.898989898989899 1.2525252525252526 1.6565656565656566
25 102.14361594449757 1.1919191919191918 0.9090909090909091 0.8282828282828283 1.7171717171717171 1.6767676767676767 1.5151515151515151 1.1717171717171717 1.393939393939394 1.2525252525252526 1.8181818181818181 2.0 1.4545454545454546 1.3333333333333333 1.9595959595959596 0.8686868686868687 1.8585858585858586 1.2121212121212122 1.898989898989899 1.2525252525252526 1.6565656565656566
26 40.16644681689797 1.7878787878787878 1.3636363636363635 1.2424242424242424 2.5757575757575757 2.515151515151515 2.272727272727273 1.7575757575757576 2.090909090909091 1.878787878787879 2.727272727272727 3.0 2.1818181818181817 2.0 2.9393939393939394 1.303030303030303 2.787878787878788 1.8181818181818181 2.8484848484848486 1.878787878787879 2.484848484848485
27 22.74715096112155 1.7878787878787878 1.3636363636363635 1.2424242424242424 2.5757575757575757 2.515151515151515 2.272727272727273 1.7575757575757576 2.090909090909091 1.878787878787879 2.727272727272727 3.0 2.1818181818181817 2.0 2.9393939393939394 1.303030303030303 2.787878787878788 1.8181818181818181 2.8484848484848486 1.878787878787879 2.484848484848485
28 53.04694354256851 1.1919191919191918 0.9090909090909091 0.8282828282828283 1.7171717171717171 1.6767676767676767 1.5151515151515151 1.1717171717171717 1.393939393939394 1.2525252525252526 1.8181818181818181 2.0 1.4545454545454546 1.3333333333333333 1.9595959595959596 0.8686868686868687 1.8585858585858586 1.2121212121212122 1.898989898989899 1.2525252525252526 1.6565656565656566
29 14.188361879666221 1.7878787878787878 1.3636363636363635 1.2424242424242424 2.5757575757575757 2.515151515151515 2.272727272727273 1.7575757575757576 2.090909090909091 1.878787878787879 2.727272727272727 3.0 2.1818181818181817 2.0 2.9393939393939394 1.303030303030303 2.787878787878788 1.8181818181818181 2.8484848484848486 1.878787878787879 2.484848484848485
30 5.572481572481571 1.7878787878787878 1.3636363636363635 1.2424242424242424 2.5757575757575757 2.515151515151515 2.272727272727273 1.7575757575757576 2.090909090909091 1.878787878787879 2.727272727272727 3.0 2.1818181818181817 2.0 2.9393939393939394 1.303030303030303 2.787878787878788 1.8181818181818181 2.8484848484848486 1.878787878787879 2.484848484848485
31 25.612229087376143 1.7878787878787878 1.3636363636363635 1.2424242424242424 2.5757575757575757 2.515151515151515 2.272727272727273 1.7575757575757576 2.090909090909091 1.878787878787879 2.727272727272727 3.0 2.1818181818181817 2.0 2.9393939393939394 1.303030303030303 2.787878787878788 1.8181818181818181 2.8484848484848486 1.878787878787879 2.484848484848485
32 52.099094788568465 1.1919191919191918 0.9090909090909091 0.8282828282828283 1.7171717171717171 1.6767676767676767 1.5151515151515151 1.1717171717171717 1.393939393939394 1.2525252525252526 1.8181818181818181 2.0 1.4545454545454546 1.3333333333333333 1.9595959595959596 0.8686868686868687 1.8585858585858586 1.2121212121212122 1.898989898989899 1.2525252525252526 1.6565656565656566
33 105.91067306993124 1.1919191919191918 0.9090909090909091 0.8282828282828283 1.7171717171717171 1.6767676767676767 1.5151515151515151 1.1717171717171717 1.393939393939394 1.2525252525252526 1.8181818181818181 2.0 1.4545454545454546 1.3333333333333333 1.9595959595959596 0.8686868686868687 1.8585858585858586 1.2121212121212122 1.898989898989899 1.2525252525252526 1.6565656565656566
34 16.048278529980664 1.1919191919191918 0.9090909090909091 0.8282828282828283 1.7171717171717171 1.6767676767676767 1.5151515151515151 1.1717171717171717 1.393939393939394 1.2525252525252526 1.8181818181818181 2.0 1.4545454545454546 1.3333333333333333 1.9595959595959596 0.8686868686868687 1.8585858585858586 1.2121212121212122 1.898989898989899 1.2525252525252526 1.6565656565656566
35 13.21919968771659 1.7878787878787878 1.3636363636363635 1.2424242424242424 2.5757575757575757 2.515151515151515 2.272727272727273 1.7575757575757576 2.090909090909091 1.878787878787879 2.727272727272727 3.0 2.1818181818181817 2.0 2.9393939393939394 1.303030303030303 2.787878787878788 1.8181818181818181 2.8484848484848486 1.878787878787879 2.484848484848485
36 44.08689769314769 1.1919191919191918 0.9090909090909091 0.8282828282828283 1.7171717171717171 1.6767676767676767 1.5151515151515151 1.1717171717171717 1.393939393939394 1.2525252525252526 1.8181818181818181 2.0 1.4545454545454546 1.3333333333333333 1.9595959595959596 0.8686868686868687 1.8585858585858586 1.2121212121212122 1.898989898989899 1.2525252525252526 1.6565656565656566
37 43.01654435183845 1.1919191919191918 0.9090909090909091 0.8282828282828283 1.7171717171717171 1.6767676767676767 1.5151515151515151 1.1717171717171717 1.393939393939394 1.2525252525252526 1.8181818181818181 2.0 1.4545454545454546 1.3333333333333333 1.9595959595959596 0.8686868686868687 1.8585858585858586 1.2121212121212122 1.898989898989899 1.2525252525252526 1.6565656565656566
38 4.152847625188051 1.1919191919191918 0.9090909090909091 0.8282828282828283 1.7171717171717171 1.6767676767676767 1.5151515151515151 1.1717171717171717 1.393939393939394 1.2525252525252526 1.8181818181818181 2.0 1.4545454545454546 1.3333333333333333 1.9595959595959596 0.8686868686868687 1.8585858585858586 1.2121212121212122 1.898989898989899 1.2525252525252526 1.6565656565656566
39 27.640395149957094 1.7878787878787878 1.3636363636363635 1.2424242424242424 2.5757575757575757 2.515151515151515 2.272727272727273 1.7575757575757576 2.090909090909091 1.878787878787879 2.727272727272727 3.0 2.1818181818181817 2.0 2.9393939393939394 1.303030303030303 2.787878787878788 1.8181818181818181 2.8484848484848486 1.878787878787879 2.484848484848485
40 19.63868639401535 1.7878787878787878 1.3636363636363635 1.2424242424242424 2.5757575757575757 2.515151515151515 2.272727272727273 1.7575757575757576 2.090909090909091 1.878787878787879 2.727272727272727 3.0 2.1818181818181817 2.0 2.9393939393939394 1.303030303030303 2.787878787878788 1.8181818181818181 2.8484848484848486 1.878787878787879 2.484848484848485
41 103.0 1.7878787878787878 1.3636363636363635 1.2424242424242424 2.5757575757575757 2.515151515151515 2.272727272727273 1.7575757575757576 2.090909090909091 1.878787878787879 2.727272727272727 3.0 2.1818181818181817 2.0 2.9393939393939394 1.303030303030303 2.787878787878788 1.8181818181818181 2.8484848484848486 1.878787878787879 2.484848484848485
42 59.57589655525246 1.1919191919191918 0.9090909090909091 0.8282828282828283 1.7171717171717171 1.6767676767676767 1.5151515151515151 1.1717171717171717 1.393939393939394 1.2525252525252526 1.8181818181818181 2.0 1.4545454545454546 1.3333333333333333 1.9595959595959596 0.8686868686868687 1.8585858585858586 1.2121212121212122 1.898989898989899 1.2525252525252526 1.6565656565656566
43 10.686746565579513 1.7878787878787878 1.3636363636363635 1.2424242424242424 2.5757575757575757 2.515151515151515 2.272727272727273 1.7575757575757576 2.090909090909091 1.878787878787879 2.727272727272727 3.0 2.1818181818181817 2.0 2.9393939393939394 1.303030303030303 2.787878787878788 1.8181818181818181 2.8484848484848486 1.878787878787879 2.484848484848485
44 28.136081560283692 1.7878787878787878 1.3636363636363635 1.2424242424242424 2.5757575757575757 2.515151515151515 2.272727272727273 1.7575757575757576 2.090909090909091 1.878787878787879 2.727272727272727 3.0 2.1818181818181817 2.0 2.9393939393939394 1.303030303030303 2.787878787878788 1.8181818181818181 2.8484848484848486 1.878787878787879 2.484848484848485
45 66.47371007371008 1.7878787878787878 1.3636363636363635 1.2424242424242424 2.5757575757575757 2.515151515151515 2.272727272727273 1.7575757575757576 2.090909090909091 1.878787878787879 2.727272727272727 3.0 2.1818181818181817 2.0 2.9393939393939394 1.303030303030303 2.787878787878788 1.8181818181818181 2.8484848484848486 1.878787878787879 2.484848484848485
46 11.193416056476018 1.1919191919191918 0.9090909090909091 0.8282828282828283 1.7171717171717171 1.6767676767676767 1.5151515151515151 1.1717171717171717 1.393939393939394 1.2525252525252526 1.8181818181818181 2.0 1.4545454545454546 1.3333333333333333 1.9595959595959596 0.8686868686868687 1.8585858585858586 1.2121212121212122 1.898989898989899 1.2525252525252526 1.6565656565656566
47 21.470863918690007 1.7878787878787878 1.3636363636363635 1.2424242424242424 2.5757575757575757 2.515151515151515 2.272727272727273 1.7575757575757576 2.090909090909091 1.878787878787879 2.727272727272727 3.0 2.1818181818181817 2.0 2.9393939393939394 1.303030303030303 2.787878787878788 1.8181818181818181 2.8484848484848486 1.878787878787879 2.484848484848485
48 1.628995118356825 1.1919191919191918 0.9090909090909091 0.8282828282828283 1.7171717171717171 1.6767676767676767 1.5151515151515151 1.1717171717171717 1.393939393939394 1.2525252525252526 1.8181818181818181 2.0 1.4545454545454546 1.3333333333333333 1.9595959595959596 0.8686868686868687 1.8585858585858586 1.2121212121212122 1.898989898989899 1.2525252525252526 1.6565656565656566
49 9.406515151515153 1.1919191919191918 0.9090909090909091 0.8282828282828283 1.7171717171717171 1.6767676767676767 1.5151515151515151 1.1717171717171717 1.393939393939394 1.2525252525252526 1.8181818181818181 2.0 1.4545454545454546 1.3333333333333333 1.9595959595959596 0.8686868686868687 1.8585858585858586 1.2121212121212122 1.898989898989899 1.2525252525252526 1.6565656565656566
50 16.928939773676614 1.1919191919191918 0.9090909090909091 0.8282828282828283 1.7171717171717171 1.6767676767676767 1.5151515151515151 1.1717171717171717 1.393939393939394 1.2525252525252526 1.8181818181818181 2.0 1.4545454545454546 1.3333333333333333 1.9595959595959596 0.8686868686868687 1.8585858585858586 1.2121212121212122 1.898989898989899 1.2525252525252526 1.6565656565656566
51 11.649301851740876 1.7878787878787878 1.3636363636363635 1.2424242424242424 2.5757575757575757 2.515151515151515 2.272727272727273 1.7575757575757576 2.090909090909091 1.878787878787879 2.727272727272727 3.0 2.1818181818181817 2.0 2.9393939393939394 1.303030303030303 2.787878787878788 1.8181818181818181 2.8484848484848486 1.878787878787879 2.484848484848485
52 6.766108452950559 1.1919191919191918 0.9090909090909091 0.8282828282828283 1.7171717171717171 1.6767676767676767 1.5151515151515151 1.1717171717171717 1.393939393939394 1.2525252525252526 1.8181818181818181 2.0 1.4545454545454546 1.3333333333333333 1.9595959595959596 0.8686868686868687 1.8585858585858586 1.2121212121212122 1.898989898989899 1.2525252525252526 1.6565656565656566
53 61.01430090377458 1.1919191919191918 0.9090909090909091 0.8282828282828283 1.7171717171717171 1.6767676767676767 1.5151515151515151 1.1717171717171717 1.393939393939394 1.2525252525252526 1.8181818181818181 2.0 1.4545454545454546 1.3333333333333333 1.9595959595959596 0.8686868686868687 1.8585858585858586 1.2121212121212122 1.898989898989899 1.2525252525252526 1.6565656565656566
54 22.010426849136532 1.7878787878787878 1.3636363636363635 1.2424242424242424 2.5757575757575757 2.515151515151515 2.272727272727273 1.7575757575757576 2.090909090909091 1.878787878787879 2.727272727272727 3.0 2.1818181818181817 2.0 2.9393939393939394 1.303030303030303 2.787878787878788 1.8181818181818181 2.8484848484848486 1.878787878787879 2.484848484848485
55 40.15243862520459 1.7878787878787878 1.3636363636363635 1.2424242424242424 2.5757575757575757 2.515151515151515 2.272727272727273 1.7575757575757576 2.090909090909091 1.878787878787879 2.727272727272727 3.0 2.1818181818181817 2.0 2.9393939393939394 1.303030303030303 2.787878787878788 1.8181818181818181 2.8484848484848486 1.878787878787879 2.484848484848485
56 31.023647348891725 1.1919191919191918 0.9090909090909091 0.8282828282828283 1.7171717171717171 1.6767676767676767 1.5151515151515151 1.1717171717171717 1.393939393939394 1.2525252525252526 1.8181818181818181 2.0 1.4545454545454546 1.3333333333333333 1.9595959595959596 0.8686868686868687 1.8585858585858586 1.2121212121212122 1.898989898989899 1.2525252525252526 1.6565656565656566
57 1.6990224828934526 1.7878787878787878 1.3636363636363635 1.2424242424242424 2.5757575757575757 2.515151515151515 2.272727272727273 1.7575757575757576 2.090909090909091 1.878787878787879 2.727272727272727 3.0 2.1818181818181817 2.0 2.9393939393939394 1.303030303030303 2.787878787878788 1.8181818181818181 2.8484848484848486 1.878787878787879 2.484848484848485
58 101.9058557065608 1.1919191919191918 0.9090909090909091 0.8282828282828283 1.7171717171717171 1.6767676767676767 1.5151515151515151 1.1717171717171717 1.393939393939394 1.2525252525252526 1.8181818181818181 2.0 1.4545454545454546 1.3333333333333333 1.9595959595959596 0.8686868686868687 1.8585858585858586 1.2121212121212122 1.898989898989899 1.2525252525252526 1.6565656565656566
59 16.862808822383304 1.7878787878787878 1.3636363636363635 1.2424242424242424 2.5757575757575757 2.515151515151515 2.272727272727273 1.7575757575757576 2.090909090909091 1.878787878787879 2.727272727272727 3.0 2.1818181818181817 2.0 2.9393939393939394 1.303030303030303 2.787878787878788 1.8181818181818181 2.8484848484848486 1.878787878787879 2.484848484848485
