100 40
TREE NETWORK (nID nID Weight):
42 0 45
92 0 44
53 0 42
45 0 46
98 92 38
12 45 53
1 42 44
78 1 51
59 45 34
79 42 56
51 92 50
32 98 54
5 32 46
94 78 50
93 94 53
65 45 39
64 59 57
71 1 32
23 71 45
29 71 44
87 45 48
6 1 31
68 45 42
28 45 45
58 12 37
62 45 47
44 79 49
46 93 53
72 6 57
16 98 34
37 72 49
75 29 48
38 64 42
77 42 52
14 72 59
18 16 34
69 18 44
70 64 34
7 64 31
22 72 46
60 22 48
83 62 34
67 68 59
4 93 37
36 93 44
43 87 47
91 44 50
20 12 41
56 64 51
61 65 38
96 60 41
41 42 41
26 42 34
47 12 54
82 87 33
21 37 46
40 5 55
54 37 53
57 28 55
73 38 43
66 61 39
81 78 41
10 47 41
50 6 59
30 28 57
97 47 41
89 21 47
25 94 32
49 14 50
31 71 55
95 51 46
17 6 36
15 70 43
24 17 48
74 38 46
52 82 53
39 77 33
55 21 51
48 66 50
35 43 52
8 51 42
9 82 30
99 89 43
76 36 35
27 44 59
33 7 39
19 0 30
88 65 55
3 0 55
85 61 39
11 18 47
63 1 55
34 51 54
84 24 53
86 69 44
2 84 33
80 60 48
13 33 34
90 88 32
PROGRAMS ASSIGNED TO NODES (nID pID1 pID2 ...):
0 1 2 3 4 5 6 7 8 9 10 11 12 13 14 15 16 17 18 19 20 21 22 23 24 25 26 27 28 29 30 31 32 33 34 35 36 37 38 39 40
1 34 35 22 6 9 10
2 3 4 6 7 8 10 11 13 15 16 18 19 21 22 24 25 26 27 28 30 32 33 34 35 36 37
3 34 35 20 22 23 8 30
4 5
5 32 1 34 39 8 11 13 15 22 23 24 25 26 27 29
6 1 2 3 6 7 10 11 12 13 14 18 19 21 22 23 25 27 29 31 33 34 35 37 39 40
7 3 36 37 22 38 39 8 28 29 31
8 32 1 34 3 36 5 9 11 14 15 17 20 21 22 24 25 26 27 28 29 30 31
9 33 1 34 2 36 4 5 38 7 39 40 12 13 18 19 20 21 23 25 27 28 29 30
10 32 1 3 36 4 37 7 8 9 12 14 17 18 19 20 22 23 24 25 27 29
11 40 9 26 27 12 15
12 35 14
13 19
14 17 38 7 23 8 10 26 29
15 32 17 19 35 5 21 39 10
16 1 2 3 4 5 6 9 10 11 12 13 14 15 16 18 20 21 22 23 24 25 26 27 28 29 30 31 32 33 34 35 36 37 38 39 40
17 1 2 3 4 5 6 7 8 9 10 11 12 14 15 16 17 18 19 20 22 23 24 25 26 27 28 29 30 31 32 33 34 35 36 37 38 39 40
18 1 33 2 5 38 7 40 9 13 15 17 21 24 25 26 29
19 4 6 7 8 9 10 12 13 14 15 17 18 19 22 23 24 25 29 30 31 32 33 34 36 38 40
20 1 2 3 4 5 6 7 8 9 10 11 12 13 14 15 16 17 18 20 21 22 23 24 25 26 27 28 29 32 33 35 36 37 38 39
21 33 3 35 4 5 6 38 39 7 8 12 14 15 16 18 21 22 23 24 27 28 29 30
22 1 2 3 4 6 7 8 9 11 12 13 14 15 16 17 18 19 20 22 23 25 26 30 31 32 33 34 35 36 39 40
23 1 2 3 5 7 8 10 11 12 13 14 15 16 17 18 19 20 21 22 23 24 25 26 27 28 29 30 31 32 34 35 36 37 38 39 40
24 32 1 34 35 4 37 39 8 12 13 18 19 23 24 25 26
25 33 2 4 21 8 10 28 29
26 16 6 40 13
27 1 33 2 35 3 4 6 7 39 8 40 10 11 12 13 15 17 19 21 23 25 26 27 31
28 17 1 34 36 39 29 31
29 1 3 5 6 8 9 10 12 14 16 17 18 19 22 23 27 28 29 30 31 32 33 34 35 36 37 38 40
30 35 20 10
31 33 2 19 3 37 14
32 32 1 34 3 37 38 6 7 8 40 10 12 14 15 18 22 23 24 26 28 29
33 2 35 38
34 32 1 33 34 4 36 5 6 40 9 12 15 19 23 25 26 28 29
35 1 2 3 4 5 6 7 9 10 11 12 13 14 15 17 18 20 21 22 23 24 25 26 27 28 29 30 32 33 34 35 36 37 38 39 40
36 1 2 3 4 5 6 7 8 9 10 11 12 13 14 15 16 17 18 19 20 21 22 24 25 26 27 28 29 30 31 32 33 34 36 37 38 39 40
37 33 1 34 2 35 3 36 4 37 6 39 7 9 11 12 14 15 16 20 25 29 30 31
38 1 33 34 2 4 5 6 7 8 40 12 13 14 18 19 21 23 24 29 31
39 34 35 3 5 7 11 12 13 19 23 25 26 27 28 30
40 1 2 3 4 5 7 8 9 11 12 13 14 15 16 17 18 19 20 21 22 23 24 25 26 27 28 29 30 31 32 33 34 35 36 37 38 39 40
41 1 2 3 4 5 6 7 8 9 10 11 12 13 14 15 16 17 18 19 21 22 23 24 25 26 27 28 29 30 31 32 33 34 35 36 37 38 39 40
42 32 1 3 35 20 5 39 8 24 26 27 14
43 2 4 5 6 7 8 9 10 11 12 13 14 16 17 18 20 21 22 23 24 25 28 31 32 33 34 35 36 37 38 39
44 1 2 3 4 5 6 7 8 9 10 11 12 14 15 16 17 18 19 20 21 22 23 24 25 26 27 28 29 30 31 32 33 34 35 36 37 38 39 40
45 17 33 18 37 5 21 6 29
46 1 3 4 5 7 8 9 11 12 13 14 15 16 17 18 20 21 22 23 24 25 26 28 29 30 31 32 34 35 36 37 38 39
47 34 3 7 30
48 1 4 5 8 10 11 12 13 14 16 17 18 19 20 22 24 25 26 28 29 33 34 35 36 37 38
49 1 2 36 6 9 10 11 12 13 14 15 17 18 21 23 25 29 30
50 3 20 4 22 38 9 26 13 14
51 34 3 35 4 6 25 26 30 14
52 17 8 13
53 32 33 2 34 35 7 10 11 13 14 15 19 21 23 24 26 29
54 2 3 4 5 6 7 8 9 10 12 13 14 17 18 20 21 23 24 25 27 28 29 30 34 36 37 38 40
56 36 6 40 8 9 12 20 21 22 26 29 30 31
57 18 20 7 24
58 16 7 26 27
59 2 34 3 35 37 5 40 10 12 13 14 15 17 23 24 25 27 28 29
60 38
61 23
62 1 2 4 6 7 9 10 11 12 13 14 15 17 18 20 21 22 25 26 28 29 32 34 35 37 38 40
63 33 20 28 14
64 1 2 4 5 7 8 9 10 11 12 13 15 16 17 19 20 21 22 23 24 26 27 28 29 30 31 32 33 34 35 36 38 39 40
65 1 2 3 4 6 7 9 10 11 12 13 17 19 21 22 23 24 25 26 27 29 31 33 34 35 36 38 39 40
67 32 1 33 35 36 4 37 6 9 12 18 24 28 30 31
68 1 33 35 3 39 40 9 11 14 16 21 24 28 29 31
69 1 2 3 4 5 6 7 8 10 11 12 13 14 15 16 17 18 19 20 22 23 25 27 28 29 30 31 32 33 35 36 37 38 39 40
70 32 3 36 37 5 38 7 40 9 10 11 12 17 24 27
71 36 37 7 39 8 12 15 16 17 19 20 21 22 23 26 29
72 2 3 4 7 8 9 10 11 15 16 17 18 19 22 23 24 25 27 28 29 30 32 34 35 36 37 39
73 1 2 3 5 6 7 10 11 12 13 14 15 18 19 20 21 22 23 24 26 28 29 30 31 35 36 37 38 39
74 1 2 3 4 5 6 7 8 9 10 11 12 13 14 15 16 17 18 19 20 21 22 23 24 25 26 27 28 29 30 31 32 33 34 35 37 38 39
75 4 21 5 38 23 39 7 13 15
76 34 18 4 38 39 24 26 11 28
77 1 2 4 5 6 7 8 9 11 12 13 14 15 16 17 18 19 20 21 22 23 24 25 26 28 29 30 31 33 35 36 37 38 39 40
78 1 3 5 7 9 10 12 13 14 15 16 17 18 19 20 21 22 23 25 26 27 28 29 31 32 34 37 38 39 40
79 1 3 4 7 8 10 11 12 13 14 15 17 18 19 22 23 26 27 28 29 30 31 32 33 34 35 37 39
80 1 2 3 4 7 8 9 10 12 13 15 16 17 18 19 20 22 25 26 27 28 29 30 31 33 34 35 36 37 38 39 40
81 1 2 3 5 7 8 9 10 11 12 13 15 16 17 18 19 20 21 23 24 28 29 30 36 37 38 39 40
82 1 3 4 5 6 7 8 9 10 12 13 14 15 16 17 18 19 20 21 23 24 25 26 28 29 30 31 32 33 34 35 36 37 38 39
83 16 33 34 2 20 40 25 14
84 3 4 5 7 8 9 10 12 13 14 15 16 18 19 20 21 22 23 25 26 27 29 33 34 36 37 38 39 40
85 1 18 19 36 5 27 13
86 32 33 2 36 5 37 40 9 12 15 16 17 18 20 22 24 28 29 30
87 32 2 34 37 5 38 6 8 10 14 17 24 25 29
88 1 3 4 5 6 7 9 10 12 13 14 15 16 19 20 22 23 24 25 26 28 29 32 33 34 35 36 37 38
89 1 2 35 5 6 39 40 10 12 13 15 18 20 31
90 1 2 34 35 5 7 11 14 16 17 19 26 28
91 2 3 4 5 6 7 9 11 12 13 14 15 17 18 19 20 21 22 25 26 27 29 30 31 32 34 35 36 37
92 1 3 4 6 7 8 10 11 12 13 14 15 16 17 18 20 21 23 24 29 30 33 35 36 37 38 39 40
93 1 2 3 5 6 7 8 9 10 11 12 13 15 16 17 19 20 21 22 23 24 25 26 27 28 29 30 31 32 33 34 35 36 37 38 39 40
94 32 20 4 39 40 8 10 27 11 14 30
96 1 2 3 4 5 6 7 8 9 10 11 12 15 17 18 19 21 22 23 24 25 26 27 28 30 31 32 33 34 36 37 38 39
97 32 1 2 3 36 38 39 8 40 9 10 11 12 13 16 17 18 20 24 25 27 28 29 30
98 18 2 19 6 22 7 39 40 9 26
99 32 33 2 36 37 5 39 10 11 12 15 16 18 21 23 24 25 26 27 28 31
SIZE OF PROGRAMS (pID SIZE):
1 52.0
2 67.0
3 47.0
4 44.0
5 73.0
6 63.0
7 95.0
8 59.0
9 71.0
10 95.0
11 72.0
12 60.0
13 80.0
14 71.0
15 58.0
16 79.0
17 90.0
18 45.0
19 82.0
20 86.0
21 86.0
22 69.0
23 43.0
24 50.0
25 61.0
26 72.0
27 82.0
28 57.0
29 67.0
30 71.0
31 74.0
32 70.0
33 98.0
34 65.0
35 74.0
36 52.0
37 96.0
38 81.0
39 60.0
40 82.0
COST TO INSTALL SERVERS AND PROGRAMS ON NODES (COST_TO_INSTALL_SERVER COST_TO_INSTALL_pID1 ...):
0 6712.244897959184 1.0612244897959184 1.3673469387755102 0.9591836734693877 0.8979591836734694 1.489795918367347 1.2857142857142858 1.9387755102040816 1.2040816326530612 1.4489795918367347 1.9387755102040816 1.469387755102041 1.2244897959183674 1.6326530612244898 1.4489795918367347 1.183673469387755 1.6122448979591837 1.836734693877551 0.9183673469387755 1.6734693877551021 1.7551020408163265 1.7551020408163265 1.4081632653061225 0.8775510204081632 1.0204081632653061 1.2448979591836735 1.469387755102041 1.6734693877551021 1.163265306122449 1.3673469387755102 1.4489795918367347 1.510204081632653 1.4285714285714286 2.0 1.3265306122448979 1.510204081632653 1.0612244897959184 1.9591836734693877 1.653061224489796 1.2244897959183674 1.6734693877551021
1 64.00008190415858 1.0612244897959184 1.3673469387755102 0.9591836734693877 0.8979591836734694 1.489795918367347 1.2857142857142858 1.9387755102040816 1.2040816326530612 1.4489795918367347 1.9387755102040816 1.469387755102041 1.2244897959183674 1.6326530612244898 1.4489795918367347 1.183673469387755 1.6122448979591837 1.836734693877551 0.9183673469387755 1.6734693877551021 1.7551020408163265 1.7551020408163265 1.4081632653061225 0.8775510204081632 1.0204081632653061 1.2448979591836735 1.469387755102041 1.6734693877551021 1.163265306122449 1.3673469387755102 1.4489795918367347 1.510204081632653 1.4285714285714286 2.0 1.3265306122448979 1.510204081632653 1.0612244897959184 1.9591836734693877 1.653061224489796 1.2244897959183674 1.6734693877551021
2 327.5455227539658 1.0612244897959184 1.3673469387755102 0.9591836734693877 0.8979591836734694 1.489795918367347 1.2857142857142858 1.9387755102040816 1.2040816326530612 1.4489795918367347 1.9387755102040816 1.469387755102041 1.2244897959183674 1.6326530612244898 1.4489795918367347 1.183673469387755 1.6122448979591837 1.836734693877551 0.9183673469387755 1.6734693877551021 1.7551020408163265 1.7551020408163265 1.4081632653061225 0.8775510204081632 1.0204081632653061 1.2448979591836735 1.469387755102041 1.6734693877551021 1.163265306122449 1.3673469387755102 1.4489795918367347 1.510204081632653 1.4285714285714286 2.0 1.3265306122448979 1.510204081632653 1.0612244897959184 1.9591836734693877 1.653061224489796 1.2244897959183674 1.6734693877551021
3 55.0 1.5918367346938775 2.0510204081632653 1.4387755102040816 1.346938775510204 2.2346938775510203 1.9285714285714286 2.9081632653061225 1.8061224489795917 2.173469387755102 2.9081632653061225 2.204081632653061 1.836734693877551 2.4489795918367347 2.173469387755102 1.7755102040816326 2.4183673469387754 2.7551020408163267 1.3775510204081634 2.510204081632653 2.63265306122449 2.63265306122449 2.1122448979591835 1.316326530612245 1.530612244897959 1.8673469387755102 2.204081632653061 2.510204081632653 1.7448979591836735 2.0510204081632653 2.173469387755102 2.2653061224489797 2.142857142857143 3.0 1.989795918367347 2.2653061224489797 1.5918367346938775 2.938775510204082 2.479591836734694 1.836734693877551 2.510204081632653
4 1.6066442451008804 1.0612244897959184 1.3673469387755102 0.9591836734693877 0.8979591836734694 1.489795918367347 1.2857142857142858 1.9387755102040816 1.2040816326530612 1.4489795918367347 1.9387755102040816 1.469387755102041 1.2244897959183674 1.6326530612244898 1.4489795918367347 1.183673469387755 1.6122448979591837 1.836734693877551 0.9183673469387755 1.6734693877551021 1.7551020408163265 1.7551020408163265 1.4081632653061225 0.8775510204081632 1.0204081632653061 1.2448979591836735 1.469387755102041 1.6734693877551021 1.163265306122449 1.3673469387755102 1.4489795918367347 1.510204081632653 1.4285714285714286 2.0 1.3265306122448979 1.510204081632653 1.0612244897959184 1.9591836734693877 1.653061224489796 1.2244897959183674 1.6734693877551021
5 50.87056061797262 1.5918367346938775 2.0510204081632653 1.4387755102040816 1.346938775510204 2.2346938775510203 1.9285714285714286 2.9081632653061225 1.8061224489795917 2.173469387755102 2.9081632653061225 2.204081632653061 1.836734693877551 2.4489795918367347 2.173469387755102 1.7755102040816326 2.4183673469387754 2.7551020408163267 1.3775510204081634 2.510204081632653 2.63265306122449 2.63265306122449 2.1122448979591835 1.316326530612245 1.530612244897959 1.8673469387755102 2.204081632653061 2.510204081632653 1.7448979591836735 2.0510204081632653 2.173469387755102 2.2653061224489797 2.142857142857143 3.0 1.989795918367347 2.2653061224489797 1.5918367346938775 2.938775510204082 2.479591836734694 1.836734693877551 2.510204081632653
6 111.9705865540552 1.5918367346938775 2.0510204081632653 1.4387755102040816 1.346938775510204 2.2346938775510203 1.9285714285714286 2.9081632653061225 1.8061224489795917 2.173469387755102 2.9081632653061225 2.204081632653061 1.836734693877551 2.4489795918367347 2.173469387755102 1.7755102040816326 2.4183673469387754 2.7551020408163267 1.3775510204081634 2.510204081632653 2.63265306122449 2.63265306122449 2.1122448979591835 1.316326530612245 1.530612244897959 1.8673469387755102 2.204081632653061 2.510204081632653 1.7448979591836735 2.0510204081632653 2.173469387755102 2.2653061224489797 2.142857142857143 3.0 1.989795918367347 2.2653061224489797 1.5918367346938775 2.938775510204082 2.479591836734694 1.836734693877551 2.510204081632653
7 12.450281670208494 1.5918367346938775 2.0510204081632653 1.4387755102040816 1.346938775510204 2.2346938775510203 1.9285714285714286 2.9081632653061225 1.8061224489795917 2.173469387755102 2.9081632653061225 2.204081632653061 1.836734693877551 2.4489795918367347 2.173469387755102 1.7755102040816326 2.4183673469387754 2.7551020408163267 1.3775510204081634 2.510204081632653 2.63265306122449 2.63265306122449 2.1122448979591835 1.316326530612245 1.530612244897959 1.8673469387755102 2.204081632653061 2.510204081632653 1.7448979591836735 2.0510204081632653 2.173469387755102 2.2653061224489797 2.142857142857143 3.0 1.989795918367347 2.2653061224489797 1.5918367346938775 2.938775510204082 2.479591836734694 1.836734693877551 2.510204081632653
8 41.125177166518775 1.5918367346938775 2.0510204081632653 1.4387755102040816 1.346938775510204 2.2346938775510203 1.9285714285714286 2.9081632653061225 1.8061224489795917 2.173469387755102 2.9081632653061225 2.204081632653061 1.836734693877551 2.4489795918367347 2.173469387755102 1.7755102040816326 2.4183673469387754 2.7551020408163267 1.3775510204081634 2.510204081632653 2.63265306122449 2.63265306122449 2.1122448979591835 1.316326530612245 1.530612244897959 1.8673469387755102 2.204081632653061 2.510204081632653 1.7448979591836735 2.0510204081632653 2.173469387755102 2.2653061224489797 2.142857142857143 3.0 1.989795918367347 2.2653061224489797 1.5918367346938775 2.938775510204082 2.479591836734694 1.836734693877551 2.510204081632653
9 129.13219232307551 1.5918367346938775 2.0510204081632653 1.4387755102040816 1.346938775510204 2.2346938775510203 1.9285714285714286 2.9081632653061225 1.8061224489795917 2.173469387755102 2.9081632653061225 2.204081632653061 1.836734693877551 2.4489795918367347 2.173469387755102 1.7755102040816326 2.4183673469387754 2.7551020408163267 1.3775510204081634 2.510204081632653 2.63265306122449 2.63265306122449 2.1122448979591835 1.316326530612245 1.530612244897959 1.8673469387755102 2.204081632653061 2.510204081632653 1.7448979591836735 2.0510204081632653 2.173469387755102 2.2653061224489797 2.142857142857143 3.0 1.989795918367347 2.2653061224489797 1.5918367346938775 2.938775510204082 2.479591836734694 1.836734693877551 2.510204081632653
10 64.93865428509866 1.5918367346938775 2.0510204081632653 1.4387755102040816 1.346938775510204 2.2346938775510203 1.9285714285714286 2.9081632653061225 1.8061224489795917 2.173469387755102 2.9081632653061225 2.204081632653061 1.836734693877551 2.4489795918367347 2.173469387755102 1.7755102040816326 2.4183673469387754 2.7551020408163267 1.3775510204081634 2.510204081632653 2.63265306122449 2.63265306122449 2.1122448979591835 1.316326530612245 1.530612244897959 1.8673469387755102 2.204081632653061 2.510204081632653 1.7448979591836735 2.0510204081632653 2.173469387755102 2.2653061224489797 2.142857142857143 3.0 1.989795918367347 2.2653061224489797 1.5918367346938775 2.938775510204082 2.479591836734694 1.836734693877551 2.510204081632653
11 29.04778500746003 1.0612244897959184 1.3673469387755102 0.9591836734693877 0.8979591836734694 1.489795918367347 1.2857142857142858 1.9387755102040816 1.2040816326530612 1.4489795918367347 1.9387755102040816 1.469387755102041 1.2244897959183674 1.6326530612244898 1.4489795918367347 1.183673469387755 1.6122448979591837 1.836734693877551 0.9183673469387755 1.6734693877551021 1.7551020408163265 1.7551020408163265 1.4081632653061225 0.8775510204081632 1.0204081632653061 1.2448979591836735 1.469387755102041 1.6734693877551021 1.163265306122449 1.3673469387755102 1.4489795918367347 1.510204081632653 1.4285714285714286 2.0 1.3265306122448979 1.510204081632653 1.0612244897959184 1.9591836734693877 1.653061224489796 1.2244897959183674 1.6734693877551021
12 22.016791950578416 1.0612244897959184 1.3673469387755102 0.9591836734693877 0.8979591836734694 1.489795918367347 1.2857142857142858 1.9387755102040816 1.2040816326530612 1.4489795918367347 1.9387755102040816 1.469387755102041 1.2244897959183674 1.6326530612244898 1.4489795918367347 1.183673469387755 1.6122448979591837 1.836734693877551 0.9183673469387755 1.6734693877551021 1.7551020408163265 1.7551020408163265 1.4081632653061225 0.8775510204081632 1.0204081632653061 1.2448979591836735 1.469387755102041 1.6734693877551021 1.163265306122449 1.3673469387755102 1.4489795918367347 1.510204081632653 1.4285714285714286 2.0 1.3265306122448979 1.510204081632653 1.0612244897959184 1.9591836734693877 1.653061224489796 1.2244897959183674 1.6734693877551021
13 7.783293422643571 1.0612244897959184 1.3673469387755102 0.9591836734693877 0.8979591836734694 1.489795918367347 1.2857142857142858 1.9387755102040816 1.2040816326530612 1.4489795918367347 1.9387755102040816 1.469387755102041 1.2244897959183674 1.6326530612244898 1.4489795918367347 1.183673469387755 1.6122448979591837 1.836734693877551 0.9183673469387755 1.6734693877551021 1.7551020408163265 1.7551020408163265 1.4081632653061225 0.8775510204081632 1.0204081632653061 1.2448979591836735 1.469387755102041 1.6734693877551021 1.163265306122449 1.3673469387755102 1.4489795918367347 1.510204081632653 1.4285714285714286 2.0 1.3265306122448979 1.510204081632653 1.0612244897959184 1.9591836734693877 1.653061224489796 1.2244897959183674 1.6734693877551021
14 57.57613735514308 1.0612244897959184 1.3673469387755102 0.9591836734693877 0.8979591836734694 1.489795918367347 1.2857142857142858 1.9387755102040816 1.2040816326530612 1.4489795918367347 1.9387755102040816 1.469387755102041 1.2244897959183674 1.6326530612244898 1.4489795918367347 1.183673469387755 1.6122448979591837 1.836734693877551 0.9183673469387755 1.6734693877551021 1.7551020408163265 1.7551020408163265 1.4081632653061225 0.8775510204081632 1.0204081632653061 1.2448979591836735 1.469387755102041 1.6734693877551021 1.163265306122449 1.3673469387755102 1.4489795918367347 1.510204081632653 1.4285714285714286 2.0 1.3265306122448979 1.510204081632653 1.0612244897959184 1.9591836734693877 1.653061224489796 1.2244897959183674 1.6734693877551021
15 62.254560746122706 1.5918367346938775 2.0510204081632653 1.4387755102040816 1.346938775510204 2.2346938775510203 1.9285714285714286 2.9081632653061225 1.8061224489795917 2.173469387755102 2.9081632653061225 2.204081632653061 1.836734693877551 2.4489795918367347 2.173469387755102 1.7755102040816326 2.4183673469387754 2.7551020408163267 1.3775510204081634 2.510204081632653 2.63265306122449 2.63265306122449 2.1122448979591835 1.316326530612245 1.530612244897959 1.8673469387755102 2.204081632653061 2.510204081632653 1.7448979591836735 2.0510204081632653 2.173469387755102 2.2653061224489797 2.142857142857143 3.0 1.989795918367347 2.2653061224489797 1.5918367346938775 2.938775510204082 2.479591836734694 1.836734693877551 2.510204081632653
16 52.30825542026824 1.0612244897959184 1.3673469387755102 0.9591836734693877 0.8979591836734694 1.489795918367347 1.2857142857142858 1.9387755102040816 1.2040816326530612 1.4489795918367347 1.9387755102040816 1.469387755102041 1.2244897959183674 1.6326530612244898 1.4489795918367347 1.183673469387755 1.6122448979591837 1.836734693877551 0.9183673469387755 1.6734693877551021 1.7551020408163265 1.7551020408163265 1.4081632653061225 0.8775510204081632 1.0204081632653061 1.2448979591836735 1.469387755102041 1.6734693877551021 1.163265306122449 1.3673469387755102 1.4489795918367347 1.510204081632653 1.4285714285714286 2.0 1.3265306122448979 1.510204081632653 1.0612244897959184 1.9591836734693877 1.653061224489796 1.2244897959183674 1.6734693877551021
17 188.87645413819632 1.5918367346938775 2.0510204081632653 1.4387755102040816 1.346938775510204 2.2346938775510203 1.9285714285714286 2.9081632653061225 1.8061224489795917 2.173469387755102 2.9081632653061225 2.204081632653061 1.836734693877551 2.4489795918367347 2.173469387755102 1.7755102040816326 2.4183673469387754 2.7551020408163267 1.3775510204081634 2.510204081632653 2.63265306122449 2.63265306122449 2.1122448979591835 1.316326530612245 1.530612244897959 1.8673469387755102 2.204081632653061 2.510204081632653 1.7448979591836735 2.0510204081632653 2.173469387755102 2.2653061224489797 2.142857142857143 3.0 1.989795918367347 2.2653061224489797 1.5918367346938775 2.938775510204082 2.479591836734694 1.836734693877551 2.510204081632653
18 232.33472230997674 1.5918367346938775 2.0510204081632653 1.4387755102040816 1.346938775510204 2.2346938775510203 1.9285714285714286 2.9081632653061225 1.8061224489795917 2.173469387755102 2.9081632653061225 2.204081632653061 1.836734693877551 2.4489795918367347 2.173469387755102 1.7755102040816326 2.4183673469387754 2.7551020408163267 1.3775510204081634 2.510204081632653 2.63265306122449 2.63265306122449 2.1122448979591835 1.316326530612245 1.530612244897959 1.8673469387755102 2.204081632653061 2.510204081632653 1.7448979591836735 2.0510204081632653 2.173469387755102 2.2653061224489797 2.142857142857143 3.0 1.989795918367347 2.2653061224489797 1.5918367346938775 2.938775510204082 2.479591836734694 1.836734693877551 2.510204081632653
19 19.25869488536155 1.0612244897959184 1.3673469387755102 0.9591836734693877 0.8979591836734694 1.489795918367347 1.2857142857142858 1.9387755102040816 1.2040816326530612 1.4489795918367347 1.9387755102040816 1.469387755102041 1.2244897959183674 1.6326530612244898 1.4489795918367347 1.183673469387755 1.6122448979591837 1.836734693877551 0.9183673469387755 1.6734693877551021 1.7551020408163265 1.7551020408163265 1.4081632653061225 0.8775510204081632 1.0204081632653061 1.2448979591836735 1.469387755102041 1.6734693877551021 1.163265306122449 1.3673469387755102 1.4489795918367347 1.510204081632653 1.4285714285714286 2.0 1.3265306122448979 1.510204081632653 1.0612244897959184 1.9591836734693877 1.653061224489796 1.2244897959183674 1.6734693877551021
20 93.11186072300022 1.5918367346938775 2.0510204081632653 1.4387755102040816 1.346938775510204 2.2346938775510203 1.9285714285714286 2.9081632653061225 1.8061224489795917 2.173469387755102 2.9081632653061225 2.204081632653061 1.836734693877551 2.4489795918367347 2.173469387755102 1.7755102040816326 2.4183673469387754 2.7551020408163267 1.3775510204081634 2.510204081632653 2.63265306122449 2.63265306122449 2.1122448979591835 1.316326530612245 1.530612244897959 1.8673469387755102 2.204081632653061 2.510204081632653 1.7448979591836735 2.0510204081632653 2.173469387755102 2.2653061224489797 2.142857142857143 3.0 1.989795918367347 2.2653061224489797 1.5918367346938775 2.938775510204082 2.479591836734694 1.836734693877551 2.510204081632653
21 131.66422932673717 1.5918367346938775 2.0510204081632653 1.4387755102040816 1.346938775510204 2.2346938775510203 1.9285714285714286 2.9081632653061225 1.8061224489795917 2.173469387755102 2.9081632653061225 2.204081632653061 1.836734693877551 2.4489795918367347 2.173469387755102 1.7755102040816326 2.4183673469387754 2.7551020408163267 1.3775510204081634 2.510204081632653 2.63265306122449 2.63265306122449 2.1122448979591835 1.316326530612245 1.530612244897959 1.8673469387755102 2.204081632653061 2.510204081632653 1.7448979591836735 2.0510204081632653 2.173469387755102 2.2653061224489797 2.142857142857143 3.0 1.989795918367347 2.2653061224489797 1.5918367346938775 2.938775510204082 2.479591836734694 1.836734693877551 2.510204081632653
22 244.00895342914433 1.0612244897959184 1.3673469387755102 0.9591836734693877 0.8979591836734694 1.489795918367347 1.2857142857142858 1.9387755102040816 1.2040816326530612 1.4489795918367347 1.9387755102040816 1.469387755102041 1.2244897959183674 1.6326530612244898 1.4489795918367347 1.183673469387755 1.6122448979591837 1.836734693877551 0.9183673469387755 1.6734693877551021 1.7551020408163265 1.7551020408163265 1.4081632653061225 0.8775510204081632 1.0204081632653061 1.2448979591836735 1.469387755102041 1.6734693877551021 1.163265306122449 1.3673469387755102 1.4489795918367347 1.510204081632653 1.4285714285714286 2.0 1.3265306122448979 1.510204081632653 1.0612244897959184 1.9591836734693877 1.653061224489796 1.2244897959183674 1.6734693877551021
23 182.99702594059744 1.0612244897959184 1.3673469387755102 0.9591836734693877 0.8979591836734694 1.489795918367347 1.2857142857142858 1.9387755102040816 1.2040816326530612 1.4489795918367347 1.9387755102040816 1.469387755102041 1.2244897959183674 1.6326530612244898 1.4489795918367347 1.183673469387755 1.6122448979591837 1.836734693877551 0.9183673469387755 1.6734693877551021 1.7551020408163265 1.7551020408163265 1.4081632653061225 0.8775510204081632 1.0204081632653061 1.2448979591836735 1.469387755102041 1.6734693877551021 1.163265306122449 1.3673469387755102 1.4489795918367347 1.510204081632653 1.4285714285714286 2.0 1.3265306122448979 1.510204081632653 1.0612244897959184 1.9591836734693877 1.653061224489796 1.2244897959183674 1.6734693877551021
24 267.6523212513897 1.5918367346938775 2.0510204081632653 1.4387755102040816 1.346938775510204 2.2346938775510203 1.9285714285714286 2.9081632653061225 1.8061224489795917 2.173469387755102 2.9081632653061225 2.204081632653061 1.836734693877551 2.4489795918367347 2.173469387755102 1.7755102040816326 2.4183673469387754 2.7551020408163267 1.3775510204081634 2.510204081632653 2.63265306122449 2.63265306122449 2.1122448979591835 1.316326530612245 1.530612244897959 1.8673469387755102 2.204081632653061 2.510204081632653 1.7448979591836735 2.0510204081632653 2.173469387755102 2.2653061224489797 2.142857142857143 3.0 1.989795918367347 2.2653061224489797 1.5918367346938775 2.938775510204082 2.479591836734694 1.836734693877551 2.510204081632653
25 15.187445279121752 1.5918367346938775 2.0510204081632653 1.4387755102040816 1.346938775510204 2.2346938775510203 1.9285714285714286 2.9081632653061225 1.8061224489795917 2.173469387755102 2.9081632653061225 2.204081632653061 1.836734693877551 2.4489795918367347 2.173469387755102 1.7755102040816326 2.4183673469387754 2.7551020408163267 1.3775510204081634 2.510204081632653 2.63265306122449 2.63265306122449 2.1122448979591835 1.316326530612245 1.530612244897959 1.8673469387755102 2.204081632653061 2.510204081632653 1.7448979591836735 2.0510204081632653 2.173469387755102 2.2653061224489797 2.142857142857143 3.0 1.989795918367347 2.2653061224489797 1.5918367346938775 2.938775510204082 2.479591836734694 1.836734693877551 2.510204081632653
26 2.5562438308656796 1.5918367346938775 2.0510204081632653 1.4387755102040816 1.346938775510204 2.2346938775510203 1.9285714285714286 2.9081632653061225 1.8061224489795917 2.173469387755102 2.9081632653061225 2.204081632653061 1.836734693877551 2.4489795918367347 2.173469387755102 1.7755102040816326 2.4183673469387754 2.7551020408163267 1.3775510204081634 2.510204081632653 2.63265306122449 2.63265306122449 2.1122448979591835 1.316326530612245 1.530612244897959 1.8673469387755102 2.204081632653061 2.510204081632653 1.7448979591836735 2.0510204081632653 2.173469387755102 2.2653061224489797 2.142857142857143 3.0 1.989795918367347 2.2653061224489797 1.5918367346938775 2.938775510204082 2.479591836734694 1.836734693877551 2.510204081632653
27 79.41424343748798 1.5918367346938775 2.0510204081632653 1.4387755102040816 1.346938775510204 2.2346938775510203 1.9285714285714286 2.9081632653061225 1.8061224489795917 2.173469387755102 2.9081632653061225 2.204081632653061 1.836734693877551 2.4489795918367347 2.173469387755102 1.7755102040816326 2.4183673469387754 2.7551020408163267 1.3775510204081634 2.510204081632653 2.63265306122449 2.63265306122449 2.1122448979591835 1.316326530612245 1.530612244897959 1.8673469387755102 2.204081632653061 2.510204081632653 1.7448979591836735 2.0510204081632653 2.173469387755102 2.2653061224489797 2.142857142857143 3.0 1.989795918367347 2.2653061224489797 1.5918367346938775 2.938775510204082 2.479591836734694 1.836734693877551 2.510204081632653
28 19.488581850959857 1.0612244897959184 1.3673469387755102 0.9591836734693877 0.8979591836734694 1.489795918367347 1.2857142857142858 1.9387755102040816 1.2040816326530612 1.4489795918367347 1.9387755102040816 1.469387755102041 1.2244897959183674 1.6326530612244898 1.4489795918367347 1.183673469387755 1.6122448979591837 1.836734693877551 0.9183673469387755 1.6734693877551021 1.7551020408163265 1.7551020408163265 1.4081632653061225 0.8775510204081632 1.0204081632653061 1.2448979591836735 1.469387755102041 1.6734693877551021 1.163265306122449 1.3673469387755102 1.4489795918367347 1.510204081632653 1.4285714285714286 2.0 1.3265306122448979 1.510204081632653 1.0612244897959184 1.9591836734693877 1.653061224489796 1.2244897959183674 1.6734693877551021
29 144.8264441425922 1.0612244897959184 1.3673469387755102 0.9591836734693877 0.8979591836734694 1.489795918367347 1.2857142857142858 1.9387755102040816 1.2040816326530612 1.4489795918367347 1.9387755102040816 1.469387755102041 1.2244897959183674 1.6326530612244898 1.4489795918367347 1.183673469387755 1.6122448979591837 1.836734693877551 0.9183673469387755 1.6734693877551021 1.7551020408163265 1.7551020408163265 1.4081632653061225 0.8775510204081632 1.0204081632653061 1.2448979591836735 1.469387755102041 1.6734693877551021 1.163265306122449 1.3673469387755102 1.4489795918367347 1.510204081632653 1.4285714285714286 2.0 1.3265306122448979 1.510204081632653 1.0612244897959184 1.9591836734693877 1.653061224489796 1.2244897959183674 1.6734693877551021
30 9.955760130139014 1.0612244897959184 1.3673469387755102 0.9591836734693877 0.8979591836734694 1.489795918367347 1.2857142857142858 1.9387755102040816 1.2040816326530612 1.4489795918367347 1.9387755102040816 1.469387755102041 1.2244897959183674 1.6326530612244898 1.4489795918367347 1.183673469387755 1.6122448979591837 1.836734693877551 0.9183673469387755 1.6734693877551021 1.7551020408163265 1.7551020408163265 1.4081632653061225 0.8775510204081632 1.0204081632653061 1.2448979591836735 1.469387755102041 1.6734693877551021 1.163265306122449 1.3673469387755102 1.4489795918367347 1.510204081632653 1.4285714285714286 2.0 1.3265306122448979 1.510204081632653 1.0612244897959184 1.9591836734693877 1.653061224489796 1.2244897959183674 1.6734693877551021
31 22.678102637158755 1.5918367346938775 2.0510204081632653 1.4387755102040816 1.346938775510204 2.2346938775510203 1.9285714285714286 2.9081632653061225 1.8061224489795917 2.173469387755102 2.9081632653061225 2.204081632653061 1.836734693877551 2.4489795918367347 2.173469387755102 1.7755102040816326 2.4183673469387754 2.7551020408163267 1.3775510204081634 2.510204081632653 2.63265306122449 2.63265306122449 2.1122448979591835 1.316326530612245 1.530612244897959 1.8673469387755102 2.204081632653061 2.510204081632653 1.7448979591836735 2.0510204081632653 2.173469387755102 2.2653061224489797 2.142857142857143 3.0 1.989795918367347 2.2653061224489797 1.5918367346938775 2.938775510204082 2.479591836734694 1.836734693877551 2.510204081632653
32 122.96898220368789 1.0612244897959184 1.3673469387755102 0.9591836734693877 0.8979591836734694 1.489795918367347 1.2857142857142858 1.9387755102040816 1.2040816326530612 1.4489795918367347 1.9387755102040816 1.469387755102041 1.2244897959183674 1.6326530612244898 1.4489795918367347 1.183673469387755 1.6122448979591837 1.836734693877551 0.9183673469387755 1.6734693877551021 1.7551020408163265 1.7551020408163265 1.4081632653061225 0.8775510204081632 1.0204081632653061 1.2448979591836735 1.469387755102041 1.6734693877551021 1.163265306122449 1.3673469387755102 1.4489795918367347 1.510204081632653 1.4285714285714286 2.0 1.3265306122448979 1.510204081632653 1.0612244897959184 1.9591836734693877 1.653061224489796 1.2244897959183674 1.6734693877551021
33 25.824357784973962 1.0612244897959184 1.3673469387755102 0.9591836734693877 0.8979591836734694 1.489795918367347 1.2857142857142858 1.9387755102040816 1.2040816326530612 1.4489795918367347 1.9387755102040816 1.469387755102041 1.2244897959183674 1.6326530612244898 1.4489795918367347 1.183673469387755 1.6122448979591837 1.836734693877551 0.9183673469387755 1.6734693877551021 1.7551020408163265 1.7551020408163265 1.4081632653061225 0.8775510204081632 1.0204081632653061 1.2448979591836735 1.469387755102041 1.6734693877551021 1.163265306122449 1.3673469387755102 1.4489795918367347 1.510204081632653 1.4285714285714286 2.0 1.3265306122448979 1.510204081632653 1.0612244897959184 1.9591836734693877 1.653061224489796 1.2244897959183674 1.6734693877551021
34 7.168249845392703 1.5918367346938775 2.0510204081632653 1.4387755102040816 1.346938775510204 2.2346938775510203 1.9285714285714286 2.9081632653061225 1.8061224489795917 2.173469387755102 2.9081632653061225 2.204081632653061 1.836734693877551 2.4489795918367347 2.173469387755102 1.7755102040816326 2.4183673469387754 2.7551020408163267 1.3775510204081634 2.510204081632653 2.63265306122449 2.63265306122449 2.1122448979591835 1.316326530612245 1.530612244897959 1.8673469387755102 2.204081632653061 2.510204081632653 1.7448979591836735 2.0510204081632653 2.173469387755102 2.2653061224489797 2.142857142857143 3.0 1.989795918367347 2.2653061224489797 1.5918367346938775 2.938775510204082 2.479591836734694 1.836734693877551 2.510204081632653
35 107.77324484824989 1.0612244897959184 1.3673469387755102 0.9591836734693877 0.8979591836734694 1.489795918367347 1.2857142857142858 1.9387755102040816 1.2040816326530612 1.4489795918367347 1.9387755102040816 1.469387755102041 1.2244897959183674 1.6326530612244898 1.4489795918367347 1.183673469387755 1.6122448979591837 1.836734693877551 0.9183673469387755 1.6734693877551021 1.7551020408163265 1.7551020408163265 1.4081632653061225 0.8775510204081632 1.0204081632653061 1.2448979591836735 1.469387755102041 1.6734693877551021 1.163265306122449 1.3673469387755102 1.4489795918367347 1.510204081632653 1.4285714285714286 2.0 1.3265306122448979 1.510204081632653 1.0612244897959184 1.9591836734693877 1.653061224489796 1.2244897959183674 1.6734693877551021
36 261.4952447968498 1.5918367346938775 2.0510204081632653 1.4387755102040816 1.346938775510204 2.2346938775510203 1.9285714285714286 2.9081632653061225 1.8061224489795917 2.173469387755102 2.9081632653061225 2.204081632653061 1.836734693877551 2.4489795918367347 2.173469387755102 1.7755102040816326 2.4183673469387754 2.7551020408163267 1.3775510204081634 2.510204081632653 2.63265306122449 2.63265306122449 2.1122448979591835 1.316326530612245 1.530612244897959 1.8673469387755102 2.204081632653061 2.510204081632653 1.7448979591836735 2.0510204081632653 2.173469387755102 2.2653061224489797 2.142857142857143 3.0 1.989795918367347 2.2653061224489797 1.5918367346938775 2.938775510204082 2.479591836734694 1.836734693877551 2.510204081632653
37 186.64371415770606 1.0612244897959184 1.3673469387755102 0.9591836734693877 0.8979591836734694 1.489795918367347 1.2857142857142858 1.9387755102040816 1.2040816326530612 1.4489795918367347 1.9387755102040816 1.469387755102041 1.2244897959183674 1.6326530612244898 1.4489795918367347 1.183673469387755 1.6122448979591837 1.836734693877551 0.9183673469387755 1.6734693877551021 1.7551020408163265 1.7551020408163265 1.4081632653061225 0.8775510204081632 1.0204081632653061 1.2448979591836735 1.469387755102041 1.6734693877551021 1.163265306122449 1.3673469387755102 1.4489795918367347 1.510204081632653 1.4285714285714286 2.0 1.3265306122448979 1.510204081632653 1.0612244897959184 1.9591836734693877 1.653061224489796 1.2244897959183674 1.6734693877551021
38 45.281284066900184 1.0612244897959184 1.3673469387755102 0.9591836734693877 0.8979591836734694 1.489795918367347 1.2857142857142858 1.9387755102040816 1.2040816326530612 1.4489795918367347 1.9387755102040816 1.469387755102041 1.2244897959183674 1.6326530612244898 1.4489795918367347 1.183673469387755 1.6122448979591837 1.836734693877551 0.9183673469387755 1.6734693877551021 1.7551020408163265 1.7551020408163265 1.4081632653061225 0.8775510204081632 1.0204081632653061 1.2448979591836735 1.469387755102041 1.6734693877551021 1.163265306122449 1.3673469387755102 1.4489795918367347 1.510204081632653 1.4285714285714286 2.0 1.3265306122448979 1.510204081632653 1.0612244897959184 1.9591836734693877 1.653061224489796 1.2244897959183674 1.6734693877551021
39 19.14419937205651 1.5918367346938775 2.0510204081632653 1.4387755102040816 1.346938775510204 2.2346938775510203 1.9285714285714286 2.9081632653061225 1.8061224489795917 2.173469387755102 2.9081632653061225 2.204081632653061 1.836734693877551 2.4489795918367347 2.173469387755102 1.7755102040816326 2.4183673469387754 2.7551020408163267 1.3775510204081634 2.510204081632653 2.63265306122449 2.63265306122449 2.1122448979591835 1.316326530612245 1.530612244897959 1.8673469387755102 2.204081632653061 2.510204081632653 1.7448979591836735 2.0510204081632653 2.173469387755102 2.2653061224489797 2.142857142857143 3.0 1.989795918367347 2.2653061224489797 1.5918367346938775 2.938775510204082 2.479591836734694 1.836734693877551 2.510204081632653
40 163.92262928314682 1.0612244897959184 1.3673469387755102 0.9591836734693877 0.8979591836734694 1.489795918367347 1.2857142857142858 1.9387755102040816 1.2040816326530612 1.4489795918367347 1.9387755102040816 1.469387755102041 1.2244897959183674 1.6326530612244898 1.4489795918367347 1.183673469387755 1.6122448979591837 1.836734693877551 0.9183673469387755 1.6734693877551021 1.7551020408163265 1.7551020408163265 1.4081632653061225 0.8775510204081632 1.0204081632653061 1.2448979591836735 1.469387755102041 1.6734693877551021 1.163265306122449 1.3673469387755102 1.4489795918367347 1.510204081632653 1.4285714285714286 2.0 1.3265306122448979 1.510204081632653 1.0612244897959184 1.9591836734693877 1.653061224489796 1.2244897959183674 1.6734693877551021
41 72.86958049886623 1.0612244897959184 1.3673469387755102 0.9591836734693877 0.8979591836734694 1.489795918367347 1.2857142857142858 1.9387755102040816 1.2040816326530612 1.4489795918367347 1.9387755102040816 1.469387755102041 1.2244897959183674 1.6326530612244898 1.4489795918367347 1.183673469387755 1.6122448979591837 1.836734693877551 0.9183673469387755 1.6734693877551021 1.7551020408163265 1.7551020408163265 1.4081632653061225 0.8775510204081632 1.0204081632653061 1.2448979591836735 1.469387755102041 1.6734693877551021 1.163265306122449 1.3673469387755102 1.4489795918367347 1.510204081632653 1.4285714285714286 2.0 1.3265306122448979 1.510204081632653 1.0612244897959184 1.9591836734693877 1.653061224489796 1.2244897959183674 1.6734693877551021
42 4.730791438526632 1.0612244897959184 1.3673469387755102 0.9591836734693877 0.8979591836734694 1.489795918367347 1.2857142857142858 1.9387755102040816 1.2040816326530612 1.4489795918367347 1.9387755102040816 1.469387755102041 1.2244897959183674 1.6326530612244898 1.4489795918367347 1.183673469387755 1.6122448979591837 1.836734693877551 0.9183673469387755 1.6734693877551021 1.7551020408163265 1.7551020408163265 1.4081632653061225 0.8775510204081632 1.0204081632653061 1.2448979591836735 1.469387755102041 1.6734693877551021 1.163265306122449 1.3673469387755102 1.4489795918367347 1.510204081632653 1.4285714285714286 2.0 1.3265306122448979 1.510204081632653 1.0612244897959184 1.9591836734693877 1.653061224489796 1.2244897959183674 1.6734693877551021
43 103.8500891047909 1.5918367346938775 2.0510204081632653 1.4387755102040816 1.346938775510204 2.2346938775510203 1.9285714285714286 2.9081632653061225 1.8061224489795917 2.173469387755102 2.9081632653061225 2.204081632653061 1.836734693877551 2.4489795918367347 2.173469387755102 1.7755102040816326 2.4183673469387754 2.7551020408163267 1.3775510204081634 2.510204081632653 2.63265306122449 2.63265306122449 2.1122448979591835 1.316326530612245 1.530612244897959 1.8673469387755102 2.204081632653061 2.510204081632653 1.7448979591836735 2.0510204081632653 2.173469387755102 2.2653061224489797 2.142857142857143 3.0 1.989795918367347 2.2653061224489797 1.5918367346938775 2.938775510204082 2.479591836734694 1.836734693877551 2.510204081632653
44 47.06177700348432 1.0612244897959184 1.3673469387755102 0.9591836734693877 0.8979591836734694 1.489795918367347 1.2857142857142858 1.9387755102040816 1.2040816326530612 1.4489795918367347 1.9387755102040816 1.469387755102041 1.2244897959183674 1.6326530612244898 1.4489795918367347 1.183673469387755 1.6122448979591837 1.836734693877551 0.9183673469387755 1.6734693877551021 1.7551020408163265 1.7551020408163265 1.4081632653061225 0.8775510204081632 1.0204081632653061 1.2448979591836735 1.469387755102041 1.6734693877551021 1.163265306122449 1.3673469387755102 1.4489795918367347 1.510204081632653 1.4285714285714286 2.0 1.3265306122448979 1.510204081632653 1.0612244897959184 1.9591836734693877 1.653061224489796 1.2244897959183674 1.6734693877551021
45 2.5623325470166862 1.0612244897959184 1.3673469387755102 0.9591836734693877 0.8979591836734694 1.489795918367347 1.2857142857142858 1.9387755102040816 1.2040816326530612 1.4489795918367347 1.9387755102040816 1.469387755102041 1.2244897959183674 1.6326530612244898 1.4489795918367347 1.183673469387755 1.6122448979591837 1.836734693877551 0.9183673469387755 1.6734693877551021 1.7551020408163265 1.7551020408163265 1.4081632653061225 0.8775510204081632 1.0204081632653061 1.2448979591836735 1.469387755102041 1.6734693877551021 1.163265306122449 1.3673469387755102 1.4489795918367347 1.510204081632653 1.4285714285714286 2.0 1.3265306122448979 1.510204081632653 1.0612244897959184 1.9591836734693877 1.653061224489796 1.2244897959183674 1.6734693877551021
46 227.29862781274355 1.5918367346938775 2.0510204081632653 1.4387755102040816 1.346938775510204 2.2346938775510203 1.9285714285714286 2.9081632653061225 1.8061224489795917 2.173469387755102 2.9081632653061225 2.204081632653061 1.836734693877551 2.4489795918367347 2.173469387755102 1.7755102040816326 2.4183673469387754 2.7551020408163267 1.3775510204081634 2.510204081632653 2.63265306122449 2.63265306122449 2.1122448979591835 1.316326530612245 1.530612244897959 1.8673469387755102 2.204081632653061 2.510204081632653 1.7448979591836735 2.0510204081632653 2.173469387755102 2.2653061224489797 2.142857142857143 3.0 1.989795918367347 2.2653061224489797 1.5918367346938775 2.938775510204082 2.479591836734694 1.836734693877551 2.510204081632653
47 23.96208291753822 1.5918367346938775 2.0510204081632653 1.4387755102040816 1.346938775510204 2.2346938775510203 1.9285714285714286 2.9081632653061225 1.8061224489795917 2.173469387755102 2.9081632653061225 2.204081632653061 1.836734693877551 2.4489795918367347 2.173469387755102 1.7755102040816326 2.4183673469387754 2.7551020408163267 1.3775510204081634 2.510204081632653 2.63265306122449 2.63265306122449 2.1122448979591835 1.316326530612245 1.530612244897959 1.8673469387755102 2.204081632653061 2.510204081632653 1.7448979591836735 2.0510204081632653 2.173469387755102 2.2653061224489797 2.142857142857143 3.0 1.989795918367347 2.2653061224489797 1.5918367346938775 2.938775510204082 2.479591836734694 1.836734693877551 2.510204081632653
48 170.3114388881371 1.0612244897959184 1.3673469387755102 0.9591836734693877 0.8979591836734694 1.489795918367347 1.2857142857142858 1.9387755102040816 1.2040816326530612 1.4489795918367347 1.9387755102040816 1.469387755102041 1.2244897959183674 1.6326530612244898 1.4489795918367347 1.183673469387755 1.6122448979591837 1.836734693877551 0.9183673469387755 1.6734693877551021 1.7551020408163265 1.7551020408163265 1.4081632653061225 0.8775510204081632 1.0204081632653061 1.2448979591836735 1.469387755102041 1.6734693877551021 1.163265306122449 1.3673469387755102 1.4489795918367347 1.510204081632653 1.4285714285714286 2.0 1.3265306122448979 1.510204081632653 1.0612244897959184 1.9591836734693877 1.653061224489796 1.2244897959183674 1.6734693877551021
49 83.21860550021965 1.0612244897959184 1.3673469387755102 0.9591836734693877 0.8979591836734694 1.489795918367347 1.2857142857142858 1.9387755102040816 1.2040816326530612 1.4489795918367347 1.9387755102040816 1.469387755102041 1.2244897959183674 1.6326530612244898 1.4489795918367347 1.183673469387755 1.6122448979591837 1.836734693877551 0.9183673469387755 1.6734693877551021 1.7551020408163265 1.7551020408163265 1.4081632653061225 0.8775510204081632 1.0204081632653061 1.2448979591836735 1.469387755102041 1.6734693877551021 1.163265306122449 1.3673469387755102 1.4489795918367347 1.510204081632653 1.4285714285714286 2.0 1.3265306122448979 1.510204081632653 1.0612244897959184 1.9591836734693877 1.653061224489796 1.2244897959183674 1.6734693877551021
50 32.05849413844766 1.0612244897959184 1.3673469387755102 0.9591836734693877 0.8979591836734694 1.489795918367347 1.2857142857142858 1.9387755102040816 1.2040816326530612 1.4489795918367347 1.9387755102040816 1.469387755102041 1.2244897959183674 1.6326530612244898 1.4489795918367347 1.183673469387755 1.6122448979591837 1.836734693877551 0.9183673469387755 1.6734693877551021 1.7551020408163265 1.7551020408163265 1.4081632653061225 0.8775510204081632 1.0204081632653061 1.2448979591836735 1.469387755102041 1.6734693877551021 1.163265306122449 1.3673469387755102 1.4489795918367347 1.510204081632653 1.4285714285714286 2.0 1.3265306122448979 1.510204081632653 1.0612244897959184 1.9591836734693877 1.653061224489796 1.2244897959183674 1.6734693877551021
51 28.888635585612572 1.5918367346938775 2.0510204081632653 1.4387755102040816 1.346938775510204 2.2346938775510203 1.9285714285714286 2.9081632653061225 1.8061224489795917 2.173469387755102 2.9081632653061225 2.204081632653061 1.836734693877551 2.4489795918367347 2.173469387755102 1.7755102040816326 2.4183673469387754 2.7551020408163267 1.3775510204081634 2.510204081632653 2.63265306122449 2.63265306122449 2.1122448979591835 1.316326530612245 1.530612244897959 1.8673469387755102 2.204081632653061 2.510204081632653 1.7448979591836735 2.0510204081632653 2.173469387755102 2.2653061224489797 2.142857142857143 3.0 1.989795918367347 2.2653061224489797 1.5918367346938775 2.938775510204082 2.479591836734694 1.836734693877551 2.510204081632653
52 3.267154694303704 1.0612244897959184 1.3673469387755102 0.9591836734693877 0.8979591836734694 1.489795918367347 1.2857142857142858 1.9387755102040816 1.2040816326530612 1.4489795918367347 1.9387755102040816 1.469387755102041 1.2244897959183674 1.6326530612244898 1.4489795918367347 1.183673469387755 1.6122448979591837 1.836734693877551 0.9183673469387755 1.6734693877551021 1.7551020408163265 1.7551020408163265 1.4081632653061225 0.8775510204081632 1.0204081632653061 1.2448979591836735 1.469387755102041 1.6734693877551021 1.163265306122449 1.3673469387755102 1.4489795918367347 1.510204081632653 1.4285714285714286 2.0 1.3265306122448979 1.510204081632653 1.0612244897959184 1.9591836734693877 1.653061224489796 1.2244897959183674 1.6734693877551021
53 2.4937641723355988 1.0612244897959184 1.3673469387755102 0.9591836734693877 0.8979591836734694 1.489795918367347 1.2857142857142858 1.9387755102040816 1.2040816326530612 1.4489795918367347 1.9387755102040816 1.469387755102041 1.2244897959183674 1.6326530612244898 1.4489795918367347 1.183673469387755 1.6122448979591837 1.836734693877551 0.9183673469387755 1.6734693877551021 1.7551020408163265 1.7551020408163265 1.4081632653061225 0.8775510204081632 1.0204081632653061 1.2448979591836735 1.469387755102041 1.6734693877551021 1.163265306122449 1.3673469387755102 1.4489795918367347 1.510204081632653 1.4285714285714286 2.0 1.3265306122448979 1.510204081632653 1.0612244897959184 1.9591836734693877 1.653061224489796 1.2244897959183674 1.6734693877551021
54 226.79751488453644 1.5918367346938775 2.0510204081632653 1.4387755102040816 1.346938775510204 2.2346938775510203 1.9285714285714286 2.9081632653061225 1.8061224489795917 2.173469387755102 2.9081632653061225 2.204081632653061 1.836734693877551 2.4489795918367347 2.173469387755102 1.7755102040816326 2.4183673469387754 2.7551020408163267 1.3775510204081634 2.510204081632653 2.63265306122449 2.63265306122449 2.1122448979591835 1.316326530612245 1.530612244897959 1.8673469387755102 2.204081632653061 2.510204081632653 1.7448979591836735 2.0510204081632653 2.173469387755102 2.2653061224489797 2.142857142857143 3.0 1.989795918367347 2.2653061224489797 1.5918367346938775 2.938775510204082 2.479591836734694 1.836734693877551 2.510204081632653
55 63.0 1.0612244897959184 1.3673469387755102 0.9591836734693877 0.8979591836734694 1.489795918367347 1.2857142857142858 1.9387755102040816 1.2040816326530612 1.4489795918367347 1.9387755102040816 1.469387755102041 1.2244897959183674 1.6326530612244898 1.4489795918367347 1.183673469387755 1.6122448979591837 1.836734693877551 0.9183673469387755 1.6734693877551021 1.7551020408163265 1.7551020408163265 1.4081632653061225 0.8775510204081632 1.0204081632653061 1.2448979591836735 1.469387755102041 1.6734693877551021 1.163265306122449 1.3673469387755102 1.4489795918367347 1.510204081632653 1.4285714285714286 2.0 1.3265306122448979 1.510204081632653 1.0612244897959184 1.9591836734693877 1.653061224489796 1.2244897959183674 1.6734693877551021
56 16.806782340265293 1.0612244897959184 1.3673469387755102 0.9591836734693877 0.8979591836734694 1.489795918367347 1.2857142857142858 1.9387755102040816 1.2040816326530612 1.4489795918367347 1.9387755102040816 1.469387755102041 1.2244897959183674 1.6326530612244898 1.4489795918367347 1.183673469387755 1.6122448979591837 1.836734693877551 0.9183673469387755 1.6734693877551021 1.7551020408163265 1.7551020408163265 1.4081632653061225 0.8775510204081632 1.0204081632653061 1.2448979591836735 1.469387755102041 1.6734693877551021 1.163265306122449 1.3673469387755102 1.4489795918367347 1.510204081632653 1.4285714285714286 2.0 1.3265306122448979 1.510204081632653 1.0612244897959184 1.9591836734693877 1.653061224489796 1.2244897959183674 1.6734693877551021
57 6.962028447742734 1.5918367346938775 2.0510204081632653 1.4387755102040816 1.346938775510204 2.2346938775510203 1.9285714285714286 2.9081632653061225 1.8061224489795917 2.173469387755102 2.9081632653061225 2.204081632653061 1.836734693877551 2.4489795918367347 2.173469387755102 1.7755102040816326 2.4183673469387754 2.7551020408163267 1.3775510204081634 2.510204081632653 2.63265306122449 2.63265306122449 2.1122448979591835 1.316326530612245 1.530612244897959 1.8673469387755102 2.204081632653061 2.510204081632653 1.7448979591836735 2.0510204081632653 2.173469387755102 2.2653061224489797 2.142857142857143 3.0 1.989795918367347 2.2653061224489797 1.5918367346938775 2.938775510204082 2.479591836734694 1.836734693877551 2.510204081632653
58 15.49010134173617 1.0612244897959184 1.3673469387755102 0.9591836734693877 0.8979591836734694 1.489795918367347 1.2857142857142858 1.9387755102040816 1.2040816326530612 1.4489795918367347 1.9387755102040816 1.469387755102041 1.2244897959183674 1.6326530612244898 1.4489795918367347 1.183673469387755 1.6122448979591837 1.836734693877551 0.9183673469387755 1.6734693877551021 1.7551020408163265 1.7551020408163265 1.4081632653061225 0.8775510204081632 1.0204081632653061 1.2448979591836735 1.469387755102041 1.6734693877551021 1.163265306122449 1.3673469387755102 1.4489795918367347 1.510204081632653 1.4285714285714286 2.0 1.3265306122448979 1.510204081632653 1.0612244897959184 1.9591836734693877 1.653061224489796 1.2244897959183674 1.6734693877551021
59 66.18094126303754 1.5918367346938775 2.0510204081632653 1.4387755102040816 1.346938775510204 2.2346938775510203 1.9285714285714286 2.9081632653061225 1.8061224489795917 2.173469387755102 2.9081632653061225 2.204081632653061 1.836734693877551 2.4489795918367347 2.173469387755102 1.7755102040816326 2.4183673469387754 2.7551020408163267 1.3775510204081634 2.510204081632653 2.63265306122449 2.63265306122449 2.1122448979591835 1.316326530612245 1.530612244897959 1.8673469387755102 2.204081632653061 2.510204081632653 1.7448979591836735 2.0510204081632653 2.173469387755102 2.2653061224489797 2.142857142857143 3.0 1.989795918367347 2.2653061224489797 1.5918367346938775 2.938775510204082 2.479591836734694 1.836734693877551 2.510204081632653
60 302.9987789608596 1.0612244897959184 1.3673469387755102 0.9591836734693877 0.8979591836734694 1.489795918367347 1.2857142857142858 1.9387755102040816 1.2040816326530612 1.4489795918367347 1.9387755102040816 1.469387755102041 1.2244897959183674 1.6326530612244898 1.4489795918367347 1.183673469387755 1.6122448979591837 1.836734693877551 0.9183673469387755 1.6734693877551021 1.7551020408163265 1.7551020408163265 1.4081632653061225 0.8775510204081632 1.0204081632653061 1.2448979591836735 1.469387755102041 1.6734693877551021 1.163265306122449 1.3673469387755102 1.4489795918367347 1.510204081632653 1.4285714285714286 2.0 1.3265306122448979 1.510204081632653 1.0612244897959184 1.9591836734693877 1.653061224489796 1.2244897959183674 1.6734693877551021
61 54.603390818843245 1.5918367346938775 2.0510204081632653 1.4387755102040816 1.346938775510204 2.2346938775510203 1.9285714285714286 2.9081632653061225 1.8061224489795917 2.173469387755102 2.9081632653061225 2.204081632653061 1.836734693877551 2.4489795918367347 2.173469387755102 1.7755102040816326 2.4183673469387754 2.7551020408163267 1.3775510204081634 2.510204081632653 2.63265306122449 2.63265306122449 2.1122448979591835 1.316326530612245 1.530612244897959 1.8673469387755102 2.204081632653061 2.510204081632653 1.7448979591836735 2.0510204081632653 2.173469387755102 2.2653061224489797 2.142857142857143 3.0 1.989795918367347 2.2653061224489797 1.5918367346938775 2.938775510204082 2.479591836734694 1.836734693877551 2.510204081632653
62 9.577968245577585 1.5918367346938775 2.0510204081632653 1.4387755102040816 1.346938775510204 2.2346938775510203 1.9285714285714286 2.9081632653061225 1.8061224489795917 2.173469387755102 2.9081632653061225 2.204081632653061 1.836734693877551 2.4489795918367347 2.173469387755102 1.7755102040816326 2.4183673469387754 2.7551020408163267 1.3775510204081634 2.510204081632653 2.63265306122449 2.63265306122449 2.1122448979591835 1.316326530612245 1.530612244897959 1.8673469387755102 2.204081632653061 2.510204081632653 1.7448979591836735 2.0510204081632653 2.173469387755102 2.2653061224489797 2.142857142857143 3.0 1.989795918367347 2.2653061224489797 1.5918367346938775 2.938775510204082 2.479591836734694 1.836734693877551 2.510204081632653
63 10.14594928880643 1.5918367346938775 2.0510204081632653 1.4387755102040816 1.346938775510204 2.2346938775510203 1.9285714285714286 2.9081632653061225 1.8061224489795917 2.173469387755102 2.9081632653061225 2.204081632653061 1.836734693877551 2.4489795918367347 2.173469387755102 1.7755102040816326 2.4183673469387754 2.7551020408163267 1.3775510204081634 2.510204081632653 2.63265306122449 2.63265306122449 2.1122448979591835 1.316326530612245 1.530612244897959 1.8673469387755102 2.204081632653061 2.510204081632653 1.7448979591836735 2.0510204081632653 2.173469387755102 2.2653061224489797 2.142857142857143 3.0 1.989795918367347 2.2653061224489797 1.5918367346938775 2.938775510204082 2.479591836734694 1.836734693877551 2.510204081632653
64 78.5148035281535 1.5918367346938775 2.0510204081632653 1.4387755102040816 1.346938775510204 2.2346938775510203 1.9285714285714286 2.9081632653061225 1.8061224489795917 2.173469387755102 2.9081632653061225 2.204081632653061 1.836734693877551 2.4489795918367347 2.173469387755102 1.7755102040816326 2.4183673469387754 2.7551020408163267 1.3775510204081634 2.510204081632653 2.63265306122449 2.63265306122449 2.1122448979591835 1.316326530612245 1.530612244897959 1.8673469387755102 2.204081632653061 2.510204081632653 1.7448979591836735 2.0510204081632653 2.173469387755102 2.2653061224489797 2.142857142857143 3.0 1.989795918367347 2.2653061224489797 1.5918367346938775 2.938775510204082 2.479591836734694 1.836734693877551 2.510204081632653
65 16.01000159261028 1.5918367346938775 2.0510204081632653 1.4387755102040816 1.346938775510204 2.2346938775510203 1.9285714285714286 2.9081632653061225 1.8061224489795917 2.173469387755102 2.9081632653061225 2.204081632653061 1.836734693877551 2.4489795918367347 2.173469387755102 1.7755102040816326 2.4183673469387754 2.7551020408163267 1.3775510204081634 2.510204081632653 2.63265306122449 2.63265306122449 2.1122448979591835 1.316326530612245 1.530612244897959 1.8673469387755102 2.204081632653061 2.510204081632653 1.7448979591836735 2.0510204081632653 2.173469387755102 2.2653061224489797 2.142857142857143 3.0 1.989795918367347 2.2653061224489797 1.5918367346938775 2.938775510204082 2.479591836734694 1.836734693877551 2.510204081632653
66 162.62842379612562 1.0612244897959184 1.3673469387755102 0.9591836734693877 0.8979591836734694 1.489795918367347 1.2857142857142858 1.9387755102040816 1.2040816326530612 1.4489795918367347 1.9387755102040816 1.469387755102041 1.2244897959183674 1.6326530612244898 1.4489795918367347 1.183673469387755 1.6122448979591837 1.836734693877551 0.9183673469387755 1.6734693877551021 1.7551020408163265 1.7551020408163265 1.4081632653061225 0.8775510204081632 1.0204081632653061 1.2448979591836735 1.469387755102041 1.6734693877551021 1.163265306122449 1.3673469387755102 1.4489795918367347 1.510204081632653 1.4285714285714286 2.0 1.3265306122448979 1.510204081632653 1.0612244897959184 1.9591836734693877 1.653061224489796 1.2244897959183674 1.6734693877551021
67 23.64490948921941 1.0612244897959184 1.3673469387755102 0.9591836734693877 0.8979591836734694 1.489795918367347 1.2857142857142858 1.9387755102040816 1.2040816326530612 1.4489795918367347 1.9387755102040816 1.469387755102041 1.2244897959183674 1.6326530612244898 1.4489795918367347 1.183673469387755 1.6122448979591837 1.836734693877551 0.9183673469387755 1.6734693877551021 1.7551020408163265 1.7551020408163265 1.4081632653061225 0.8775510204081632 1.0204081632653061 1.2448979591836735 1.469387755102041 1.6734693877551021 1.163265306122449 1.3673469387755102 1.4489795918367347 1.510204081632653 1.4285714285714286 2.0 1.3265306122448979 1.510204081632653 1.0612244897959184 1.9591836734693877 1.653061224489796 1.2244897959183674 1.6734693877551021
68 19.047902494331062 1.0612244897959184 1.3673469387755102 0.9591836734693877 0.8979591836734694 1.489795918367347 1.2857142857142858 1.9387755102040816 1.2040816326530612 1.4489795918367347 1.9387755102040816 1.469387755102041 1.2244897959183674 1.6326530612244898 1.4489795918367347 1.183673469387755 1.6122448979591837 1.836734693877551 0.9183673469387755 1.6734693877551021 1.7551020408163265 1.7551020408163265 1.4081632653061225 0.8775510204081632 1.0204081632653061 1.2448979591836735 1.469387755102041 1.6734693877551021 1.163265306122449 1.3673469387755102 1.4489795918367347 1.510204081632653 1.4285714285714286 2.0 1.3265306122448979 1.510204081632653 1.0612244897959184 1.9591836734693877 1.653061224489796 1.2244897959183674 1.6734693877551021
69 71.70653456043713 1.0612244897959184 1.3673469387755102 0.9591836734693877 0.8979591836734694 1.489795918367347 1.2857142857142858 1.9387755102040816 1.2040816326530612 1.4489795918367347 1.9387755102040816 1.469387755102041 1.2244897959183674 1.6326530612244898 1.4489795918367347 1.183673469387755 1.6122448979591837 1.836734693877551 0.9183673469387755 1.6734693877551021 1.7551020408163265 1.7551020408163265 1.4081632653061225 0.8775510204081632 1.0204081632653061 1.2448979591836735 1.469387755102041 1.6734693877551021 1.163265306122449 1.3673469387755102 1.4489795918367347 1.510204081632653 1.4285714285714286 2.0 1.3265306122448979 1.510204081632653 1.0612244897959184 1.9591836734693877 1.653061224489796 1.2244897959183674 1.6734693877551021
70 86.1361932415987 1.5918367346938775 2.0510204081632653 1.4387755102040816 1.346938775510204 2.2346938775510203 1.9285714285714286 2.9081632653061225 1.8061224489795917 2.173469387755102 2.9081632653061225 2.204081632653061 1.836734693877551 2.4489795918367347 2.173469387755102 1.7755102040816326 2.4183673469387754 2.7551020408163267 1.3775510204081634 2.510204081632653 2.63265306122449 2.63265306122449 2.1122448979591835 1.316326530612245 1.530612244897959 1.8673469387755102 2.204081632653061 2.510204081632653 1.7448979591836735 2.0510204081632653 2.173469387755102 2.2653061224489797 2.142857142857143 3.0 1.989795918367347 2.2653061224489797 1.5918367346938775 2.938775510204082 2.479591836734694 1.836734693877551 2.510204081632653
71 121.99681818181824 1.5918367346938775 2.0510204081632653 1.4387755102040816 1.346938775510204 2.2346938775510203 1.9285714285714286 2.9081632653061225 1.8061224489795917 2.173469387755102 2.9081632653061225 2.204081632653061 1.836734693877551 2.4489795918367347 2.173469387755102 1.7755102040816326 2.4183673469387754 2.7551020408163267 1.3775510204081634 2.510204081632653 2.63265306122449 2.63265306122449 2.1122448979591835 1.316326530612245 1.530612244897959 1.8673469387755102 2.204081632653061 2.510204081632653 1.7448979591836735 2.0510204081632653 2.173469387755102 2.2653061224489797 2.142857142857143 3.0 1.989795918367347 2.2653061224489797 1.5918367346938775 2.938775510204082 2.479591836734694 1.836734693877551 2.510204081632653
72 72.06907752050488 1.0612244897959184 1.3673469387755102 0.9591836734693877 0.8979591836734694 1.489795918367347 1.2857142857142858 1.9387755102040816 1.2040816326530612 1.4489795918367347 1.9387755102040816 1.469387755102041 1.2244897959183674 1.6326530612244898 1.4489795918367347 1.183673469387755 1.6122448979591837 1.836734693877551 0.9183673469387755 1.6734693877551021 1.7551020408163265 1.7551020408163265 1.4081632653061225 0.8775510204081632 1.0204081632653061 1.2448979591836735 1.469387755102041 1.6734693877551021 1.163265306122449 1.3673469387755102 1.4489795918367347 1.510204081632653 1.4285714285714286 2.0 1.3265306122448979 1.510204081632653 1.0612244897959184 1.9591836734693877 1.653061224489796 1.2244897959183674 1.6734693877551021
73 107.95745433930048 1.0612244897959184 1.3673469387755102 0.9591836734693877 0.8979591836734694 1.489795918367347 1.2857142857142858 1.9387755102040816 1.2040816326530612 1.4489795918367347 1.9387755102040816 1.469387755102041 1.2244897959183674 1.6326530612244898 1.4489795918367347 1.183673469387755 1.6122448979591837 1.836734693877551 0.9183673469387755 1.6734693877551021 1.7551020408163265 1.7551020408163265 1.4081632653061225 0.8775510204081632 1.0204081632653061 1.2448979591836735 1.469387755102041 1.6734693877551021 1.163265306122449 1.3673469387755102 1.4489795918367347 1.510204081632653 1.4285714285714286 2.0 1.3265306122448979 1.510204081632653 1.0612244897959184 1.9591836734693877 1.653061224489796 1.2244897959183674 1.6734693877551021
74 227.44888939557524 1.5918367346938775 2.0510204081632653 1.4387755102040816 1.346938775510204 2.2346938775510203 1.9285714285714286 2.9081632653061225 1.8061224489795917 2.173469387755102 2.9081632653061225 2.204081632653061 1.836734693877551 2.4489795918367347 2.173469387755102 1.7755102040816326 2.4183673469387754 2.7551020408163267 1.3775510204081634 2.510204081632653 2.63265306122449 2.63265306122449 2.1122448979591835 1.316326530612245 1.530612244897959 1.8673469387755102 2.204081632653061 2.510204081632653 1.7448979591836735 2.0510204081632653 2.173469387755102 2.2653061224489797 2.142857142857143 3.0 1.989795918367347 2.2653061224489797 1.5918367346938775 2.938775510204082 2.479591836734694 1.836734693877551 2.510204081632653
75 33.163002473716745 1.5918367346938775 2.0510204081632653 1.4387755102040816 1.346938775510204 2.2346938775510203 1.9285714285714286 2.9081632653061225 1.8061224489795917 2.173469387755102 2.9081632653061225 2.204081632653061 1.836734693877551 2.4489795918367347 2.173469387755102 1.7755102040816326 2.4183673469387754 2.7551020408163267 1.3775510204081634 2.510204081632653 2.63265306122449 2.63265306122449 2.1122448979591835 1.316326530612245 1.530612244897959 1.8673469387755102 2.204081632653061 2.510204081632653 1.7448979591836735 2.0510204081632653 2.173469387755102 2.2653061224489797 2.142857142857143 3.0 1.989795918367347 2.2653061224489797 1.5918367346938775 2.938775510204082 2.479591836734694 1.836734693877551 2.510204081632653
76 66.0027844386468 1.0612244897959184 1.3673469387755102 0.9591836734693877 0.8979591836734694 1.489795918367347 1.2857142857142858 1.9387755102040816 1.2040816326530612 1.4489795918367347 1.9387755102040816 1.469387755102041 1.2244897959183674 1.6326530612244898 1.4489795918367347 1.183673469387755 1.6122448979591837 1.836734693877551 0.9183673469387755 1.6734693877551021 1.7551020408163265 1.7551020408163265 1.4081632653061225 0.8775510204081632 1.0204081632653061 1.2448979591836735 1.469387755102041 1.6734693877551021 1.163265306122449 1.3673469387755102 1.4489795918367347 1.510204081632653 1.4285714285714286 2.0 1.3265306122448979 1.510204081632653 1.0612244897959184 1.9591836734693877 1.653061224489796 1.2244897959183674 1.6734693877551021
77 32.06892967838022 1.5918367346938775 2.0510204081632653 1.4387755102040816 1.346938775510204 2.2346938775510203 1.9285714285714286 2.9081632653061225 1.8061224489795917 2.173469387755102 2.9081632653061225 2.204081632653061 1.836734693877551 2.4489795918367347 2.173469387755102 1.7755102040816326 2.4183673469387754 2.7551020408163267 1.3775510204081634 2.510204081632653 2.63265306122449 2.63265306122449 2.1122448979591835 1.316326530612245 1.530612244897959 1.8673469387755102 2.204081632653061 2.510204081632653 1.7448979591836735 2.0510204081632653 2.173469387755102 2.2653061224489797 2.142857142857143 3.0 1.989795918367347 2.2653061224489797 1.5918367346938775 2.938775510204082 2.479591836734694 1.836734693877551 2.510204081632653
78 66.91055110292456 1.0612244897959184 1.3673469387755102 0.9591836734693877 0.8979591836734694 1.489795918367347 1.2857142857142858 1.9387755102040816 1.2040816326530612 1.4489795918367347 1.9387755102040816 1.469387755102041 1.2244897959183674 1.6326530612244898 1.4489795918367347 1.183673469387755 1.6122448979591837 1.836734693877551 0.9183673469387755 1.6734693877551021 1.7551020408163265 1.7551020408163265 1.4081632653061225 0.8775510204081632 1.0204081632653061 1.2448979591836735 1.469387755102041 1.6734693877551021 1.163265306122449 1.3673469387755102 1.4489795918367347 1.510204081632653 1.4285714285714286 2.0 1.3265306122448979 1.510204081632653 1.0612244897959184 1.9591836734693877 1.653061224489796 1.2244897959183674 1.6734693877551021
79 23.396209556993526 1.5918367346938775 2.0510204081632653 1.4387755102040816 1.346938775510204 2.2346938775510203 1.9285714285714286 2.9081632653061225 1.8061224489795917 2.173469387755102 2.9081632653061225 2.204081632653061 1.836734693877551 2.4489795918367347 2.173469387755102 1.7755102040816326 2.4183673469387754 2.7551020408163267 1.3775510204081634 2.510204081632653 2.63265306122449 2.63265306122449 2.1122448979591835 1.316326530612245 1.530612244897959 1.8673469387755102 2.204081632653061 2.510204081632653 1.7448979591836735 2.0510204081632653 2.173469387755102 2.2653061224489797 2.142857142857143 3.0 1.989795918367347 2.2653061224489797 1.5918367346938775 2.938775510204082 2.479591836734694 1.836734693877551 2.510204081632653
80 84.2631650512628 1.5918367346938775 2.0510204081632653 1.4387755102040816 1.346938775510204 2.2346938775510203 1.9285714285714286 2.9081632653061225 1.8061224489795917 2.173469387755102 2.9081632653061225 2.204081632653061 1.836734693877551 2.4489795918367347 2.173469387755102 1.7755102040816326 2.4183673469387754 2.7551020408163267 1.3775510204081634 2.510204081632653 2.63265306122449 2.63265306122449 2.1122448979591835 1.316326530612245 1.530612244897959 1.8673469387755102 2.204081632653061 2.510204081632653 1.7448979591836735 2.0510204081632653 2.173469387755102 2.2653061224489797 2.142857142857143 3.0 1.989795918367347 2.2653061224489797 1.5918367346938775 2.938775510204082 2.479591836734694 1.836734693877551 2.510204081632653
81 38.55925550463324 1.5918367346938775 2.0510204081632653 1.4387755102040816 1.346938775510204 2.2346938775510203 1.9285714285714286 2.9081632653061225 1.8061224489795917 2.173469387755102 2.9081632653061225 2.204081632653061 1.836734693877551 2.4489795918367347 2.173469387755102 1.7755102040816326 2.4183673469387754 2.7551020408163267 1.3775510204081634 2.510204081632653 2.63265306122449 2.63265306122449 2.1122448979591835 1.316326530612245 1.530612244897959 1.8673469387755102 2.204081632653061 2.510204081632653 1.7448979591836735 2.0510204081632653 2.173469387755102 2.2653061224489797 2.142857142857143 3.0 1.989795918367347 2.2653061224489797 1.5918367346938775 2.938775510204082 2.479591836734694 1.836734693877551 2.510204081632653
82 99.40864089326827 1.0612244897959184 1.3673469387755102 0.9591836734693877 0.8979591836734694 1.489795918367347 1.2857142857142858 1.9387755102040816 1.2040816326530612 1.4489795918367347 1.9387755102040816 1.469387755102041 1.2244897959183674 1.6326530612244898 1.4489795918367347 1.183673469387755 1.6122448979591837 1.836734693877551 0.9183673469387755 1.6734693877551021 1.7551020408163265 1.7551020408163265 1.4081632653061225 0.8775510204081632 1.0204081632653061 1.2448979591836735 1.469387755102041 1.6734693877551021 1.163265306122449 1.3673469387755102 1.4489795918367347 1.510204081632653 1.4285714285714286 2.0 1.3265306122448979 1.510204081632653 1.0612244897959184 1.9591836734693877 1.653061224489796 1.2244897959183674 1.6734693877551021
83 10.752093584890018 1.5918367346938775 2.0510204081632653 1.4387755102040816 1.346938775510204 2.2346938775510203 1.9285714285714286 2.9081632653061225 1.8061224489795917 2.173469387755102 2.9081632653061225 2.204081632653061 1.836734693877551 2.4489795918367347 2.173469387755102 1.7755102040816326 2.4183673469387754 2.7551020408163267 1.3775510204081634 2.510204081632653 2.63265306122449 2.63265306122449 2.1122448979591835 1.316326530612245 1.530612244897959 1.8673469387755102 2.204081632653061 2.510204081632653 1.7448979591836735 2.0510204081632653 2.173469387755102 2.2653061224489797 2.142857142857143 3.0 1.989795918367347 2.2653061224489797 1.5918367346938775 2.938775510204082 2.479591836734694 1.836734693877551 2.510204081632653
84 282.3568316325588 1.5918367346938775 2.0510204081632653 1.4387755102040816 1.346938775510204 2.2346938775510203 1.9285714285714286 2.9081632653061225 1.8061224489795917 2.173469387755102 2.9081632653061225 2.204081632653061 1.836734693877551 2.4489795918367347 2.173469387755102 1.7755102040816326 2.4183673469387754 2.7551020408163267 1.3775510204081634 2.510204081632653 2.63265306122449 2.63265306122449 2.1122448979591835 1.316326530612245 1.530612244897959 1.8673469387755102 2.204081632653061 2.510204081632653 1.7448979591836735 2.0510204081632653 2.173469387755102 2.2653061224489797 2.142857142857143 3.0 1.989795918367347 2.2653061224489797 1.5918367346938775 2.938775510204082 2.479591836734694 1.836734693877551 2.510204081632653
85 25.746577145204142 1.0612244897959184 1.3673469387755102 0.9591836734693877 0.8979591836734694 1.489795918367347 1.2857142857142858 1.9387755102040816 1.2040816326530612 1.4489795918367347 1.9387755102040816 1.469387755102041 1.2244897959183674 1.6326530612244898 1.4489795918367347 1.183673469387755 1.6122448979591837 1.836734693877551 0.9183673469387755 1.6734693877551021 1.7551020408163265 1.7551020408163265 1.4081632653061225 0.8775510204081632 1.0204081632653061 1.2448979591836735 1.469387755102041 1.6734693877551021 1.163265306122449 1.3673469387755102 1.4489795918367347 1.510204081632653 1.4285714285714286 2.0 1.3265306122448979 1.510204081632653 1.0612244897959184 1.9591836734693877 1.653061224489796 1.2244897959183674 1.6734693877551021
86 124.76540850790079 1.0612244897959184 1.3673469387755102 0.9591836734693877 0.8979591836734694 1.489795918367347 1.2857142857142858 1.9387755102040816 1.2040816326530612 1.4489795918367347 1.9387755102040816 1.469387755102041 1.2244897959183674 1.6326530612244898 1.4489795918367347 1.183673469387755 1.6122448979591837 1.836734693877551 0.9183673469387755 1.6734693877551021 1.7551020408163265 1.7551020408163265 1.4081632653061225 0.8775510204081632 1.0204081632653061 1.2448979591836735 1.469387755102041 1.6734693877551021 1.163265306122449 1.3673469387755102 1.4489795918367347 1.510204081632653 1.4285714285714286 2.0 1.3265306122448979 1.510204081632653 1.0612244897959184 1.9591836734693877 1.653061224489796 1.2244897959183674 1.6734693877551021
87 37.72247197394331 1.5918367346938775 2.0510204081632653 1.4387755102040816 1.346938775510204 2.2346938775510203 1.9285714285714286 2.9081632653061225 1.8061224489795917 2.173469387755102 2.9081632653061225 2.204081632653061 1.836734693877551 2.4489795918367347 2.173469387755102 1.7755102040816326 2.4183673469387754 2.7551020408163267 1.3775510204081634 2.510204081632653 2.63265306122449 2.63265306122449 2.1122448979591835 1.316326530612245 1.530612244897959 1.8673469387755102 2.204081632653061 2.510204081632653 1.7448979591836735 2.0510204081632653 2.173469387755102 2.2653061224489797 2.142857142857143 3.0 1.989795918367347 2.2653061224489797 1.5918367346938775 2.938775510204082 2.479591836734694 1.836734693877551 2.510204081632653
88 65.47672933127473 1.5918367346938775 2.0510204081632653 1.4387755102040816 1.346938775510204 2.2346938775510203 1.9285714285714286 2.9081632653061225 1.8061224489795917 2.173469387755102 2.9081632653061225 2.204081632653061 1.836734693877551 2.4489795918367347 2.173469387755102 1.7755102040816326 2.4183673469387754 2.7551020408163267 1.3775510204081634 2.510204081632653 2.63265306122449 2.63265306122449 2.1122448979591835 1.316326530612245 1.530612244897959 1.8673469387755102 2.204081632653061 2.510204081632653 1.7448979591836735 2.0510204081632653 2.173469387755102 2.2653061224489797 2.142857142857143 3.0 1.989795918367347 2.2653061224489797 1.5918367346938775 2.938775510204082 2.479591836734694 1.836734693877551 2.510204081632653
89 237.2727653989389 1.5918367346938775 2.0510204081632653 1.4387755102040816 1.346938775510204 2.2346938775510203 1.9285714285714286 2.9081632653061225 1.8061224489795917 2.173469387755102 2.9081632653061225 2.204081632653061 1.836734693877551 2.4489795918367347 2.173469387755102 1.7755102040816326 2.4183673469387754 2.7551020408163267 1.3775510204081634 2.510204081632653 2.63265306122449 2.63265306122449 2.1122448979591835 1.316326530612245 1.530612244897959 1.8673469387755102 2.204081632653061 2.510204081632653 1.7448979591836735 2.0510204081632653 2.173469387755102 2.2653061224489797 2.142857142857143 3.0 1.989795918367347 2.2653061224489797 1.5918367346938775 2.938775510204082 2.479591836734694 1.836734693877551 2.510204081632653
90 43.976480213626935 1.5918367346938775 2.0510204081632653 1.4387755102040816 1.346938775510204 2.2346938775510203 1.9285714285714286 2.9081632653061225 1.8061224489795917 2.173469387755102 2.9081632653061225 2.204081632653061 1.836734693877551 2.4489795918367347 2.173469387755102 1.7755102040816326 2.4183673469387754 2.7551020408163267 1.3775510204081634 2.510204081632653 2.63265306122449 2.63265306122449 2.1122448979591835 1.316326530612245 1.530612244897959 1.8673469387755102 2.204081632653061 2.510204081632653 1.7448979591836735 2.0510204081632653 2.173469387755102 2.2653061224489797 2.142857142857143 3.0 1.989795918367347 2.2653061224489797 1.5918367346938775 2.938775510204082 2.479591836734694 1.836734693877551 2.510204081632653
91 114.55933333333331 1.0612244897959184 1.3673469387755102 0.9591836734693877 0.8979591836734694 1.489795918367347 1.2857142857142858 1.9387755102040816 1.2040816326530612 1.4489795918367347 1.9387755102040816 1.469387755102041 1.2244897959183674 1.6326530612244898 1.4489795918367347 1.183673469387755 1.6122448979591837 1.836734693877551 0.9183673469387755 1.6734693877551021 1.7551020408163265 1.7551020408163265 1.4081632653061225 0.8775510204081632 1.0204081632653061 1.2448979591836735 1.469387755102041 1.6734693877551021 1.163265306122449 1.3673469387755102 1.4489795918367347 1.510204081632653 1.4285714285714286 2.0 1.3265306122448979 1.510204081632653 1.0612244897959184 1.9591836734693877 1.653061224489796 1.2244897959183674 1.6734693877551021
92 45.0 1.5918367346938775 2.0510204081632653 1.4387755102040816 1.346938775510204 2.2346938775510203 1.9285714285714286 2.9081632653061225 1.8061224489795917 2.173469387755102 2.9081632653061225 2.204081632653061 1.836734693877551 2.4489795918367347 2.173469387755102 1.7755102040816326 2.4183673469387754 2.7551020408163267 1.3775510204081634 2.510204081632653 2.63265306122449 2.63265306122449 2.1122448979591835 1.316326530612245 1.530612244897959 1.8673469387755102 2.204081632653061 2.510204081632653 1.7448979591836735 2.0510204081632653 2.173469387755102 2.2653061224489797 2.142857142857143 3.0 1.989795918367347 2.2653061224489797 1.5918367346938775 2.938775510204082 2.479591836734694 1.836734693877551 2.510204081632653
93 97.47989294085201 1.0612244897959184 1.3673469387755102 0.9591836734693877 0.8979591836734694 1.489795918367347 1.2857142857142858 1.9387755102040816 1.2040816326530612 1.4489795918367347 1.9387755102040816 1.469387755102041 1.2244897959183674 1.6326530612244898 1.4489795918367347 1.183673469387755 1.6122448979591837 1.836734693877551 0.9183673469387755 1.6734693877551021 1.7551020408163265 1.7551020408163265 1.4081632653061225 0.8775510204081632 1.0204081632653061 1.2448979591836735 1.469387755102041 1.6734693877551021 1.163265306122449 1.3673469387755102 1.4489795918367347 1.510204081632653 1.4285714285714286 2.0 1.3265306122448979 1.510204081632653 1.0612244897959184 1.9591836734693877 1.653061224489796 1.2244897959183674 1.6734693877551021
94 123.49780090661544 1.0612244897959184 1.3673469387755102 0.9591836734693877 0.8979591836734694 1.489795918367347 1.2857142857142858 1.9387755102040816 1.2040816326530612 1.4489795918367347 1.9387755102040816 1.469387755102041 1.2244897959183674 1.6326530612244898 1.4489795918367347 1.183673469387755 1.6122448979591837 1.836734693877551 0.9183673469387755 1.6734693877551021 1.7551020408163265 1.7551020408163265 1.4081632653061225 0.8775510204081632 1.0204081632653061 1.2448979591836735 1.469387755102041 1.6734693877551021 1.163265306122449 1.3673469387755102 1.4489795918367347 1.510204081632653 1.4285714285714286 2.0 1.3265306122448979 1.510204081632653 1.0612244897959184 1.9591836734693877 1.653061224489796 1.2244897959183674 1.6734693877551021
95 41.0 1.5918367346938775 2.0510204081632653 1.4387755102040816 1.346938775510204 2.2346938775510203 1.9285714285714286 2.9081632653061225 1.8061224489795917 2.173469387755102 2.9081632653061225 2.204081632653061 1.836734693877551 2.4489795918367347 2.173469387755102 1.7755102040816326 2.4183673469387754 2.7551020408163267 1.3775510204081634 2.510204081632653 2.63265306122449 2.63265306122449 2.1122448979591835 1.316326530612245 1.530612244897959 1.8673469387755102 2.204081632653061 2.510204081632653 1.7448979591836735 2.0510204081632653 2.173469387755102 2.2653061224489797 2.142857142857143 3.0 1.989795918367347 2.2653061224489797 1.5918367346938775 2.938775510204082 2.479591836734694 1.836734693877551 2.510204081632653
96 336.25832048458255 1.0612244897959184 1.3673469387755102 0.9591836734693877 0.8979591836734694 1.489795918367347 1.2857142857142858 1.9387755102040816 1.2040816326530612 1.4489795918367347 1.9387755102040816 1.469387755102041 1.2244897959183674 1.6326530612244898 1.4489795918367347 1.183673469387755 1.6122448979591837 1.836734693877551 0.9183673469387755 1.6734693877551021 1.7551020408163265 1.7551020408163265 1.4081632653061225 0.8775510204081632 1.0204081632653061 1.2448979591836735 1.469387755102041 1.6734693877551021 1.163265306122449 1.3673469387755102 1.4489795918367347 1.510204081632653 1.4285714285714286 2.0 1.3265306122448979 1.510204081632653 1.0612244897959184 1.9591836734693877 1.653061224489796 1.2244897959183674 1.6734693877551021
97 57.81670839742112 1.0612244897959184 1.3673469387755102 0.9591836734693877 0.8979591836734694 1.489795918367347 1.2857142857142858 1.9387755102040816 1.2040816326530612 1.4489795918367347 1.9387755102040816 1.469387755102041 1.2244897959183674 1.6326530612244898 1.4489795918367347 1.183673469387755 1.6122448979591837 1.836734693877551 0.9183673469387755 1.6734693877551021 1.7551020408163265 1.7551020408163265 1.4081632653061225 0.8775510204081632 1.0204081632653061 1.2448979591836735 1.469387755102041 1.6734693877551021 1.163265306122449 1.3673469387755102 1.4489795918367347 1.510204081632653 1.4285714285714286 2.0 1.3265306122448979 1.510204081632653 1.0612244897959184 1.9591836734693877 1.653061224489796 1.2244897959183674 1.6734693877551021
98 26.674697116563994 1.5918367346938775 2.0510204081632653 1.4387755102040816 1.346938775510204 2.2346938775510203 1.9285714285714286 2.9081632653061225 1.8061224489795917 2.173469387755102 2.9081632653061225 2.204081632653061 1.836734693877551 2.4489795918367347 2.173469387755102 1.7755102040816326 2.4183673469387754 2.7551020408163267 1.3775510204081634 2.510204081632653 2.63265306122449 2.63265306122449 2.1122448979591835 1.316326530612245 1.530612244897959 1.8673469387755102 2.204081632653061 2.510204081632653 1.7448979591836735 2.0510204081632653 2.173469387755102 2.2653061224489797 2.142857142857143 3.0 1.989795918367347 2.2653061224489797 1.5918367346938775 2.938775510204082 2.479591836734694 1.836734693877551 2.510204081632653
99 184.66405735542895 1.0612244897959184 1.3673469387755102 0.9591836734693877 0.8979591836734694 1.489795918367347 1.2857142857142858 1.9387755102040816 1.2040816326530612 1.4489795918367347 1.9387755102040816 1.469387755102041 1.2244897959183674 1.6326530612244898 1.4489795918367347 1.183673469387755 1.6122448979591837 1.836734693877551 0.9183673469387755 1.6734693877551021 1.7551020408163265 1.7551020408163265 1.4081632653061225 0.8775510204081632 1.0204081632653061 1.2448979591836735 1.469387755102041 1.6734693877551021 1.163265306122449 1.3673469387755102 1.4489795918367347 1.510204081632653 1.4285714285714286 2.0 1.3265306122448979 1.510204081632653 1.0612244897959184 1.9591836734693877 1.653061224489796 1.2244897959183674 1.6734693877551021
