60 50
TREE NETWORK (nID nID Weight):
19 0 55
14 0 37
58 14 51
7 14 41
40 0 43
45 40 54
38 0 46
50 40 40
29 0 43
11 7 48
35 14 35
52 50 58
16 11 30
51 16 53
23 11 48
32 23 31
10 40 52
20 52 34
59 45 38
47 14 52
18 23 33
34 59 56
22 50 50
53 47 38
56 22 53
36 10 33
21 34 58
26 0 45
42 45 51
31 53 35
37 52 44
6 7 45
9 34 56
17 35 56
27 0 51
3 59 50
2 29 40
25 26 40
33 9 58
54 36 45
30 26 39
5 21 56
28 38 35
41 20 35
57 16 50
12 23 31
48 30 45
13 58 32
15 3 59
1 53 40
46 25 31
4 25 41
24 38 43
44 58 30
39 28 47
8 56 42
49 40 31
43 10 33
55 54 51
PROGRAMS ASSIGNED TO NODES (nID pID1 pID2 ...):
0 1 2 3 4 5 6 7 8 9 10 11 12 13 14 15 16 17 18 19 20 21 22 23 24 25 26 27 28 29 30 31 32 33 34 35 36 37 38 39 40 41 42 43 44 45 46 47 48 49 50
1 33 2 3 36 37 39 42 44 16 48 17 19 20 26 27
2 1 3 5 8 9 10 12 14 15 16 17 21 22 24 25 26 27 28 29 30 31 33 36 37 38 39 40 41 43 44 46 47 48
3 32 17 21 8 24 25 45
4 1 2 4 6 8 9 10 12 13 14 15 17 18 19 20 21 23 24 25 27 28 29 30 31 32 33 34 35 36 37 38 39 40 41 42 43 44 46 47 48 49 50
5 33 19 36 14
6 2 3 4 5 6 7 8 10 13 14 17 18 19 20 21 27 30 31 32 34 35 39 41 42 45 46 48
8 18 38
9 1 2 3 4 5 6 7 13 16 17 18 19 20 21 24 25 27 29 30 32 33 35 40 42 43 44 46 47
10 1 2 3 4 5 6 7 8 9 10 11 12 13 14 15 16 17 18 19 20 21 22 23 24 25 26 27 28 29 30 32 33 34 36 37 38 39 41 44 45 46 47 48 49 50
11 4 7 9 10 13 14 16 17 19 21 24 29 30 31 32 34 36 37 38 40 41 42 43 45 46 49 50
12 1 13 15 17 18 19 21 22 24 28 29 30 31 32 33 35 38 40 41 42 43 44 45 47 49
13 1 2 3 4 5 6 7 9 10 11 12 13 14 15 16 17 18 19 20 21 22 24 25 26 27 28 29 30 31 32 33 34 35 36 37 38 40 42 43 44 45 46 48 49 50
14 1 2 3 6 7 8 10 13 14 15 21 22 24 25 28 30 34 35 37 38 39 40 43 45 47 50
15 1 2 3 4 5 6 7 8 9 10 11 12 13 14 15 16 17 18 19 20 21 23 24 25 26 27 28 29 30 31 34 35 36 37 38 39 40 41 42 43 44 45 46 48 49 50
16 32 33 2 38 41 44 13 45 47 16 17 20 22 30
17 3 4 6 8 11 12 13 14 17 19 25 26 28 29 30 31 32 33 35 36 37 38 39 42 45 46 48 50
18 1 2 3 4 5 6 7 8 9 10 11 12 13 14 15 16 17 18 19 20 21 22 23 25 26 27 28 29 30 31 32 33 36 37 38 41 42 43 44 46 47 48 50
19 1 33 37 5 38 7 8 14 48 20 21 23 26 28 29 31
20 21 38 31
21 50 21 42 27 28
22 2 3 5 6 10 11 12 13 14 15 16 17 19 21 23 25 27 28 31 32 35 36 37 38 39 40 41 42 44 45 46 49 50
23 1 3 5 10 12 14 15 16 17 22 23 24 25 26 27 28 29 30 31 32 33 34 35 36 39 42 43 44 45 46 48 49
24 1 33 34 3 4 37 40 41 9 46 16 49 18 20 21 23 24 30 31
25 33 3 36 37 39 8 9 12 13 47 48 16 17 20 21 25
26 1 2 3 4 5 6 7 8 11 12 13 14 16 17 21 22 23 24 25 26 27 28 29 30 31 32 33 34 35 37 38 39 40 41 43 44 45 47 48 49 50
27 1 3 4 5 6 7 8 10 11 12 13 14 16 18 19 20 22 25 26 27 30 32 33 34 35 38 40 41 42 43 44 47
28 1 4 5 6 7 8 10 11 12 13 14 15 17 18 19 20 21 22 23 24 26 28 30 31 33 34 35 37 38 41 42 43 44 45 46 47 48 49 50
29 34 6 39 41 28 45 31
30 2 6 8 12 13 19 22 23 24 25 26 27 28 29 30 33 34 35 37 38 39 41 42 43 44 46 47 48 50
31 4 37 6 38 8 40 44 45 13 47 16 17 50 19 20 24 26 27 29 30 31
32 11 12 30
33 4 5 6 9 11 12 15 16 17 22 23 27 28 29 30 32 33 34 35 36 38 40 41 42 43 44 49
34 32 33 36 4 40 43 44 12 45 46 15 48 49 17 50 25 26 27 30
35 1 3 4 5 6 7 8 12 13 14 15 16 17 18 19 20 21 22 28 30 31 33 34 35 39 40 41 42 43 44 45 46 50
36 1 3 4 5 6 9 10 12 14 15 24 25 26 27 29 30 32 33 34 35 36 37 39 41 43 44 46 49
37 1 4 39 7 8 9 42 13 48 17 50 19 20 31
38 33 37 5 23 39 24 42 10 12 28 14 47
39 1 2 3 5 6 7 8 9 10 11 12 13 14 15 16 17 18 19 20 21 22 23 24 25 26 27 29 30 32 33 37 38 39 41 42 43 45 46 47 48 49 50
40 1 2 3 4 5 6 7 8 9 10 11 12 13 14 15 16 17 18 20 21 22 23 24 25 26 27 28 29 30 31 32 33 34 35 36 37 38 39 40 41 42 43 44 45 46 47 48 49 50
41 1 2 3 6 10 11 14 15 16 20 21 22 24 27 31 35 36 37 41 42 43 44 46 47 48 49 50
42 32 33 34 2 35 4 36 39 9 10 42 43 44 45 13 46 15 47 16 49 18 24 25 26
43 1 2 3 4 5 8 9 10 11 12 14 15 17 18 19 21 22 23 24 26 28 29 30 31 32 33 34 35 36 37 38 39 41 42 44 46 47 48 50
44 1 34 36 38 9 10 12 14 46 15 17 23 26
45 2 3 4 5 6 9 10 11 15 17 19 20 21 22 23 27 29 30 31 32 34 36 38 39 41 42 43 44 45 46 47 50
46 24 27 43 12 30 47
47 1 2 5 6 7 8 11 12 13 15 16 17 18 19 22 23 24 25 26 31 33 34 35 37 39 40 41 43 45 46 49
48 4 5 6 8 9 10 11 12 14 15 16 17 18 20 21 22 23 25 26 27 29 31 32 33 34 35 36 37 38 39 40 41 43 45 46 48 49
49 1 3 4 5 6 8 9 11 13 15 16 18 20 23 25 29 30 31 35 37 38 40 43 44 46 48
50 1 3 5 6 7 9 11 13 14 15 17 18 20 21 22 24 26 27 29 31 32 33 34 36 38 39 40 41 43 44 45 49
51 1 33 2 35 39 10 42 12 13 14 48 20 23 31
52 3 20 42
53 3 4 5 7 8 9 10 11 12 13 14 15 16 20 22 23 24 25 26 27 29 30 31 32 33 34 35 39 40 41 43 45 46 47 50
54 1 2 3 4 5 6 7 8 9 10 11 12 13 14 15 16 17 18 19 20 21 22 23 24 25 26 28 29 30 31 32 33 34 35 36 37 38 39 40 41 42 44 45 46 47 48 49 50
55 1 3 35 20 21 38 24 30 14 31
56 32 2 36 38 41 43 14 15 50 19 21 23 24 27 28 29 30 31
57 1 2 3 4 5 6 7 8 9 11 12 13 14 16 17 19 20 21 22 23 24 26 27 28 29 31 32 33 34 35 36 37 40 41 42 43 44 45 48 49 50
58 32 2 34 35 5 7 39 9 10 43 44 45 13 46 14 47 49 18 22 24 25 26 29 30
59 1 2 3 4 5 6 7 8 9 10 11 12 13 15 16 17 18 20 23 24 25 26 28 29 30 31 32 33 34 35 36 37 38 40 41 42 43 44 45 46 47 48 49
SIZE OF PROGRAMS (pID SIZE):
1 43.0
2 88.0
3 61.0
4 44.0
5 93.0
6 69.0
7 94.0
8 60.0
9 90.0
10 73.0
11 54.0
12 41.0
13 86.0
14 75.0
15 81.0
16 90.0
17 43.0
18 74.0
19 77.0
20 81.0
21 48.0
22 90.0
23 50.0
24 85.0
25 59.0
26 47.0
27 83.0
28 70.0
29 70.0
30 78.0
31 43.0
32 83.0
33 69.0
34 93.0
35 64.0
36 54.0
37 50.0
38 68.0
39 95.0
40 76.0
41 61.0
42 70.0
43 80.0
44 85.0
45 87.0
46 57.0
47 45.0
48 82.0
49 59.0
50 49.0
COST TO INSTALL SERVERS AND PROGRAMS ON NODES (COST_TO_INSTALL_SERVER COST_TO_INSTALL_pID1 ...):
0 8298.947368421053 0.9052631578947369 1.8526315789473684 1.2842105263157895 0.9263157894736842 1.9578947368421054 1.4526315789473685 1.9789473684210526 1.263157894736842 1.894736842105263 1.5368421052631578 1.1368421052631579 0.8631578947368421 1.8105263157894738 1.5789473684210527 1.7052631578947368 1.894736842105263 0.9052631578947369 1.5578947368421052 1.6210526315789473 1.7052631578947368 1.0105263157894737 1.894736842105263 1.0526315789473684 1.7894736842105263 1.2421052631578948 0.9894736842105263 1.7473684210526317 1.4736842105263157 1.4736842105263157 1.6421052631578947 0.9052631578947369 1.7473684210526317 1.4526315789473685 1.9578947368421054 1.3473684210526315 1.1368421052631579 1.0526315789473684 1.431578947368421 2.0 1.6 1.2842105263157895 1.4736842105263157 1.6842105263157894 1.7894736842105263 1.831578947368421 1.2 0.9473684210526315 1.7263157894736842 1.2421052631578948 1.0315789473684212
1 42.15826317841119 0.9052631578947369 1.8526315789473684 1.2842105263157895 0.9263157894736842 1.9578947368421054 1.4526315789473685 1.9789473684210526 1.263157894736842 1.894736842105263 1.5368421052631578 1.1368421052631579 0.8631578947368421 1.8105263157894738 1.5789473684210527 1.7052631578947368 1.894736842105263 0.9052631578947369 1.5578947368421052 1.6210526315789473 1.7052631578947368 1.0105263157894737 1.894736842105263 1.0526315789473684 1.7894736842105263 1.2421052631578948 0.9894736842105263 1.7473684210526317 1.4736842105263157 1.4736842105263157 1.6421052631578947 0.9052631578947369 1.7473684210526317 1.4526315789473685 1.9578947368421054 1.3473684210526315 1.1368421052631579 1.0526315789473684 1.431578947368421 2.0 1.6 1.2842105263157895 1.4736842105263157 1.6842105263157894 1.7894736842105263 1.831578947368421 1.2 0.9473684210526315 1.7263157894736842 1.2421052631578948 1.0315789473684212
2 25.10653214774282 1.3578947368421053 2.778947368421053 1.9263157894736842 1.3894736842105264 2.9368421052631577 2.1789473684210527 2.968421052631579 1.894736842105263 2.8421052631578947 2.305263157894737 1.7052631578947368 1.2947368421052632 2.7157894736842105 2.3684210526315788 2.557894736842105 2.8421052631578947 1.3578947368421053 2.336842105263158 2.431578947368421 2.557894736842105 1.5157894736842106 2.8421052631578947 1.5789473684210527 2.6842105263157894 1.8631578947368421 1.4842105263157894 2.6210526315789475 2.210526315789474 2.210526315789474 2.463157894736842 1.3578947368421053 2.6210526315789475 2.1789473684210527 2.9368421052631577 2.0210526315789474 1.7052631578947368 1.5789473684210527 2.1473684210526316 3.0 2.4 1.9263157894736842 2.210526315789474 2.526315789473684 2.6842105263157894 2.7473684210526317 1.8 1.4210526315789473 2.5894736842105264 1.8631578947368421 1.5473684210526315
3 67.61185297006514 1.3578947368421053 2.778947368421053 1.9263157894736842 1.3894736842105264 2.9368421052631577 2.1789473684210527 2.968421052631579 1.894736842105263 2.8421052631578947 2.305263157894737 1.7052631578947368 1.2947368421052632 2.7157894736842105 2.3684210526315788 2.557894736842105 2.8421052631578947 1.3578947368421053 2.336842105263158 2.431578947368421 2.557894736842105 1.5157894736842106 2.8421052631578947 1.5789473684210527 2.6842105263157894 1.8631578947368421 1.4842105263157894 2.6210526315789475 2.210526315789474 2.210526315789474 2.463157894736842 1.3578947368421053 2.6210526315789475 2.1789473684210527 2.9368421052631577 2.0210526315789474 1.7052631578947368 1.5789473684210527 2.1473684210526316 3.0 2.4 1.9263157894736842 2.210526315789474 2.526315789473684 2.6842105263157894 2.7473684210526317 1.8 1.4210526315789473 2.5894736842105264 1.8631578947368421 1.5473684210526315
4 62.641843315985135 1.3578947368421053 2.778947368421053 1.9263157894736842 1.3894736842105264 2.9368421052631577 2.1789473684210527 2.968421052631579 1.894736842105263 2.8421052631578947 2.305263157894737 1.7052631578947368 1.2947368421052632 2.7157894736842105 2.3684210526315788 2.557894736842105 2.8421052631578947 1.3578947368421053 2.336842105263158 2.431578947368421 2.557894736842105 1.5157894736842106 2.8421052631578947 1.5789473684210527 2.6842105263157894 1.8631578947368421 1.4842105263157894 2.6210526315789475 2.210526315789474 2.210526315789474 2.463157894736842 1.3578947368421053 2.6210526315789475 2.1789473684210527 2.9368421052631577 2.0210526315789474 1.7052631578947368 1.5789473684210527 2.1473684210526316 3.0 2.4 1.9263157894736842 2.210526315789474 2.526315789473684 2.6842105263157894 2.7473684210526317 1.8 1.4210526315789473 2.5894736842105264 1.8631578947368421 1.5473684210526315
5 19.682704712418133 1.3578947368421053 2.778947368421053 1.9263157894736842 1.3894736842105264 2.9368421052631577 2.1789473684210527 2.968421052631579 1.894736842105263 2.8421052631578947 2.305263157894737 1.7052631578947368 1.2947368421052632 2.7157894736842105 2.3684210526315788 2.557894736842105 2.8421052631578947 1.3578947368421053 2.336842105263158 2.431578947368421 2.557894736842105 1.5157894736842106 2.8421052631578947 1.5789473684210527 2.6842105263157894 1.8631578947368421 1.4842105263157894 2.6210526315789475 2.210526315789474 2.210526315789474 2.463157894736842 1.3578947368421053 2.6210526315789475 2.1789473684210527 2.9368421052631577 2.0210526315789474 1.7052631578947368 1.5789473684210527 2.1473684210526316 3.0 2.4 1.9263157894736842 2.210526315789474 2.526315789473684 2.6842105263157894 2.7473684210526317 1.8 1.4210526315789473 2.5894736842105264 1.8631578947368421 1.5473684210526315
6 120.12567037237136 0.9052631578947369 1.8526315789473684 1.2842105263157895 0.9263157894736842 1.9578947368421054 1.4526315789473685 1.9789473684210526 1.263157894736842 1.894736842105263 1.5368421052631578 1.1368421052631579 0.8631578947368421 1.8105263157894738 1.5789473684210527 1.7052631578947368 1.894736842105263 0.9052631578947369 1.5578947368421052 1.6210526315789473 1.7052631578947368 1.0105263157894737 1.894736842105263 1.0526315789473684 1.7894736842105263 1.2421052631578948 0.9894736842105263 1.7473684210526317 1.4736842105263157 1.4736842105263157 1.6421052631578947 0.9052631578947369 1.7473684210526317 1.4526315789473685 1.9578947368421054 1.3473684210526315 1.1368421052631579 1.0526315789473684 1.431578947368421 2.0 1.6 1.2842105263157895 1.4736842105263157 1.6842105263157894 1.7894736842105263 1.831578947368421 1.2 0.9473684210526315 1.7263157894736842 1.2421052631578948 1.0315789473684212
7 54.2144040196657 1.3578947368421053 2.778947368421053 1.9263157894736842 1.3894736842105264 2.9368421052631577 2.1789473684210527 2.968421052631579 1.894736842105263 2.8421052631578947 2.305263157894737 1.7052631578947368 1.2947368421052632 2.7157894736842105 2.3684210526315788 2.557894736842105 2.8421052631578947 1.3578947368421053 2.336842105263158 2.431578947368421 2.557894736842105 1.5157894736842106 2.8421052631578947 1.5789473684210527 2.6842105263157894 1.8631578947368421 1.4842105263157894 2.6210526315789475 2.210526315789474 2.210526315789474 2.463157894736842 1.3578947368421053 2.6210526315789475 2.1789473684210527 2.9368421052631577 2.0210526315789474 1.7052631578947368 1.5789473684210527 2.1473684210526316 3.0 2.4 1.9263157894736842 2.210526315789474 2.526315789473684 2.6842105263157894 2.7473684210526317 1.8 1.4210526315789473 2.5894736842105264 1.8631578947368421 1.5473684210526315
8 2.5526099122312136 0.9052631578947369 1.8526315789473684 1.2842105263157895 0.9263157894736842 1.9578947368421054 1.4526315789473685 1.9789473684210526 1.263157894736842 1.894736842105263 1.5368421052631578 1.1368421052631579 0.8631578947368421 1.8105263157894738 1.5789473684210527 1.7052631578947368 1.894736842105263 0.9052631578947369 1.5578947368421052 1.6210526315789473 1.7052631578947368 1.0105263157894737 1.894736842105263 1.0526315789473684 1.7894736842105263 1.2421052631578948 0.9894736842105263 1.7473684210526317 1.4736842105263157 1.4736842105263157 1.6421052631578947 0.9052631578947369 1.7473684210526317 1.4526315789473685 1.9578947368421054 1.3473684210526315 1.1368421052631579 1.0526315789473684 1.431578947368421 2.0 1.6 1.2842105263157895 1.4736842105263157 1.6842105263157894 1.7894736842105263 1.831578947368421 1.2 0.9473684210526315 1.7263157894736842 1.2421052631578948 1.0315789473684212
9 188.02656727531308 0.9052631578947369 1.8526315789473684 1.2842105263157895 0.9263157894736842 1.9578947368421054 1.4526315789473685 1.9789473684210526 1.263157894736842 1.894736842105263 1.5368421052631578 1.1368421052631579 0.8631578947368421 1.8105263157894738 1.5789473684210527 1.7052631578947368 1.894736842105263 0.9052631578947369 1.5578947368421052 1.6210526315789473 1.7052631578947368 1.0105263157894737 1.894736842105263 1.0526315789473684 1.7894736842105263 1.2421052631578948 0.9894736842105263 1.7473684210526317 1.4736842105263157 1.4736842105263157 1.6421052631578947 0.9052631578947369 1.7473684210526317 1.4526315789473685 1.9578947368421054 1.3473684210526315 1.1368421052631579 1.0526315789473684 1.431578947368421 2.0 1.6 1.2842105263157895 1.4736842105263157 1.6842105263157894 1.7894736842105263 1.831578947368421 1.2 0.9473684210526315 1.7263157894736842 1.2421052631578948 1.0315789473684212
10 87.71672382313253 0.9052631578947369 1.8526315789473684 1.2842105263157895 0.9263157894736842 1.9578947368421054 1.4526315789473685 1.9789473684210526 1.263157894736842 1.894736842105263 1.5368421052631578 1.1368421052631579 0.8631578947368421 1.8105263157894738 1.5789473684210527 1.7052631578947368 1.894736842105263 0.9052631578947369 1.5578947368421052 1.6210526315789473 1.7052631578947368 1.0105263157894737 1.894736842105263 1.0526315789473684 1.7894736842105263 1.2421052631578948 0.9894736842105263 1.7473684210526317 1.4736842105263157 1.4736842105263157 1.6421052631578947 0.9052631578947369 1.7473684210526317 1.4526315789473685 1.9578947368421054 1.3473684210526315 1.1368421052631579 1.0526315789473684 1.431578947368421 2.0 1.6 1.2842105263157895 1.4736842105263157 1.6842105263157894 1.7894736842105263 1.831578947368421 1.2 0.9473684210526315 1.7263157894736842 1.2421052631578948 1.0315789473684212
11 87.70754816925209 0.9052631578947369 1.8526315789473684 1.2842105263157895 0.9263157894736842 1.9578947368421054 1.4526315789473685 1.9789473684210526 1.263157894736842 1.894736842105263 1.5368421052631578 1.1368421052631579 0.8631578947368421 1.8105263157894738 1.5789473684210527 1.7052631578947368 1.894736842105263 0.9052631578947369 1.5578947368421052 1.6210526315789473 1.7052631578947368 1.0105263157894737 1.894736842105263 1.0526315789473684 1.7894736842105263 1.2421052631578948 0.9894736842105263 1.7473684210526317 1.4736842105263157 1.4736842105263157 1.6421052631578947 0.9052631578947369 1.7473684210526317 1.4526315789473685 1.9578947368421054 1.3473684210526315 1.1368421052631579 1.0526315789473684 1.431578947368421 2.0 1.6 1.2842105263157895 1.4736842105263157 1.6842105263157894 1.7894736842105263 1.831578947368421 1.2 0.9473684210526315 1.7263157894736842 1.2421052631578948 1.0315789473684212
12 45.049541533079164 1.3578947368421053 2.778947368421053 1.9263157894736842 1.3894736842105264 2.9368421052631577 2.1789473684210527 2.968421052631579 1.894736842105263 2.8421052631578947 2.305263157894737 1.7052631578947368 1.2947368421052632 2.7157894736842105 2.3684210526315788 2.557894736842105 2.8421052631578947 1.3578947368421053 2.336842105263158 2.431578947368421 2.557894736842105 1.5157894736842106 2.8421052631578947 1.5789473684210527 2.6842105263157894 1.8631578947368421 1.4842105263157894 2.6210526315789475 2.210526315789474 2.210526315789474 2.463157894736842 1.3578947368421053 2.6210526315789475 2.1789473684210527 2.9368421052631577 2.0210526315789474 1.7052631578947368 1.5789473684210527 2.1473684210526316 3.0 2.4 1.9263157894736842 2.210526315789474 2.526315789473684 2.6842105263157894 2.7473684210526317 1.8 1.4210526315789473 2.5894736842105264 1.8631578947368421 1.5473684210526315
13 130.89194531656437 1.3578947368421053 2.778947368421053 1.9263157894736842 1.3894736842105264 2.9368421052631577 2.1789473684210527 2.968421052631579 1.894736842105263 2.8421052631578947 2.305263157894737 1.7052631578947368 1.2947368421052632 2.7157894736842105 2.3684210526315788 2.557894736842105 2.8421052631578947 1.3578947368421053 2.336842105263158 2.431578947368421 2.557894736842105 1.5157894736842106 2.8421052631578947 1.5789473684210527 2.6842105263157894 1.8631578947368421 1.4842105263157894 2.6210526315789475 2.210526315789474 2.210526315789474 2.463157894736842 1.3578947368421053 2.6210526315789475 2.1789473684210527 2.9368421052631577 2.0210526315789474 1.7052631578947368 1.5789473684210527 2.1473684210526316 3.0 2.4 1.9263157894736842 2.210526315789474 2.526315789473684 2.6842105263157894 2.7473684210526317 1.8 1.4210526315789473 2.5894736842105264 1.8631578947368421 1.5473684210526315
14 5.36107104008032 0.9052631578947369 1.8526315789473684 1.2842105263157895 0.9263157894736842 1.9578947368421054 1.4526315789473685 1.9789473684210526 1.263157894736842 1.894736842105263 1.5368421052631578 1.1368421052631579 0.8631578947368421 1.8105263157894738 1.5789473684210527 1.7052631578947368 1.894736842105263 0.9052631578947369 1.5578947368421052 1.6210526315789473 1.7052631578947368 1.0105263157894737 1.894736842105263 1.0526315789473684 1.7894736842105263 1.2421052631578948 0.9894736842105263 1.7473684210526317 1.4736842105263157 1.4736842105263157 1.6421052631578947 0.9052631578947369 1.7473684210526317 1.4526315789473685 1.9578947368421054 1.3473684210526315 1.1368421052631579 1.0526315789473684 1.431578947368421 2.0 1.6 1.2842105263157895 1.4736842105263157 1.6842105263157894 1.7894736842105263 1.831578947368421 1.2 0.9473684210526315 1.7263157894736842 1.2421052631578948 1.0315789473684212
15 260.4434303957521 1.3578947368421053 2.778947368421053 1.9263157894736842 1.3894736842105264 2.9368421052631577 2.1789473684210527 2.968421052631579 1.894736842105263 2.8421052631578947 2.305263157894737 1.7052631578947368 1.2947368421052632 2.7157894736842105 2.3684210526315788 2.557894736842105 2.8421052631578947 1.3578947368421053 2.336842105263158 2.431578947368421 2.557894736842105 1.5157894736842106 2.8421052631578947 1.5789473684210527 2.6842105263157894 1.8631578947368421 1.4842105263157894 2.6210526315789475 2.210526315789474 2.210526315789474 2.463157894736842 1.3578947368421053 2.6210526315789475 2.1789473684210527 2.9368421052631577 2.0210526315789474 1.7052631578947368 1.5789473684210527 2.1473684210526316 3.0 2.4 1.9263157894736842 2.210526315789474 2.526315789473684 2.6842105263157894 2.7473684210526317 1.8 1.4210526315789473 2.5894736842105264 1.8631578947368421 1.5473684210526315
16 272.4613055545918 0.9052631578947369 1.8526315789473684 1.2842105263157895 0.9263157894736842 1.9578947368421054 1.4526315789473685 1.9789473684210526 1.263157894736842 1.894736842105263 1.5368421052631578 1.1368421052631579 0.8631578947368421 1.8105263157894738 1.5789473684210527 1.7052631578947368 1.894736842105263 0.9052631578947369 1.5578947368421052 1.6210526315789473 1.7052631578947368 1.0105263157894737 1.894736842105263 1.0526315789473684 1.7894736842105263 1.2421052631578948 0.9894736842105263 1.7473684210526317 1.4736842105263157 1.4736842105263157 1.6421052631578947 0.9052631578947369 1.7473684210526317 1.4526315789473685 1.9578947368421054 1.3473684210526315 1.1368421052631579 1.0526315789473684 1.431578947368421 2.0 1.6 1.2842105263157895 1.4736842105263157 1.6842105263157894 1.7894736842105263 1.831578947368421 1.2 0.9473684210526315 1.7263157894736842 1.2421052631578948 1.0315789473684212
17 17.72393156703502 1.3578947368421053 2.778947368421053 1.9263157894736842 1.3894736842105264 2.9368421052631577 2.1789473684210527 2.968421052631579 1.894736842105263 2.8421052631578947 2.305263157894737 1.7052631578947368 1.2947368421052632 2.7157894736842105 2.3684210526315788 2.557894736842105 2.8421052631578947 1.3578947368421053 2.336842105263158 2.431578947368421 2.557894736842105 1.5157894736842106 2.8421052631578947 1.5789473684210527 2.6842105263157894 1.8631578947368421 1.4842105263157894 2.6210526315789475 2.210526315789474 2.210526315789474 2.463157894736842 1.3578947368421053 2.6210526315789475 2.1789473684210527 2.9368421052631577 2.0210526315789474 1.7052631578947368 1.5789473684210527 2.1473684210526316 3.0 2.4 1.9263157894736842 2.210526315789474 2.526315789473684 2.6842105263157894 2.7473684210526317 1.8 1.4210526315789473 2.5894736842105264 1.8631578947368421 1.5473684210526315
18 147.44145114586996 0.9052631578947369 1.8526315789473684 1.2842105263157895 0.9263157894736842 1.9578947368421054 1.4526315789473685 1.9789473684210526 1.263157894736842 1.894736842105263 1.5368421052631578 1.1368421052631579 0.8631578947368421 1.8105263157894738 1.5789473684210527 1.7052631578947368 1.894736842105263 0.9052631578947369 1.5578947368421052 1.6210526315789473 1.7052631578947368 1.0105263157894737 1.894736842105263 1.0526315789473684 1.7894736842105263 1.2421052631578948 0.9894736842105263 1.7473684210526317 1.4736842105263157 1.4736842105263157 1.6421052631578947 0.9052631578947369 1.7473684210526317 1.4526315789473685 1.9578947368421054 1.3473684210526315 1.1368421052631579 1.0526315789473684 1.431578947368421 2.0 1.6 1.2842105263157895 1.4736842105263157 1.6842105263157894 1.7894736842105263 1.831578947368421 1.2 0.9473684210526315 1.7263157894736842 1.2421052631578948 1.0315789473684212
19 30.0 0.9052631578947369 1.8526315789473684 1.2842105263157895 0.9263157894736842 1.9578947368421054 1.4526315789473685 1.9789473684210526 1.263157894736842 1.894736842105263 1.5368421052631578 1.1368421052631579 0.8631578947368421 1.8105263157894738 1.5789473684210527 1.7052631578947368 1.894736842105263 0.9052631578947369 1.5578947368421052 1.6210526315789473 1.7052631578947368 1.0105263157894737 1.894736842105263 1.0526315789473684 1.7894736842105263 1.2421052631578948 0.9894736842105263 1.7473684210526317 1.4736842105263157 1.4736842105263157 1.6421052631578947 0.9052631578947369 1.7473684210526317 1.4526315789473685 1.9578947368421054 1.3473684210526315 1.1368421052631579 1.0526315789473684 1.431578947368421 2.0 1.6 1.2842105263157895 1.4736842105263157 1.6842105263157894 1.7894736842105263 1.831578947368421 1.2 0.9473684210526315 1.7263157894736842 1.2421052631578948 1.0315789473684212
20 56.8974285589782 1.3578947368421053 2.778947368421053 1.9263157894736842 1.3894736842105264 2.9368421052631577 2.1789473684210527 2.968421052631579 1.894736842105263 2.8421052631578947 2.305263157894737 1.7052631578947368 1.2947368421052632 2.7157894736842105 2.3684210526315788 2.557894736842105 2.8421052631578947 1.3578947368421053 2.336842105263158 2.431578947368421 2.557894736842105 1.5157894736842106 2.8421052631578947 1.5789473684210527 2.6842105263157894 1.8631578947368421 1.4842105263157894 2.6210526315789475 2.210526315789474 2.210526315789474 2.463157894736842 1.3578947368421053 2.6210526315789475 2.1789473684210527 2.9368421052631577 2.0210526315789474 1.7052631578947368 1.5789473684210527 2.1473684210526316 3.0 2.4 1.9263157894736842 2.210526315789474 2.526315789473684 2.6842105263157894 2.7473684210526317 1.8 1.4210526315789473 2.5894736842105264 1.8631578947368421 1.5473684210526315
21 42.60776956313084 1.3578947368421053 2.778947368421053 1.9263157894736842 1.3894736842105264 2.9368421052631577 2.1789473684210527 2.968421052631579 1.894736842105263 2.8421052631578947 2.305263157894737 1.7052631578947368 1.2947368421052632 2.7157894736842105 2.3684210526315788 2.557894736842105 2.8421052631578947 1.3578947368421053 2.336842105263158 2.431578947368421 2.557894736842105 1.5157894736842106 2.8421052631578947 1.5789473684210527 2.6842105263157894 1.8631578947368421 1.4842105263157894 2.6210526315789475 2.210526315789474 2.210526315789474 2.463157894736842 1.3578947368421053 2.6210526315789475 2.1789473684210527 2.9368421052631577 2.0210526315789474 1.7052631578947368 1.5789473684210527 2.1473684210526316 3.0 2.4 1.9263157894736842 2.210526315789474 2.526315789473684 2.6842105263157894 2.7473684210526317 1.8 1.4210526315789473 2.5894736842105264 1.8631578947368421 1.5473684210526315
22 120.27879210997085 0.9052631578947369 1.8526315789473684 1.2842105263157895 0.9263157894736842 1.9578947368421054 1.4526315789473685 1.9789473684210526 1.263157894736842 1.894736842105263 1.5368421052631578 1.1368421052631579 0.8631578947368421 1.8105263157894738 1.5789473684210527 1.7052631578947368 1.894736842105263 0.9052631578947369 1.5578947368421052 1.6210526315789473 1.7052631578947368 1.0105263157894737 1.894736842105263 1.0526315789473684 1.7894736842105263 1.2421052631578948 0.9894736842105263 1.7473684210526317 1.4736842105263157 1.4736842105263157 1.6421052631578947 0.9052631578947369 1.7473684210526317 1.4526315789473685 1.9578947368421054 1.3473684210526315 1.1368421052631579 1.0526315789473684 1.431578947368421 2.0 1.6 1.2842105263157895 1.4736842105263157 1.6842105263157894 1.7894736842105263 1.831578947368421 1.2 0.9473684210526315 1.7263157894736842 1.2421052631578948 1.0315789473684212
23 126.27022732957221 1.3578947368421053 2.778947368421053 1.9263157894736842 1.3894736842105264 2.9368421052631577 2.1789473684210527 2.968421052631579 1.894736842105263 2.8421052631578947 2.305263157894737 1.7052631578947368 1.2947368421052632 2.7157894736842105 2.3684210526315788 2.557894736842105 2.8421052631578947 1.3578947368421053 2.336842105263158 2.431578947368421 2.557894736842105 1.5157894736842106 2.8421052631578947 1.5789473684210527 2.6842105263157894 1.8631578947368421 1.4842105263157894 2.6210526315789475 2.210526315789474 2.210526315789474 2.463157894736842 1.3578947368421053 2.6210526315789475 2.1789473684210527 2.9368421052631577 2.0210526315789474 1.7052631578947368 1.5789473684210527 2.1473684210526316 3.0 2.4 1.9263157894736842 2.210526315789474 2.526315789473684 2.6842105263157894 2.7473684210526317 1.8 1.4210526315789473 2.5894736842105264 1.8631578947368421 1.5473684210526315
24 15.956986855409511 1.3578947368421053 2.778947368421053 1.9263157894736842 1.3894736842105264 2.9368421052631577 2.1789473684210527 2.968421052631579 1.894736842105263 2.8421052631578947 2.305263157894737 1.7052631578947368 1.2947368421052632 2.7157894736842105 2.3684210526315788 2.557894736842105 2.8421052631578947 1.3578947368421053 2.336842105263158 2.431578947368421 2.557894736842105 1.5157894736842106 2.8421052631578947 1.5789473684210527 2.6842105263157894 1.8631578947368421 1.4842105263157894 2.6210526315789475 2.210526315789474 2.210526315789474 2.463157894736842 1.3578947368421053 2.6210526315789475 2.1789473684210527 2.9368421052631577 2.0210526315789474 1.7052631578947368 1.5789473684210527 2.1473684210526316 3.0 2.4 1.9263157894736842 2.210526315789474 2.526315789473684 2.6842105263157894 2.7473684210526317 1.8 1.4210526315789473 2.5894736842105264 1.8631578947368421 1.5473684210526315
25 44.87395061728386 1.3578947368421053 2.778947368421053 1.9263157894736842 1.3894736842105264 2.9368421052631577 2.1789473684210527 2.968421052631579 1.894736842105263 2.8421052631578947 2.305263157894737 1.7052631578947368 1.2947368421052632 2.7157894736842105 2.3684210526315788 2.557894736842105 2.8421052631578947 1.3578947368421053 2.336842105263158 2.431578947368421 2.557894736842105 1.5157894736842106 2.8421052631578947 1.5789473684210527 2.6842105263157894 1.8631578947368421 1.4842105263157894 2.6210526315789475 2.210526315789474 2.210526315789474 2.463157894736842 1.3578947368421053 2.6210526315789475 2.1789473684210527 2.9368421052631577 2.0210526315789474 1.7052631578947368 1.5789473684210527 2.1473684210526316 3.0 2.4 1.9263157894736842 2.210526315789474 2.526315789473684 2.6842105263157894 2.7473684210526317 1.8 1.4210526315789473 2.5894736842105264 1.8631578947368421 1.5473684210526315
26 52.030840499942684 1.3578947368421053 2.778947368421053 1.9263157894736842 1.3894736842105264 2.9368421052631577 2.1789473684210527 2.968421052631579 1.894736842105263 2.8421052631578947 2.305263157894737 1.7052631578947368 1.2947368421052632 2.7157894736842105 2.3684210526315788 2.557894736842105 2.8421052631578947 1.3578947368421053 2.336842105263158 2.431578947368421 2.557894736842105 1.5157894736842106 2.8421052631578947 1.5789473684210527 2.6842105263157894 1.8631578947368421 1.4842105263157894 2.6210526315789475 2.210526315789474 2.210526315789474 2.463157894736842 1.3578947368421053 2.6210526315789475 2.1789473684210527 2.9368421052631577 2.0210526315789474 1.7052631578947368 1.5789473684210527 2.1473684210526316 3.0 2.4 1.9263157894736842 2.210526315789474 2.526315789473684 2.6842105263157894 2.7473684210526317 1.8 1.4210526315789473 2.5894736842105264 1.8631578947368421 1.5473684210526315
27 8.472432060543522 0.9052631578947369 1.8526315789473684 1.2842105263157895 0.9263157894736842 1.9578947368421054 1.4526315789473685 1.9789473684210526 1.263157894736842 1.894736842105263 1.5368421052631578 1.1368421052631579 0.8631578947368421 1.8105263157894738 1.5789473684210527 1.7052631578947368 1.894736842105263 0.9052631578947369 1.5578947368421052 1.6210526315789473 1.7052631578947368 1.0105263157894737 1.894736842105263 1.0526315789473684 1.7894736842105263 1.2421052631578948 0.9894736842105263 1.7473684210526317 1.4736842105263157 1.4736842105263157 1.6421052631578947 0.9052631578947369 1.7473684210526317 1.4526315789473685 1.9578947368421054 1.3473684210526315 1.1368421052631579 1.0526315789473684 1.431578947368421 2.0 1.6 1.2842105263157895 1.4736842105263157 1.6842105263157894 1.7894736842105263 1.831578947368421 1.2 0.9473684210526315 1.7263157894736842 1.2421052631578948 1.0315789473684212
28 32.912053292058914 1.3578947368421053 2.778947368421053 1.9263157894736842 1.3894736842105264 2.9368421052631577 2.1789473684210527 2.968421052631579 1.894736842105263 2.8421052631578947 2.305263157894737 1.7052631578947368 1.2947368421052632 2.7157894736842105 2.3684210526315788 2.557894736842105 2.8421052631578947 1.3578947368421053 2.336842105263158 2.431578947368421 2.557894736842105 1.5157894736842106 2.8421052631578947 1.5789473684210527 2.6842105263157894 1.8631578947368421 1.4842105263157894 2.6210526315789475 2.210526315789474 2.210526315789474 2.463157894736842 1.3578947368421053 2.6210526315789475 2.1789473684210527 2.9368421052631577 2.0210526315789474 1.7052631578947368 1.5789473684210527 2.1473684210526316 3.0 2.4 1.9263157894736842 2.210526315789474 2.526315789473684 2.6842105263157894 2.7473684210526317 1.8 1.4210526315789473 2.5894736842105264 1.8631578947368421 1.5473684210526315
29 21.0 1.3578947368421053 2.778947368421053 1.9263157894736842 1.3894736842105264 2.9368421052631577 2.1789473684210527 2.968421052631579 1.894736842105263 2.8421052631578947 2.305263157894737 1.7052631578947368 1.2947368421052632 2.7157894736842105 2.3684210526315788 2.557894736842105 2.8421052631578947 1.3578947368421053 2.336842105263158 2.431578947368421 2.557894736842105 1.5157894736842106 2.8421052631578947 1.5789473684210527 2.6842105263157894 1.8631578947368421 1.4842105263157894 2.6210526315789475 2.210526315789474 2.210526315789474 2.463157894736842 1.3578947368421053 2.6210526315789475 2.1789473684210527 2.9368421052631577 2.0210526315789474 1.7052631578947368 1.5789473684210527 2.1473684210526316 3.0 2.4 1.9263157894736842 2.210526315789474 2.526315789473684 2.6842105263157894 2.7473684210526317 1.8 1.4210526315789473 2.5894736842105264 1.8631578947368421 1.5473684210526315
30 44.91750112460638 0.9052631578947369 1.8526315789473684 1.2842105263157895 0.9263157894736842 1.9578947368421054 1.4526315789473685 1.9789473684210526 1.263157894736842 1.894736842105263 1.5368421052631578 1.1368421052631579 0.8631578947368421 1.8105263157894738 1.5789473684210527 1.7052631578947368 1.894736842105263 0.9052631578947369 1.5578947368421052 1.6210526315789473 1.7052631578947368 1.0105263157894737 1.894736842105263 1.0526315789473684 1.7894736842105263 1.2421052631578948 0.9894736842105263 1.7473684210526317 1.4736842105263157 1.4736842105263157 1.6421052631578947 0.9052631578947369 1.7473684210526317 1.4526315789473685 1.9578947368421054 1.3473684210526315 1.1368421052631579 1.0526315789473684 1.431578947368421 2.0 1.6 1.2842105263157895 1.4736842105263157 1.6842105263157894 1.7894736842105263 1.831578947368421 1.2 0.9473684210526315 1.7263157894736842 1.2421052631578948 1.0315789473684212
31 64.47636051004474 1.3578947368421053 2.778947368421053 1.9263157894736842 1.3894736842105264 2.9368421052631577 2.1789473684210527 2.968421052631579 1.894736842105263 2.8421052631578947 2.305263157894737 1.7052631578947368 1.2947368421052632 2.7157894736842105 2.3684210526315788 2.557894736842105 2.8421052631578947 1.3578947368421053 2.336842105263158 2.431578947368421 2.557894736842105 1.5157894736842106 2.8421052631578947 1.5789473684210527 2.6842105263157894 1.8631578947368421 1.4842105263157894 2.6210526315789475 2.210526315789474 2.210526315789474 2.463157894736842 1.3578947368421053 2.6210526315789475 2.1789473684210527 2.9368421052631577 2.0210526315789474 1.7052631578947368 1.5789473684210527 2.1473684210526316 3.0 2.4 1.9263157894736842 2.210526315789474 2.526315789473684 2.6842105263157894 2.7473684210526317 1.8 1.4210526315789473 2.5894736842105264 1.8631578947368421 1.5473684210526315
32 3.608412220452678 0.9052631578947369 1.8526315789473684 1.2842105263157895 0.9263157894736842 1.9578947368421054 1.4526315789473685 1.9789473684210526 1.263157894736842 1.894736842105263 1.5368421052631578 1.1368421052631579 0.8631578947368421 1.8105263157894738 1.5789473684210527 1.7052631578947368 1.894736842105263 0.9052631578947369 1.5578947368421052 1.6210526315789473 1.7052631578947368 1.0105263157894737 1.894736842105263 1.0526315789473684 1.7894736842105263 1.2421052631578948 0.9894736842105263 1.7473684210526317 1.4736842105263157 1.4736842105263157 1.6421052631578947 0.9052631578947369 1.7473684210526317 1.4526315789473685 1.9578947368421054 1.3473684210526315 1.1368421052631579 1.0526315789473684 1.431578947368421 2.0 1.6 1.2842105263157895 1.4736842105263157 1.6842105263157894 1.7894736842105263 1.831578947368421 1.2 0.9473684210526315 1.7263157894736842 1.2421052631578948 1.0315789473684212
33 85.85412321903395 0.9052631578947369 1.8526315789473684 1.2842105263157895 0.9263157894736842 1.9578947368421054 1.4526315789473685 1.9789473684210526 1.263157894736842 1.894736842105263 1.5368421052631578 1.1368421052631579 0.8631578947368421 1.8105263157894738 1.5789473684210527 1.7052631578947368 1.894736842105263 0.9052631578947369 1.5578947368421052 1.6210526315789473 1.7052631578947368 1.0105263157894737 1.894736842105263 1.0526315789473684 1.7894736842105263 1.2421052631578948 0.9894736842105263 1.7473684210526317 1.4736842105263157 1.4736842105263157 1.6421052631578947 0.9052631578947369 1.7473684210526317 1.4526315789473685 1.9578947368421054 1.3473684210526315 1.1368421052631579 1.0526315789473684 1.431578947368421 2.0 1.6 1.2842105263157895 1.4736842105263157 1.6842105263157894 1.7894736842105263 1.831578947368421 1.2 0.9473684210526315 1.7263157894736842 1.2421052631578948 1.0315789473684212
34 222.79907629003972 0.9052631578947369 1.8526315789473684 1.2842105263157895 0.9263157894736842 1.9578947368421054 1.4526315789473685 1.9789473684210526 1.263157894736842 1.894736842105263 1.5368421052631578 1.1368421052631579 0.8631578947368421 1.8105263157894738 1.5789473684210527 1.7052631578947368 1.894736842105263 0.9052631578947369 1.5578947368421052 1.6210526315789473 1.7052631578947368 1.0105263157894737 1.894736842105263 1.0526315789473684 1.7894736842105263 1.2421052631578948 0.9894736842105263 1.7473684210526317 1.4736842105263157 1.4736842105263157 1.6421052631578947 0.9052631578947369 1.7473684210526317 1.4526315789473685 1.9578947368421054 1.3473684210526315 1.1368421052631579 1.0526315789473684 1.431578947368421 2.0 1.6 1.2842105263157895 1.4736842105263157 1.6842105263157894 1.7894736842105263 1.831578947368421 1.2 0.9473684210526315 1.7263157894736842 1.2421052631578948 1.0315789473684212
35 23.60190394276075 1.3578947368421053 2.778947368421053 1.9263157894736842 1.3894736842105264 2.9368421052631577 2.1789473684210527 2.968421052631579 1.894736842105263 2.8421052631578947 2.305263157894737 1.7052631578947368 1.2947368421052632 2.7157894736842105 2.3684210526315788 2.557894736842105 2.8421052631578947 1.3578947368421053 2.336842105263158 2.431578947368421 2.557894736842105 1.5157894736842106 2.8421052631578947 1.5789473684210527 2.6842105263157894 1.8631578947368421 1.4842105263157894 2.6210526315789475 2.210526315789474 2.210526315789474 2.463157894736842 1.3578947368421053 2.6210526315789475 2.1789473684210527 2.9368421052631577 2.0210526315789474 1.7052631578947368 1.5789473684210527 2.1473684210526316 3.0 2.4 1.9263157894736842 2.210526315789474 2.526315789473684 2.6842105263157894 2.7473684210526317 1.8 1.4210526315789473 2.5894736842105264 1.8631578947368421 1.5473684210526315
36 109.73352995721484 0.9052631578947369 1.8526315789473684 1.2842105263157895 0.9263157894736842 1.9578947368421054 1.4526315789473685 1.9789473684210526 1.263157894736842 1.894736842105263 1.5368421052631578 1.1368421052631579 0.8631578947368421 1.8105263157894738 1.5789473684210527 1.7052631578947368 1.894736842105263 0.9052631578947369 1.5578947368421052 1.6210526315789473 1.7052631578947368 1.0105263157894737 1.894736842105263 1.0526315789473684 1.7894736842105263 1.2421052631578948 0.9894736842105263 1.7473684210526317 1.4736842105263157 1.4736842105263157 1.6421052631578947 0.9052631578947369 1.7473684210526317 1.4526315789473685 1.9578947368421054 1.3473684210526315 1.1368421052631579 1.0526315789473684 1.431578947368421 2.0 1.6 1.2842105263157895 1.4736842105263157 1.6842105263157894 1.7894736842105263 1.831578947368421 1.2 0.9473684210526315 1.7263157894736842 1.2421052631578948 1.0315789473684212
37 72.85457160342717 0.9052631578947369 1.8526315789473684 1.2842105263157895 0.9263157894736842 1.9578947368421054 1.4526315789473685 1.9789473684210526 1.263157894736842 1.894736842105263 1.5368421052631578 1.1368421052631579 0.8631578947368421 1.8105263157894738 1.5789473684210527 1.7052631578947368 1.894736842105263 0.9052631578947369 1.5578947368421052 1.6210526315789473 1.7052631578947368 1.0105263157894737 1.894736842105263 1.0526315789473684 1.7894736842105263 1.2421052631578948 0.9894736842105263 1.7473684210526317 1.4736842105263157 1.4736842105263157 1.6421052631578947 0.9052631578947369 1.7473684210526317 1.4526315789473685 1.9578947368421054 1.3473684210526315 1.1368421052631579 1.0526315789473684 1.431578947368421 2.0 1.6 1.2842105263157895 1.4736842105263157 1.6842105263157894 1.7894736842105263 1.831578947368421 1.2 0.9473684210526315 1.7263157894736842 1.2421052631578948 1.0315789473684212
38 2.671043478260842 0.9052631578947369 1.8526315789473684 1.2842105263157895 0.9263157894736842 1.9578947368421054 1.4526315789473685 1.9789473684210526 1.263157894736842 1.894736842105263 1.5368421052631578 1.1368421052631579 0.8631578947368421 1.8105263157894738 1.5789473684210527 1.7052631578947368 1.894736842105263 0.9052631578947369 1.5578947368421052 1.6210526315789473 1.7052631578947368 1.0105263157894737 1.894736842105263 1.0526315789473684 1.7894736842105263 1.2421052631578948 0.9894736842105263 1.7473684210526317 1.4736842105263157 1.4736842105263157 1.6421052631578947 0.9052631578947369 1.7473684210526317 1.4526315789473685 1.9578947368421054 1.3473684210526315 1.1368421052631579 1.0526315789473684 1.431578947368421 2.0 1.6 1.2842105263157895 1.4736842105263157 1.6842105263157894 1.7894736842105263 1.831578947368421 1.2 0.9473684210526315 1.7263157894736842 1.2421052631578948 1.0315789473684212
39 84.93889663599225 0.9052631578947369 1.8526315789473684 1.2842105263157895 0.9263157894736842 1.9578947368421054 1.4526315789473685 1.9789473684210526 1.263157894736842 1.894736842105263 1.5368421052631578 1.1368421052631579 0.8631578947368421 1.8105263157894738 1.5789473684210527 1.7052631578947368 1.894736842105263 0.9052631578947369 1.5578947368421052 1.6210526315789473 1.7052631578947368 1.0105263157894737 1.894736842105263 1.0526315789473684 1.7894736842105263 1.2421052631578948 0.9894736842105263 1.7473684210526317 1.4736842105263157 1.4736842105263157 1.6421052631578947 0.9052631578947369 1.7473684210526317 1.4526315789473685 1.9578947368421054 1.3473684210526315 1.1368421052631579 1.0526315789473684 1.431578947368421 2.0 1.6 1.2842105263157895 1.4736842105263157 1.6842105263157894 1.7894736842105263 1.831578947368421 1.2 0.9473684210526315 1.7263157894736842 1.2421052631578948 1.0315789473684212
40 80.0 1.3578947368421053 2.778947368421053 1.9263157894736842 1.3894736842105264 2.9368421052631577 2.1789473684210527 2.968421052631579 1.894736842105263 2.8421052631578947 2.305263157894737 1.7052631578947368 1.2947368421052632 2.7157894736842105 2.3684210526315788 2.557894736842105 2.8421052631578947 1.3578947368421053 2.336842105263158 2.431578947368421 2.557894736842105 1.5157894736842106 2.8421052631578947 1.5789473684210527 2.6842105263157894 1.8631578947368421 1.4842105263157894 2.6210526315789475 2.210526315789474 2.210526315789474 2.463157894736842 1.3578947368421053 2.6210526315789475 2.1789473684210527 2.9368421052631577 2.0210526315789474 1.7052631578947368 1.5789473684210527 2.1473684210526316 3.0 2.4 1.9263157894736842 2.210526315789474 2.526315789473684 2.6842105263157894 2.7473684210526317 1.8 1.4210526315789473 2.5894736842105264 1.8631578947368421 1.5473684210526315
41 63.91491909641073 0.9052631578947369 1.8526315789473684 1.2842105263157895 0.9263157894736842 1.9578947368421054 1.4526315789473685 1.9789473684210526 1.263157894736842 1.894736842105263 1.5368421052631578 1.1368421052631579 0.8631578947368421 1.8105263157894738 1.5789473684210527 1.7052631578947368 1.894736842105263 0.9052631578947369 1.5578947368421052 1.6210526315789473 1.7052631578947368 1.0105263157894737 1.894736842105263 1.0526315789473684 1.7894736842105263 1.2421052631578948 0.9894736842105263 1.7473684210526317 1.4736842105263157 1.4736842105263157 1.6421052631578947 0.9052631578947369 1.7473684210526317 1.4526315789473685 1.9578947368421054 1.3473684210526315 1.1368421052631579 1.0526315789473684 1.431578947368421 2.0 1.6 1.2842105263157895 1.4736842105263157 1.6842105263157894 1.7894736842105263 1.831578947368421 1.2 0.9473684210526315 1.7263157894736842 1.2421052631578948 1.0315789473684212
42 50.29831223750212 1.3578947368421053 2.778947368421053 1.9263157894736842 1.3894736842105264 2.9368421052631577 2.1789473684210527 2.968421052631579 1.894736842105263 2.8421052631578947 2.305263157894737 1.7052631578947368 1.2947368421052632 2.7157894736842105 2.3684210526315788 2.557894736842105 2.8421052631578947 1.3578947368421053 2.336842105263158 2.431578947368421 2.557894736842105 1.5157894736842106 2.8421052631578947 1.5789473684210527 2.6842105263157894 1.8631578947368421 1.4842105263157894 2.6210526315789475 2.210526315789474 2.210526315789474 2.463157894736842 1.3578947368421053 2.6210526315789475 2.1789473684210527 2.9368421052631577 2.0210526315789474 1.7052631578947368 1.5789473684210527 2.1473684210526316 3.0 2.4 1.9263157894736842 2.210526315789474 2.526315789473684 2.6842105263157894 2.7473684210526317 1.8 1.4210526315789473 2.5894736842105264 1.8631578947368421 1.5473684210526315
43 50.50176146527888 0.9052631578947369 1.8526315789473684 1.2842105263157895 0.9263157894736842 1.9578947368421054 1.4526315789473685 1.9789473684210526 1.263157894736842 1.894736842105263 1.5368421052631578 1.1368421052631579 0.8631578947368421 1.8105263157894738 1.5789473684210527 1.7052631578947368 1.894736842105263 0.9052631578947369 1.5578947368421052 1.6210526315789473 1.7052631578947368 1.0105263157894737 1.894736842105263 1.0526315789473684 1.7894736842105263 1.2421052631578948 0.9894736842105263 1.7473684210526317 1.4736842105263157 1.4736842105263157 1.6421052631578947 0.9052631578947369 1.7473684210526317 1.4526315789473685 1.9578947368421054 1.3473684210526315 1.1368421052631579 1.0526315789473684 1.431578947368421 2.0 1.6 1.2842105263157895 1.4736842105263157 1.6842105263157894 1.7894736842105263 1.831578947368421 1.2 0.9473684210526315 1.7263157894736842 1.2421052631578948 1.0315789473684212
44 33.611333779600024 0.9052631578947369 1.8526315789473684 1.2842105263157895 0.9263157894736842 1.9578947368421054 1.4526315789473685 1.9789473684210526 1.263157894736842 1.894736842105263 1.5368421052631578 1.1368421052631579 0.8631578947368421 1.8105263157894738 1.5789473684210527 1.7052631578947368 1.894736842105263 0.9052631578947369 1.5578947368421052 1.6210526315789473 1.7052631578947368 1.0105263157894737 1.894736842105263 1.0526315789473684 1.7894736842105263 1.2421052631578948 0.9894736842105263 1.7473684210526317 1.4736842105263157 1.4736842105263157 1.6421052631578947 0.9052631578947369 1.7473684210526317 1.4526315789473685 1.9578947368421054 1.3473684210526315 1.1368421052631579 1.0526315789473684 1.431578947368421 2.0 1.6 1.2842105263157895 1.4736842105263157 1.6842105263157894 1.7894736842105263 1.831578947368421 1.2 0.9473684210526315 1.7263157894736842 1.2421052631578948 1.0315789473684212
45 18.59443545784968 0.9052631578947369 1.8526315789473684 1.2842105263157895 0.9263157894736842 1.9578947368421054 1.4526315789473685 1.9789473684210526 1.263157894736842 1.894736842105263 1.5368421052631578 1.1368421052631579 0.8631578947368421 1.8105263157894738 1.5789473684210527 1.7052631578947368 1.894736842105263 0.9052631578947369 1.5578947368421052 1.6210526315789473 1.7052631578947368 1.0105263157894737 1.894736842105263 1.0526315789473684 1.7894736842105263 1.2421052631578948 0.9894736842105263 1.7473684210526317 1.4736842105263157 1.4736842105263157 1.6421052631578947 0.9052631578947369 1.7473684210526317 1.4526315789473685 1.9578947368421054 1.3473684210526315 1.1368421052631579 1.0526315789473684 1.431578947368421 2.0 1.6 1.2842105263157895 1.4736842105263157 1.6842105263157894 1.7894736842105263 1.831578947368421 1.2 0.9473684210526315 1.7263157894736842 1.2421052631578948 1.0315789473684212
46 20.863086210149028 1.3578947368421053 2.778947368421053 1.9263157894736842 1.3894736842105264 2.9368421052631577 2.1789473684210527 2.968421052631579 1.894736842105263 2.8421052631578947 2.305263157894737 1.7052631578947368 1.2947368421052632 2.7157894736842105 2.3684210526315788 2.557894736842105 2.8421052631578947 1.3578947368421053 2.336842105263158 2.431578947368421 2.557894736842105 1.5157894736842106 2.8421052631578947 1.5789473684210527 2.6842105263157894 1.8631578947368421 1.4842105263157894 2.6210526315789475 2.210526315789474 2.210526315789474 2.463157894736842 1.3578947368421053 2.6210526315789475 2.1789473684210527 2.9368421052631577 2.0210526315789474 1.7052631578947368 1.5789473684210527 2.1473684210526316 3.0 2.4 1.9263157894736842 2.210526315789474 2.526315789473684 2.6842105263157894 2.7473684210526317 1.8 1.4210526315789473 2.5894736842105264 1.8631578947368421 1.5473684210526315
47 61.672511327323406 0.9052631578947369 1.8526315789473684 1.2842105263157895 0.9263157894736842 1.9578947368421054 1.4526315789473685 1.9789473684210526 1.263157894736842 1.894736842105263 1.5368421052631578 1.1368421052631579 0.8631578947368421 1.8105263157894738 1.5789473684210527 1.7052631578947368 1.894736842105263 0.9052631578947369 1.5578947368421052 1.6210526315789473 1.7052631578947368 1.0105263157894737 1.894736842105263 1.0526315789473684 1.7894736842105263 1.2421052631578948 0.9894736842105263 1.7473684210526317 1.4736842105263157 1.4736842105263157 1.6421052631578947 0.9052631578947369 1.7473684210526317 1.4526315789473685 1.9578947368421054 1.3473684210526315 1.1368421052631579 1.0526315789473684 1.431578947368421 2.0 1.6 1.2842105263157895 1.4736842105263157 1.6842105263157894 1.7894736842105263 1.831578947368421 1.2 0.9473684210526315 1.7263157894736842 1.2421052631578948 1.0315789473684212
48 29.809723228448973 1.3578947368421053 2.778947368421053 1.9263157894736842 1.3894736842105264 2.9368421052631577 2.1789473684210527 2.968421052631579 1.894736842105263 2.8421052631578947 2.305263157894737 1.7052631578947368 1.2947368421052632 2.7157894736842105 2.3684210526315788 2.557894736842105 2.8421052631578947 1.3578947368421053 2.336842105263158 2.431578947368421 2.557894736842105 1.5157894736842106 2.8421052631578947 1.5789473684210527 2.6842105263157894 1.8631578947368421 1.4842105263157894 2.6210526315789475 2.210526315789474 2.210526315789474 2.463157894736842 1.3578947368421053 2.6210526315789475 2.1789473684210527 2.9368421052631577 2.0210526315789474 1.7052631578947368 1.5789473684210527 2.1473684210526316 3.0 2.4 1.9263157894736842 2.210526315789474 2.526315789473684 2.6842105263157894 2.7473684210526317 1.8 1.4210526315789473 2.5894736842105264 1.8631578947368421 1.5473684210526315
49 29.164447603128867 1.3578947368421053 2.778947368421053 1.9263157894736842 1.3894736842105264 2.9368421052631577 2.1789473684210527 2.968421052631579 1.894736842105263 2.8421052631578947 2.305263157894737 1.7052631578947368 1.2947368421052632 2.7157894736842105 2.3684210526315788 2.557894736842105 2.8421052631578947 1.3578947368421053 2.336842105263158 2.431578947368421 2.557894736842105 1.5157894736842106 2.8421052631578947 1.5789473684210527 2.6842105263157894 1.8631578947368421 1.4842105263157894 2.6210526315789475 2.210526315789474 2.210526315789474 2.463157894736842 1.3578947368421053 2.6210526315789475 2.1789473684210527 2.9368421052631577 2.0210526315789474 1.7052631578947368 1.5789473684210527 2.1473684210526316 3.0 2.4 1.9263157894736842 2.210526315789474 2.526315789473684 2.6842105263157894 2.7473684210526317 1.8 1.4210526315789473 2.5894736842105264 1.8631578947368421 1.5473684210526315
50 53.99906376748986 0.9052631578947369 1.8526315789473684 1.2842105263157895 0.9263157894736842 1.9578947368421054 1.4526315789473685 1.9789473684210526 1.263157894736842 1.894736842105263 1.5368421052631578 1.1368421052631579 0.8631578947368421 1.8105263157894738 1.5789473684210527 1.7052631578947368 1.894736842105263 0.9052631578947369 1.5578947368421052 1.6210526315789473 1.7052631578947368 1.0105263157894737 1.894736842105263 1.0526315789473684 1.7894736842105263 1.2421052631578948 0.9894736842105263 1.7473684210526317 1.4736842105263157 1.4736842105263157 1.6421052631578947 0.9052631578947369 1.7473684210526317 1.4526315789473685 1.9578947368421054 1.3473684210526315 1.1368421052631579 1.0526315789473684 1.431578947368421 2.0 1.6 1.2842105263157895 1.4736842105263157 1.6842105263157894 1.7894736842105263 1.831578947368421 1.2 0.9473684210526315 1.7263157894736842 1.2421052631578948 1.0315789473684212
51 66.17550754911181 0.9052631578947369 1.8526315789473684 1.2842105263157895 0.9263157894736842 1.9578947368421054 1.4526315789473685 1.9789473684210526 1.263157894736842 1.894736842105263 1.5368421052631578 1.1368421052631579 0.8631578947368421 1.8105263157894738 1.5789473684210527 1.7052631578947368 1.894736842105263 0.9052631578947369 1.5578947368421052 1.6210526315789473 1.7052631578947368 1.0105263157894737 1.894736842105263 1.0526315789473684 1.7894736842105263 1.2421052631578948 0.9894736842105263 1.7473684210526317 1.4736842105263157 1.4736842105263157 1.6421052631578947 0.9052631578947369 1.7473684210526317 1.4526315789473685 1.9578947368421054 1.3473684210526315 1.1368421052631579 1.0526315789473684 1.431578947368421 2.0 1.6 1.2842105263157895 1.4736842105263157 1.6842105263157894 1.7894736842105263 1.831578947368421 1.2 0.9473684210526315 1.7263157894736842 1.2421052631578948 1.0315789473684212
52 82.65308164915852 1.3578947368421053 2.778947368421053 1.9263157894736842 1.3894736842105264 2.9368421052631577 2.1789473684210527 2.968421052631579 1.894736842105263 2.8421052631578947 2.305263157894737 1.7052631578947368 1.2947368421052632 2.7157894736842105 2.3684210526315788 2.557894736842105 2.8421052631578947 1.3578947368421053 2.336842105263158 2.431578947368421 2.557894736842105 1.5157894736842106 2.8421052631578947 1.5789473684210527 2.6842105263157894 1.8631578947368421 1.4842105263157894 2.6210526315789475 2.210526315789474 2.210526315789474 2.463157894736842 1.3578947368421053 2.6210526315789475 2.1789473684210527 2.9368421052631577 2.0210526315789474 1.7052631578947368 1.5789473684210527 2.1473684210526316 3.0 2.4 1.9263157894736842 2.210526315789474 2.526315789473684 2.6842105263157894 2.7473684210526317 1.8 1.4210526315789473 2.5894736842105264 1.8631578947368421 1.5473684210526315
53 107.32553963662657 0.9052631578947369 1.8526315789473684 1.2842105263157895 0.9263157894736842 1.9578947368421054 1.4526315789473685 1.9789473684210526 1.263157894736842 1.894736842105263 1.5368421052631578 1.1368421052631579 0.8631578947368421 1.8105263157894738 1.5789473684210527 1.7052631578947368 1.894736842105263 0.9052631578947369 1.5578947368421052 1.6210526315789473 1.7052631578947368 1.0105263157894737 1.894736842105263 1.0526315789473684 1.7894736842105263 1.2421052631578948 0.9894736842105263 1.7473684210526317 1.4736842105263157 1.4736842105263157 1.6421052631578947 0.9052631578947369 1.7473684210526317 1.4526315789473685 1.9578947368421054 1.3473684210526315 1.1368421052631579 1.0526315789473684 1.431578947368421 2.0 1.6 1.2842105263157895 1.4736842105263157 1.6842105263157894 1.7894736842105263 1.831578947368421 1.2 0.9473684210526315 1.7263157894736842 1.2421052631578948 1.0315789473684212
54 103.72884035317327 0.9052631578947369 1.8526315789473684 1.2842105263157895 0.9263157894736842 1.9578947368421054 1.4526315789473685 1.9789473684210526 1.263157894736842 1.894736842105263 1.5368421052631578 1.1368421052631579 0.8631578947368421 1.8105263157894738 1.5789473684210527 1.7052631578947368 1.894736842105263 0.9052631578947369 1.5578947368421052 1.6210526315789473 1.7052631578947368 1.0105263157894737 1.894736842105263 1.0526315789473684 1.7894736842105263 1.2421052631578948 0.9894736842105263 1.7473684210526317 1.4736842105263157 1.4736842105263157 1.6421052631578947 0.9052631578947369 1.7473684210526317 1.4526315789473685 1.9578947368421054 1.3473684210526315 1.1368421052631579 1.0526315789473684 1.431578947368421 2.0 1.6 1.2842105263157895 1.4736842105263157 1.6842105263157894 1.7894736842105263 1.831578947368421 1.2 0.9473684210526315 1.7263157894736842 1.2421052631578948 1.0315789473684212
55 30.235885247005772 1.3578947368421053 2.778947368421053 1.9263157894736842 1.3894736842105264 2.9368421052631577 2.1789473684210527 2.968421052631579 1.894736842105263 2.8421052631578947 2.305263157894737 1.7052631578947368 1.2947368421052632 2.7157894736842105 2.3684210526315788 2.557894736842105 2.8421052631578947 1.3578947368421053 2.336842105263158 2.431578947368421 2.557894736842105 1.5157894736842106 2.8421052631578947 1.5789473684210527 2.6842105263157894 1.8631578947368421 1.4842105263157894 2.6210526315789475 2.210526315789474 2.210526315789474 2.463157894736842 1.3578947368421053 2.6210526315789475 2.1789473684210527 2.9368421052631577 2.0210526315789474 1.7052631578947368 1.5789473684210527 2.1473684210526316 3.0 2.4 1.9263157894736842 2.210526315789474 2.526315789473684 2.6842105263157894 2.7473684210526317 1.8 1.4210526315789473 2.5894736842105264 1.8631578947368421 1.5473684210526315
56 40.233869442969 1.3578947368421053 2.778947368421053 1.9263157894736842 1.3894736842105264 2.9368421052631577 2.1789473684210527 2.968421052631579 1.894736842105263 2.8421052631578947 2.305263157894737 1.7052631578947368 1.2947368421052632 2.7157894736842105 2.3684210526315788 2.557894736842105 2.8421052631578947 1.3578947368421053 2.336842105263158 2.431578947368421 2.557894736842105 1.5157894736842106 2.8421052631578947 1.5789473684210527 2.6842105263157894 1.8631578947368421 1.4842105263157894 2.6210526315789475 2.210526315789474 2.210526315789474 2.463157894736842 1.3578947368421053 2.6210526315789475 2.1789473684210527 2.9368421052631577 2.0210526315789474 1.7052631578947368 1.5789473684210527 2.1473684210526316 3.0 2.4 1.9263157894736842 2.210526315789474 2.526315789473684 2.6842105263157894 2.7473684210526317 1.8 1.4210526315789473 2.5894736842105264 1.8631578947368421 1.5473684210526315
57 242.89292480652296 0.9052631578947369 1.8526315789473684 1.2842105263157895 0.9263157894736842 1.9578947368421054 1.4526315789473685 1.9789473684210526 1.263157894736842 1.894736842105263 1.5368421052631578 1.1368421052631579 0.8631578947368421 1.8105263157894738 1.5789473684210527 1.7052631578947368 1.894736842105263 0.9052631578947369 1.5578947368421052 1.6210526315789473 1.7052631578947368 1.0105263157894737 1.894736842105263 1.0526315789473684 1.7894736842105263 1.2421052631578948 0.9894736842105263 1.7473684210526317 1.4736842105263157 1.4736842105263157 1.6421052631578947 0.9052631578947369 1.7473684210526317 1.4526315789473685 1.9578947368421054 1.3473684210526315 1.1368421052631579 1.0526315789473684 1.431578947368421 2.0 1.6 1.2842105263157895 1.4736842105263157 1.6842105263157894 1.7894736842105263 1.831578947368421 1.2 0.9473684210526315 1.7263157894736842 1.2421052631578948 1.0315789473684212
58 53.804564192675684 0.9052631578947369 1.8526315789473684 1.2842105263157895 0.9263157894736842 1.9578947368421054 1.4526315789473685 1.9789473684210526 1.263157894736842 1.894736842105263 1.5368421052631578 1.1368421052631579 0.8631578947368421 1.8105263157894738 1.5789473684210527 1.7052631578947368 1.894736842105263 0.9052631578947369 1.5578947368421052 1.6210526315789473 1.7052631578947368 1.0105263157894737 1.894736842105263 1.0526315789473684 1.7894736842105263 1.2421052631578948 0.9894736842105263 1.7473684210526317 1.4736842105263157 1.4736842105263157 1.6421052631578947 0.9052631578947369 1.7473684210526317 1.4526315789473685 1.9578947368421054 1.3473684210526315 1.1368421052631579 1.0526315789473684 1.431578947368421 2.0 1.6 1.2842105263157895 1.4736842105263157 1.6842105263157894 1.7894736842105263 1.831578947368421 1.2 0.9473684210526315 1.7263157894736842 1.2421052631578948 1.0315789473684212
59 179.7066397157712 0.9052631578947369 1.8526315789473684 1.2842105263157895 0.9263157894736842 1.9578947368421054 1.4526315789473685 1.9789473684210526 1.263157894736842 1.894736842105263 1.5368421052631578 1.1368421052631579 0.8631578947368421 1.8105263157894738 1.5789473684210527 1.7052631578947368 1.894736842105263 0.9052631578947369 1.5578947368421052 1.6210526315789473 1.7052631578947368 1.0105263157894737 1.894736842105263 1.0526315789473684 1.7894736842105263 1.2421052631578948 0.9894736842105263 1.7473684210526317 1.4736842105263157 1.4736842105263157 1.6421052631578947 0.9052631578947369 1.7473684210526317 1.4526315789473685 1.9578947368421054 1.3473684210526315 1.1368421052631579 1.0526315789473684 1.431578947368421 2.0 1.6 1.2842105263157895 1.4736842105263157 1.6842105263157894 1.7894736842105263 1.831578947368421 1.2 0.9473684210526315 1.7263157894736842 1.2421052631578948 1.0315789473684212
