20 10
TREE NETWORK (nID nID Weight):
11 0 58
8 0 32
5 11 47
16 5 39
12 16 50
1 5 35
2 1 38
13 0 38
7 0 53
6 7 57
3 12 59
17 11 37
18 2 59
15 17 50
10 8 41
9 1 40
4 5 43
19 10 34
14 18 46
PROGRAMS ASSIGNED TO NODES (nID pID1 pID2 ...):
0 1 2 3 4 5 6 7 8 9 10
1 1 2 3 4 5 6 9 10
2 1 2 3 5 6 7 9 10
3 1 2 3 4 6 7 8
4 2 7 8 9
5 1 4 5 6 9
6 2 3 4 5 7 8
8 2 3 4 5
9 1 2 4 8
10 2 3 4 5 6 7 8 9 10
11 7
12 1 2 3 4 5 9
13 1 3 6 7 9 10
14 3 4 5 6 10
15 1 3 6 7 8 9 10
16 2 4 7 8
17 1 2 3 4 5 6 7 8 9
18 1 3 4 5 6 7 8 9 10
19 6
SIZE OF PROGRAMS (pID SIZE):
1 58.0
2 52.0
3 93.0
4 78.0
5 93.0
6 61.0
7 45.0
8 40.0
9 44.0
10 81.0
COST TO INSTALL SERVERS AND PROGRAMS ON NODES (COST_TO_INSTALL_SERVER COST_TO_INSTALL_pID1 ...):
0 2387.0967741935483 1.2473118279569892 1.118279569892473 2.0 1.6774193548387097 2.0 1.3118279569892473 0.967741935483871 0.8602150537634409 0.946236559139785 1.7419354838709677
1 10.620391943275525 1.8709677419354838 1.6774193548387097 3.0 2.5161290322580645 3.0 1.967741935483871 1.4516129032258065 1.2903225806451613 1.4193548387096775 2.6129032258064515
2 15.058870121280142 1.8709677419354838 1.6774193548387097 3.0 2.5161290322580645 3.0 1.967741935483871 1.4516129032258065 1.2903225806451613 1.4193548387096775 2.6129032258064515
3 6.798077146776482 1.2473118279569892 1.118279569892473 2.0 1.6774193548387097 2.0 1.3118279569892473 0.967741935483871 0.8602150537634409 0.946236559139785 1.7419354838709677
4 2.136938453248676 1.8709677419354838 1.6774193548387097 3.0 2.5161290322580645 3.0 1.967741935483871 1.4516129032258065 1.2903225806451613 1.4193548387096775 2.6129032258064515
5 11.172637553438918 1.2473118279569892 1.118279569892473 2.0 1.6774193548387097 2.0 1.3118279569892473 0.967741935483871 0.8602150537634409 0.946236559139785 1.7419354838709677
6 2.903342348567707 1.2473118279569892 1.118279569892473 2.0 1.6774193548387097 2.0 1.3118279569892473 0.967741935483871 0.8602150537634409 0.946236559139785 1.7419354838709677
7 103.0 1.8709677419354838 1.6774193548387097 3.0 2.5161290322580645 3.0 1.967741935483871 1.4516129032258065 1.2903225806451613 1.4193548387096775 2.6129032258064515
8 2.288037634408603 1.2473118279569892 1.118279569892473 2.0 1.6774193548387097 2.0 1.3118279569892473 0.967741935483871 0.8602150537634409 0.946236559139785 1.7419354838709677
9 3.218631644075992 1.2473118279569892 1.118279569892473 2.0 1.6774193548387097 2.0 1.3118279569892473 0.967741935483871 0.8602150537634409 0.946236559139785 1.7419354838709677
10 22.040883982428543 1.2473118279569892 1.118279569892473 2.0 1.6774193548387097 2.0 1.3118279569892473 0.967741935483871 0.8602150537634409 0.946236559139785 1.7419354838709677
11 0.4761350996056244 1.8709677419354838 1.6774193548387097 3.0 2.5161290322580645 3.0 1.967741935483871 1.4516129032258065 1.2903225806451613 1.4193548387096775 2.6129032258064515
12 29.27212800547618 1.8709677419354838 1.6774193548387097 3.0 2.5161290322580645 3.0 1.967741935483871 1.4516129032258065 1.2903225806451613 1.4193548387096775 2.6129032258064515
13 1.4175600291050219 1.2473118279569892 1.118279569892473 2.0 1.6774193548387097 2.0 1.3118279569892473 0.967741935483871 0.8602150537634409 0.946236559139785 1.7419354838709677
14 46.395394108071834 1.2473118279569892 1.118279569892473 2.0 1.6774193548387097 2.0 1.3118279569892473 0.967741935483871 0.8602150537634409 0.946236559139785 1.7419354838709677
15 3.609199731433325 1.2473118279569892 1.118279569892473 2.0 1.6774193548387097 2.0 1.3118279569892473 0.967741935483871 0.8602150537634409 0.946236559139785 1.7419354838709677
16 7.196851202190469 1.8709677419354838 1.6774193548387097 3.0 2.5161290322580645 3.0 1.967741935483871 1.4516129032258065 1.2903225806451613 1.4193548387096775 2.6129032258064515
17 4.271172173285632 1.2473118279569892 1.118279569892473 2.0 1.6774193548387097 2.0 1.3118279569892473 0.967741935483871 0.8602150537634409 0.946236559139785 1.7419354838709677
18 37.04887576635578 1.8709677419354838 1.6774193548387097 3.0 2.5161290322580645 3.0 1.967741935483871 1.4516129032258065 1.2903225806451613 1.4193548387096775 2.6129032258064515
19 0.7752689136236715 1.2473118279569892 1.118279569892473 2.0 1.6774193548387097 2.0 1.3118279569892473 0.967741935483871 0.8602150537634409 0.946236559139785 1.7419354838709677
