20 20
TREE NETWORK (nID nID Weight):
19 0 55
5 19 50
6 0 39
17 0 53
14 6 56
11 19 37
4 0 43
3 19 33
7 6 54
13 0 35
12 4 47
2 17 35
9 7 51
10 7 44
8 17 35
15 3 54
18 7 32
16 14 48
1 0 38
PROGRAMS ASSIGNED TO NODES (nID pID1 pID2 ...):
0 1 2 3 4 5 6 7 8 9 10 11 12 13 14 15 16 17 18 19 20
1 17 1 3 19 12 13
2 1 19 3 4 7 10 11 12 14
3 2 3 4 5 7 8 9 10 11 12 13 14 15 16 17 18 19 20
4 2 19 20 6 9 10 12
5 1 3 5 6 7 8 11 13 14 16 18 19 20
6 1 2 4 6 7 8 9 10 11 12 13 14 15 17 18 19 20
7 16 17 2 19 20 4 6 12 13 14 15
8 17 1 18 19 3 4 5 8 9 13 14 15
9 1 2 4 5 6 7 8 9 10 11 12 14 15 16 18 19
10 17 18 2 4 9 10 14
11 1 2 3 4 5 6 7 8 10 11 12 13 14 15 16 17 18 19 20
12 17
13 3 6
14 3 5 6 7 8 9 11 12 14 15 16 17 20
15 2 3 4 5 7 8 10 11 12 14 15 17 18 19 20
16 1 2 3 4 5 6 7 8 9 11 12 13 14 15 16 17 18 19 20
17 1 19 20 5 6 13
18 3 5 6 7 8 9 11 12 13 14 17 18 20
19 1 3 4 5 6 7 8 9 10 11 12 13 14 15 16 17 18 19
SIZE OF PROGRAMS (pID SIZE):
1 87.0
2 44.0
3 76.0
4 96.0
5 60.0
6 78.0
7 58.0
8 44.0
9 97.0
10 48.0
11 42.0
12 65.0
13 59.0
14 40.0
15 52.0
16 41.0
17 84.0
18 96.0
19 51.0
20 59.0
COST TO INSTALL SERVERS AND PROGRAMS ON NODES (COST_TO_INSTALL_SERVER COST_TO_INSTALL_pID1 ...):
0 4949.484536082474 2.6907216494845363 1.3608247422680413 2.350515463917526 2.9690721649484537 1.8556701030927836 2.4123711340206184 1.7938144329896908 1.3608247422680413 3.0 1.4845360824742269 1.2989690721649485 2.0103092783505154 1.824742268041237 1.2371134020618557 1.6082474226804124 1.268041237113402 2.597938144329897 2.9690721649484537 1.577319587628866 1.824742268041237
1 81.0 2.6907216494845363 1.3608247422680413 2.350515463917526 2.9690721649484537 1.8556701030927836 2.4123711340206184 1.7938144329896908 1.3608247422680413 3.0 1.4845360824742269 1.2989690721649485 2.0103092783505154 1.824742268041237 1.2371134020618557 1.6082474226804124 1.268041237113402 2.597938144329897 2.9690721649484537 1.577319587628866 1.824742268041237
2 12.080086697974266 1.7938144329896908 0.9072164948453608 1.5670103092783505 1.9793814432989691 1.2371134020618557 1.6082474226804124 1.1958762886597938 0.9072164948453608 2.0 0.9896907216494846 0.865979381443299 1.3402061855670102 1.2164948453608246 0.8247422680412371 1.0721649484536082 0.845360824742268 1.731958762886598 1.9793814432989691 1.0515463917525774 1.2164948453608246
3 6.9873217251187905 2.6907216494845363 1.3608247422680413 2.350515463917526 2.9690721649484537 1.8556701030927836 2.4123711340206184 1.7938144329896908 1.3608247422680413 3.0 1.4845360824742269 1.2989690721649485 2.0103092783505154 1.824742268041237 1.2371134020618557 1.6082474226804124 1.268041237113402 2.597938144329897 2.9690721649484537 1.577319587628866 1.824742268041237
4 25.0 2.6907216494845363 1.3608247422680413 2.350515463917526 2.9690721649484537 1.8556701030927836 2.4123711340206184 1.7938144329896908 1.3608247422680413 3.0 1.4845360824742269 1.2989690721649485 2.0103092783505154 1.824742268041237 1.2371134020618557 1.6082474226804124 1.268041237113402 2.597938144329897 2.9690721649484537 1.577319587628866 1.824742268041237
5 5.755480787253985 1.7938144329896908 0.9072164948453608 1.5670103092783505 1.9793814432989691 1.2371134020618557 1.6082474226804124 1.1958762886597938 0.9072164948453608 2.0 0.9896907216494846 0.865979381443299 1.3402061855670102 1.2164948453608246 0.8247422680412371 1.0721649484536082 0.845360824742268 1.731958762886598 1.9793814432989691 1.0515463917525774 1.2164948453608246
6 4.947705902345073 1.7938144329896908 0.9072164948453608 1.5670103092783505 1.9793814432989691 1.2371134020618557 1.6082474226804124 1.1958762886597938 0.9072164948453608 2.0 0.9896907216494846 0.865979381443299 1.3402061855670102 1.2164948453608246 0.8247422680412371 1.0721649484536082 0.845360824742268 1.731958762886598 1.9793814432989691 1.0515463917525774 1.2164948453608246
7 10.620903876573989 2.6907216494845363 1.3608247422680413 2.350515463917526 2.9690721649484537 1.8556701030927836 2.4123711340206184 1.7938144329896908 1.3608247422680413 3.0 1.4845360824742269 1.2989690721649485 2.0103092783505154 1.824742268041237 1.2371134020618557 1.6082474226804124 1.268041237113402 2.597938144329897 2.9690721649484537 1.577319587628866 1.824742268041237
8 13.474922867445729 2.6907216494845363 1.3608247422680413 2.350515463917526 2.9690721649484537 1.8556701030927836 2.4123711340206184 1.7938144329896908 1.3608247422680413 3.0 1.4845360824742269 1.2989690721649485 2.0103092783505154 1.824742268041237 1.2371134020618557 1.6082474226804124 1.268041237113402 2.597938144329897 2.9690721649484537 1.577319587628866 1.824742268041237
9 13.692393031290049 1.7938144329896908 0.9072164948453608 1.5670103092783505 1.9793814432989691 1.2371134020618557 1.6082474226804124 1.1958762886597938 0.9072164948453608 2.0 0.9896907216494846 0.865979381443299 1.3402061855670102 1.2164948453608246 0.8247422680412371 1.0721649484536082 0.845360824742268 1.731958762886598 1.9793814432989691 1.0515463917525774 1.2164948453608246
10 17.25132153547103 2.6907216494845363 1.3608247422680413 2.350515463917526 2.9690721649484537 1.8556701030927836 2.4123711340206184 1.7938144329896908 1.3608247422680413 3.0 1.4845360824742269 1.2989690721649485 2.0103092783505154 1.824742268041237 1.2371134020618557 1.6082474226804124 1.268041237113402 2.597938144329897 2.9690721649484537 1.577319587628866 1.824742268041237
11 24.66405937333773 1.7938144329896908 0.9072164948453608 1.5670103092783505 1.9793814432989691 1.2371134020618557 1.6082474226804124 1.1958762886597938 0.9072164948453608 2.0 0.9896907216494846 0.865979381443299 1.3402061855670102 1.2164948453608246 0.8247422680412371 1.0721649484536082 0.845360824742268 1.731958762886598 1.9793814432989691 1.0515463917525774 1.2164948453608246
12 0.4017527303519233 1.7938144329896908 0.9072164948453608 1.5670103092783505 1.9793814432989691 1.2371134020618557 1.6082474226804124 1.1958762886597938 0.9072164948453608 2.0 0.9896907216494846 0.865979381443299 1.3402061855670102 1.2164948453608246 0.8247422680412371 1.0721649484536082 0.845360824742268 1.731958762886598 1.9793814432989691 1.0515463917525774 1.2164948453608246
13 1.3940893470790376 2.6907216494845363 1.3608247422680413 2.350515463917526 2.9690721649484537 1.8556701030927836 2.4123711340206184 1.7938144329896908 1.3608247422680413 3.0 1.4845360824742269 1.2989690721649485 2.0103092783505154 1.824742268041237 1.2371134020618557 1.6082474226804124 1.268041237113402 2.597938144329897 2.9690721649484537 1.577319587628866 1.824742268041237
14 9.269363883539151 2.6907216494845363 1.3608247422680413 2.350515463917526 2.9690721649484537 1.8556701030927836 2.4123711340206184 1.7938144329896908 1.3608247422680413 3.0 1.4845360824742269 1.2989690721649485 2.0103092783505154 1.824742268041237 1.2371134020618557 1.6082474226804124 1.268041237113402 2.597938144329897 2.9690721649484537 1.577319587628866 1.824742268041237
15 6.6018223471831705 2.6907216494845363 1.3608247422680413 2.350515463917526 2.9690721649484537 1.8556701030927836 2.4123711340206184 1.7938144329896908 1.3608247422680413 3.0 1.4845360824742269 1.2989690721649485 2.0103092783505154 1.824742268041237 1.2371134020618557 1.6082474226804124 1.268041237113402 2.597938144329897 2.9690721649484537 1.577319587628866 1.824742268041237
16 26.861604782674384 1.7938144329896908 0.9072164948453608 1.5670103092783505 1.9793814432989691 1.2371134020618557 1.6082474226804124 1.1958762886597938 0.9072164948453608 2.0 0.9896907216494846 0.865979381443299 1.3402061855670102 1.2164948453608246 0.8247422680412371 1.0721649484536082 0.845360824742268 1.731958762886598 1.9793814432989691 1.0515463917525774 1.2164948453608246
17 5.281561031542093 1.7938144329896908 0.9072164948453608 1.5670103092783505 1.9793814432989691 1.2371134020618557 1.6082474226804124 1.1958762886597938 0.9072164948453608 2.0 0.9896907216494846 0.865979381443299 1.3402061855670102 1.2164948453608246 0.8247422680412371 1.0721649484536082 0.845360824742268 1.731958762886598 1.9793814432989691 1.0515463917525774 1.2164948453608246
18 29.549562264768458 1.7938144329896908 0.9072164948453608 1.5670103092783505 1.9793814432989691 1.2371134020618557 1.6082474226804124 1.1958762886597938 0.9072164948453608 2.0 0.9896907216494846 0.865979381443299 1.3402061855670102 1.2164948453608246 0.8247422680412371 1.0721649484536082 0.845360824742268 1.731958762886598 1.9793814432989691 1.0515463917525774 1.2164948453608246
19 14.41191413397599 1.7938144329896908 0.9072164948453608 1.5670103092783505 1.9793814432989691 1.2371134020618557 1.6082474226804124 1.1958762886597938 0.9072164948453608 2.0 0.9896907216494846 0.865979381443299 1.3402061855670102 1.2164948453608246 0.8247422680412371 1.0721649484536082 0.845360824742268 1.731958762886598 1.9793814432989691 1.0515463917525774 1.2164948453608246
