Invalid parameter to SETLOCAL command
Type1
65.0
70.0
60.0
75.0
70.0
70.0
72.5
82.5
77.5
60.0
66.66666666666666
78.33333333333333
76.66666666666667
78.33333333333333
73.33333333333333
78.75
73.75
78.75
81.25
70.0
75.0
74.0
79.0
74.0
81.0
Type1_Large
78.5
78.5
80.0
76.5
74.0
80.0
80.0
79.0
79.5
82.5
78.16666666666666
79.66666666666666
81.0
82.16666666666667
76.5
79.125
80.0
78.5
79.125
79.5
78.9
80.30000000000001
80.10000000000001
78.3
79.60000000000001
Type2
30.0
60.0
60.0
90.0
60.0
63.33333333333333
70.0
66.66666666666666
66.66666666666666
46.666666666666664
60.0
52.0
66.0
74.0
64.0
74.28571428571429
68.57142857142857
77.14285714285715
74.28571428571429
74.28571428571429
66.66666666666666
71.11111111111111
70.0
57.77777777777777
55.55555555555556
Type2_Large
72.0
70.0
67.0
68.0
72.0
67.33333333333333
66.66666666666666
71.66666666666667
71.0
67.33333333333333
69.19999999999999
70.0
69.8
69.19999999999999
70.39999999999999
71.71428571428572
71.71428571428572
71.57142857142857
66.85714285714286
70.71428571428572
73.11111111111111
69.11111111111111
67.44444444444444
68.55555555555556
71.11111111111111
Type3
50.0
80.0
80.0
60.0
60.0
60.0
70.0
30.0
80.0
75.0
70.0
75.0
70.0
85.0
30.0
60.0
76.66666666666667
80.0
76.66666666666667
83.33333333333334
76.66666666666667
75.0
77.5
82.5
85.0
80.0
85.0
80.0
57.99999999999999
57.99999999999999
78.0
84.0
74.0
88.0
84.0
Type4
62.0
62.0
86.0
83.0
87.0
86.0
86.0
61.0
80.0
89.0
86.0
90.0
92.0
89.5
66.66666666666666
80.66666666666666
84.33333333333334
88.66666666666667
90.0
90.33333333333333
94.33333333333334
62.5
80.25
85.25
89.5
90.5
89.25
91.5
68.2
79.2
83.2
90.60000000000001
89.2
88.4
92.0
Press any key to continue . . .




































































































































































































































































































































































